0.001000 0.001000 0.001000 0.001000 0.001000 0.001000 0.001000 0.001000 0.001000 0.001000 
0.001000 0.013828 0.024991 0.033149 0.037433 0.037433 0.033149 0.024991 0.013828 0.001000 
0.001000 0.028531 0.052379 0.069699 0.078750 0.078750 0.069699 0.052379 0.028531 0.001000 
0.001000 0.047308 0.087031 0.115511 0.130246 0.130246 0.115511 0.087031 0.047308 0.001000 
0.001000 0.073199 0.133919 0.176411 0.197999 0.197999 0.176411 0.133919 0.073199 0.001000 
0.001000 0.111174 0.200169 0.259741 0.289079 0.289079 0.259741 0.200169 0.111174 0.001000 
0.001000 0.170933 0.296978 0.374836 0.411239 0.411239 0.374836 0.296978 0.170933 0.001000 
0.001000 0.275111 0.442978 0.532737 0.571337 0.571337 0.532737 0.442978 0.275111 0.001000 
0.001000 0.485932 0.667829 0.742802 0.771177 0.771177 0.742802 0.667829 0.485932 0.001000 
1.000000 1.000000 1.000000 1.000000 1.000000 1.000000 1.000000 1.000000 1.000000 1.000000 
