ChplVdebug: ver 1.2 nodes 16 nid 2 tid 2 seq 56097699490.000 1496270097.702460 0.324000 0.144000 
Etask: 1496270097.703772 2 2
task: 1496270097.726091 2 3 4 O 0 -5 158
Btask: 1496270097.726644 2 3
VdbMark: 1496270097.727073 2 3
task: 1496270097.727093 2 5 3 L 98 52 157
Btask: 1496270097.727154 2 5
fork: 1496270097.727580 2 3 -2 158 0x7fc992800dd0 168 5 
Etask: 1496270097.728748 2 5
Tag: 1496270097.728750 0.348000 0.176000 2 3 0
Etask: 1496270097.728800 2 3
task: 1496270097.751051 2 6 1 O 0 -5 123
Btask: 1496270097.751579 2 6
get: 1496270097.752014 2 0 6 0x7fc979800c50 0x7f5592184348 1 -1 16 451 53
get: 1496270097.752144 2 0 6 0x7fc979800c60 0x7f55921113e0 1 -1 16 451 53
get: 1496270097.752246 2 0 6 0x7fc979800b08 0x7f55921104e0 1 -1 8 492 26
get: 1496270097.752368 2 0 6 0x7fc979800b10 0x7f55921104d8 1 -1 8 492 26
get: 1496270097.752467 2 0 6 0x7fc979800c90 0x7f5592111428 1 -1 16 451 53
put: 1496270097.752599 2 0 6 0x7fc979800cb0 0x7f5592051420 1 -1 16 451 53
f_executeOn: 1496270097.752729 2 0 -2 18 0x7fc979800df0 112 6
Etask: 1496270097.752855 2 6
task: 1496270097.755035 2 7 1 O 0 -5 33
Btask: 1496270097.755539 2 7
get: 1496270097.756052 2 0 7 0x7fc9747fff30 0x7f5592184348 1 -1 16 1295 53
get: 1496270097.756139 2 0 7 0x7fc9747ffe30 0x7f5592184328 1 -1 16 1294 53
get: 1496270097.756197 2 0 7 0x7fc9747ffe50 0x7f5592111340 1 -1 16 1294 53
get: 1496270097.756311 2 0 7 0x7fc9747ff9a8 0x7f55921104e0 1 -1 8 492 26
get: 1496270097.756412 2 0 7 0x7fc9747ff9b0 0x7f55921104d8 1 -1 8 492 26
get: 1496270097.756513 2 0 7 0x7fc9747ffe80 0x7f5592111388 1 -1 16 1294 53
get: 1496270097.756591 2 0 7 0x7fc9747ffe40 0x7f5592051300 1 -1 16 1294 53
get: 1496270097.756727 2 0 7 0x7fc9747fff50 0x7f55921113e0 1 -1 16 1295 53
get: 1496270097.756806 2 0 7 0x7fc9747ff9a8 0x7f55921104e0 1 -1 8 492 26
get: 1496270097.756960 2 0 7 0x7fc9747ff9b0 0x7f55921104d8 1 -1 8 492 26
get: 1496270097.757030 2 0 7 0x7fc9747fff80 0x7f5592111428 1 -1 16 1295 53
get: 1496270097.757123 2 0 7 0x7fc9747fff40 0x7f5592051400 1 -1 16 1295 53
get: 1496270097.757222 2 0 7 0x7fc9747ffe50 0x7f5592111340 1 -1 16 1294 53
get: 1496270097.757282 2 0 7 0x7fc9747ff9a8 0x7f55921104e0 1 -1 8 492 26
get: 1496270097.757407 2 0 7 0x7fc9747ff9b0 0x7f55921104d8 1 -1 8 492 26
get: 1496270097.757489 2 0 7 0x7fc9747ffe80 0x7f5592111388 1 -1 16 1294 53
get: 1496270097.757579 2 0 7 0x7fc9747ffe40 0x7f5592051310 1 -1 16 1294 53
get: 1496270097.757728 2 0 7 0x7fc9747fff50 0x7f55921113e0 1 -1 16 1295 53
get: 1496270097.757828 2 0 7 0x7fc9747ff9a8 0x7f55921104e0 1 -1 8 492 26
get: 1496270097.757894 2 0 7 0x7fc9747ff9b0 0x7f55921104d8 1 -1 8 492 26
get: 1496270097.758002 2 0 7 0x7fc9747fff80 0x7f5592111428 1 -1 16 1295 53
get: 1496270097.758092 2 0 7 0x7fc9747fff40 0x7f5592051410 1 -1 16 1295 53
get: 1496270097.758187 2 0 7 0x7fc9747ffe50 0x7f5592111340 1 -1 16 1294 53
get: 1496270097.758274 2 0 7 0x7fc9747ff9a8 0x7f55921104e0 1 -1 8 492 26
get: 1496270097.758333 2 0 7 0x7fc9747ff9b0 0x7f55921104d8 1 -1 8 492 26
get: 1496270097.758379 2 0 7 0x7fc9747ffe80 0x7f5592111388 1 -1 16 1294 53
get: 1496270097.758444 2 0 7 0x7fc9747ffe40 0x7f5592051320 1 -1 16 1294 53
get: 1496270097.758527 2 0 7 0x7fc9747fff50 0x7f55921113e0 1 -1 16 1295 53
get: 1496270097.758602 2 0 7 0x7fc9747ff9a8 0x7f55921104e0 1 -1 8 492 26
get: 1496270097.758697 2 0 7 0x7fc9747ff9b0 0x7f55921104d8 1 -1 8 492 26
get: 1496270097.758790 2 0 7 0x7fc9747fff80 0x7f5592111428 1 -1 16 1295 53
get: 1496270097.758962 2 0 7 0x7fc9747fff40 0x7f5592051420 1 -1 16 1295 53
get: 1496270097.759019 2 0 7 0x7fc9747ffe50 0x7f5592111340 1 -1 16 1294 53
get: 1496270097.759086 2 0 7 0x7fc9747ff9a8 0x7f55921104e0 1 -1 8 492 26
get: 1496270097.759172 2 0 7 0x7fc9747ff9b0 0x7f55921104d8 1 -1 8 492 26
get: 1496270097.759241 2 0 7 0x7fc9747ffe80 0x7f5592111388 1 -1 16 1294 53
get: 1496270097.759323 2 0 7 0x7fc9747ffe40 0x7f5592051330 1 -1 16 1294 53
get: 1496270097.759432 2 0 7 0x7fc9747fff50 0x7f55921113e0 1 -1 16 1295 53
get: 1496270097.759551 2 0 7 0x7fc9747ff9a8 0x7f55921104e0 1 -1 8 492 26
get: 1496270097.759624 2 0 7 0x7fc9747ff9b0 0x7f55921104d8 1 -1 8 492 26
get: 1496270097.759701 2 0 7 0x7fc9747fff80 0x7f5592111428 1 -1 16 1295 53
get: 1496270097.759771 2 0 7 0x7fc9747fff40 0x7f5592051430 1 -1 16 1295 53
get: 1496270097.759845 2 0 7 0x7fc9747ffe50 0x7f5592111340 1 -1 16 1294 53
get: 1496270097.759953 2 0 7 0x7fc9747ff9a8 0x7f55921104e0 1 -1 8 492 26
get: 1496270097.760018 2 0 7 0x7fc9747ff9b0 0x7f55921104d8 1 -1 8 492 26
get: 1496270097.760068 2 0 7 0x7fc9747ffe80 0x7f5592111388 1 -1 16 1294 53
get: 1496270097.760169 2 0 7 0x7fc9747ffe40 0x7f5592051340 1 -1 16 1294 53
get: 1496270097.760342 2 0 7 0x7fc9747fff50 0x7f55921113e0 1 -1 16 1295 53
get: 1496270097.760421 2 0 7 0x7fc9747ff9a8 0x7f55921104e0 1 -1 8 492 26
get: 1496270097.760511 2 0 7 0x7fc9747ff9b0 0x7f55921104d8 1 -1 8 492 26
get: 1496270097.760627 2 0 7 0x7fc9747fff80 0x7f5592111428 1 -1 16 1295 53
get: 1496270097.760722 2 0 7 0x7fc9747fff40 0x7f5592051440 1 -1 16 1295 53
get: 1496270097.760802 2 0 7 0x7fc9747ffe50 0x7f5592111340 1 -1 16 1294 53
get: 1496270097.760914 2 0 7 0x7fc9747ff9a8 0x7f55921104e0 1 -1 8 492 26
get: 1496270097.761016 2 0 7 0x7fc9747ff9b0 0x7f55921104d8 1 -1 8 492 26
get: 1496270097.761090 2 0 7 0x7fc9747ffe80 0x7f5592111388 1 -1 16 1294 53
get: 1496270097.761166 2 0 7 0x7fc9747ffe40 0x7f5592051350 1 -1 16 1294 53
get: 1496270097.761238 2 0 7 0x7fc9747fff50 0x7f55921113e0 1 -1 16 1295 53
get: 1496270097.761301 2 0 7 0x7fc9747ff9a8 0x7f55921104e0 1 -1 8 492 26
get: 1496270097.761469 2 0 7 0x7fc9747ff9b0 0x7f55921104d8 1 -1 8 492 26
get: 1496270097.761582 2 0 7 0x7fc9747fff80 0x7f5592111428 1 -1 16 1295 53
get: 1496270097.761643 2 0 7 0x7fc9747fff40 0x7f5592051450 1 -1 16 1295 53
get: 1496270097.761704 2 0 7 0x7fc9747ffe50 0x7f5592111340 1 -1 16 1294 53
get: 1496270097.761788 2 0 7 0x7fc9747ff9a8 0x7f55921104e0 1 -1 8 492 26
get: 1496270097.761861 2 0 7 0x7fc9747ff9b0 0x7f55921104d8 1 -1 8 492 26
get: 1496270097.761931 2 0 7 0x7fc9747ffe80 0x7f5592111388 1 -1 16 1294 53
get: 1496270097.762040 2 0 7 0x7fc9747ffe40 0x7f5592051360 1 -1 16 1294 53
get: 1496270097.762135 2 0 7 0x7fc9747fff50 0x7f55921113e0 1 -1 16 1295 53
get: 1496270097.762199 2 0 7 0x7fc9747ff9a8 0x7f55921104e0 1 -1 8 492 26
get: 1496270097.762330 2 0 7 0x7fc9747ff9b0 0x7f55921104d8 1 -1 8 492 26
get: 1496270097.762387 2 0 7 0x7fc9747fff80 0x7f5592111428 1 -1 16 1295 53
get: 1496270097.762500 2 0 7 0x7fc9747fff40 0x7f5592051460 1 -1 16 1295 53
get: 1496270097.762573 2 0 7 0x7fc9747ffe50 0x7f5592111340 1 -1 16 1294 53
get: 1496270097.762696 2 0 7 0x7fc9747ff9a8 0x7f55921104e0 1 -1 8 492 26
get: 1496270097.762774 2 0 7 0x7fc9747ff9b0 0x7f55921104d8 1 -1 8 492 26
get: 1496270097.762822 2 0 7 0x7fc9747ffe80 0x7f5592111388 1 -1 16 1294 53
get: 1496270097.762870 2 0 7 0x7fc9747ffe40 0x7f5592051370 1 -1 16 1294 53
get: 1496270097.762937 2 0 7 0x7fc9747fff50 0x7f55921113e0 1 -1 16 1295 53
get: 1496270097.762988 2 0 7 0x7fc9747ff9a8 0x7f55921104e0 1 -1 8 492 26
get: 1496270097.763086 2 0 7 0x7fc9747ff9b0 0x7f55921104d8 1 -1 8 492 26
get: 1496270097.763200 2 0 7 0x7fc9747fff80 0x7f5592111428 1 -1 16 1295 53
get: 1496270097.763260 2 0 7 0x7fc9747fff40 0x7f5592051470 1 -1 16 1295 53
get: 1496270097.763315 2 0 7 0x7fc9747ffe50 0x7f5592111340 1 -1 16 1294 53
get: 1496270097.763387 2 0 7 0x7fc9747ff9a8 0x7f55921104e0 1 -1 8 492 26
get: 1496270097.763459 2 0 7 0x7fc9747ff9b0 0x7f55921104d8 1 -1 8 492 26
get: 1496270097.763506 2 0 7 0x7fc9747ffe80 0x7f5592111388 1 -1 16 1294 53
get: 1496270097.763590 2 0 7 0x7fc9747ffe40 0x7f5592051380 1 -1 16 1294 53
get: 1496270097.763655 2 0 7 0x7fc9747fff50 0x7f55921113e0 1 -1 16 1295 53
get: 1496270097.763740 2 0 7 0x7fc9747ff9a8 0x7f55921104e0 1 -1 8 492 26
get: 1496270097.763804 2 0 7 0x7fc9747ff9b0 0x7f55921104d8 1 -1 8 492 26
get: 1496270097.763971 2 0 7 0x7fc9747fff80 0x7f5592111428 1 -1 16 1295 53
get: 1496270097.764047 2 0 7 0x7fc9747fff40 0x7f5592051480 1 -1 16 1295 53
get: 1496270097.764123 2 0 7 0x7fc9747ffe50 0x7f5592111340 1 -1 16 1294 53
get: 1496270097.764193 2 0 7 0x7fc9747ff9a8 0x7f55921104e0 1 -1 8 492 26
get: 1496270097.764270 2 0 7 0x7fc9747ff9b0 0x7f55921104d8 1 -1 8 492 26
get: 1496270097.764320 2 0 7 0x7fc9747ffe80 0x7f5592111388 1 -1 16 1294 53
get: 1496270097.764445 2 0 7 0x7fc9747ffe40 0x7f5592051390 1 -1 16 1294 53
get: 1496270097.764564 2 0 7 0x7fc9747fff50 0x7f55921113e0 1 -1 16 1295 53
get: 1496270097.764635 2 0 7 0x7fc9747ff9a8 0x7f55921104e0 1 -1 8 492 26
get: 1496270097.764728 2 0 7 0x7fc9747ff9b0 0x7f55921104d8 1 -1 8 492 26
get: 1496270097.764801 2 0 7 0x7fc9747fff80 0x7f5592111428 1 -1 16 1295 53
get: 1496270097.764918 2 0 7 0x7fc9747fff40 0x7f5592051490 1 -1 16 1295 53
get: 1496270097.764983 2 0 7 0x7fc9747ffe50 0x7f5592111340 1 -1 16 1294 53
get: 1496270097.765094 2 0 7 0x7fc9747ff9a8 0x7f55921104e0 1 -1 8 492 26
get: 1496270097.765205 2 0 7 0x7fc9747ff9b0 0x7f55921104d8 1 -1 8 492 26
get: 1496270097.765285 2 0 7 0x7fc9747ffe80 0x7f5592111388 1 -1 16 1294 53
get: 1496270097.765398 2 0 7 0x7fc9747ffe40 0x7f55920513a0 1 -1 16 1294 53
get: 1496270097.765473 2 0 7 0x7fc9747fff50 0x7f55921113e0 1 -1 16 1295 53
get: 1496270097.765588 2 0 7 0x7fc9747ff9a8 0x7f55921104e0 1 -1 8 492 26
get: 1496270097.765700 2 0 7 0x7fc9747ff9b0 0x7f55921104d8 1 -1 8 492 26
get: 1496270097.765761 2 0 7 0x7fc9747fff80 0x7f5592111428 1 -1 16 1295 53
get: 1496270097.765816 2 0 7 0x7fc9747fff40 0x7f55920514a0 1 -1 16 1295 53
get: 1496270097.765881 2 0 7 0x7fc9747ffe50 0x7f5592111340 1 -1 16 1294 53
get: 1496270097.765969 2 0 7 0x7fc9747ff9a8 0x7f55921104e0 1 -1 8 492 26
get: 1496270097.766072 2 0 7 0x7fc9747ff9b0 0x7f55921104d8 1 -1 8 492 26
get: 1496270097.766126 2 0 7 0x7fc9747ffe80 0x7f5592111388 1 -1 16 1294 53
get: 1496270097.766192 2 0 7 0x7fc9747ffe40 0x7f55920513b0 1 -1 16 1294 53
get: 1496270097.766274 2 0 7 0x7fc9747fff50 0x7f55921113e0 1 -1 16 1295 53
get: 1496270097.766408 2 0 7 0x7fc9747ff9a8 0x7f55921104e0 1 -1 8 492 26
get: 1496270097.766479 2 0 7 0x7fc9747ff9b0 0x7f55921104d8 1 -1 8 492 26
get: 1496270097.766623 2 0 7 0x7fc9747fff80 0x7f5592111428 1 -1 16 1295 53
get: 1496270097.766684 2 0 7 0x7fc9747fff40 0x7f55920514b0 1 -1 16 1295 53
get: 1496270097.766732 2 0 7 0x7fc9747ffe50 0x7f5592111340 1 -1 16 1294 53
get: 1496270097.766808 2 0 7 0x7fc9747ff9a8 0x7f55921104e0 1 -1 8 492 26
get: 1496270097.766908 2 0 7 0x7fc9747ff9b0 0x7f55921104d8 1 -1 8 492 26
get: 1496270097.767057 2 0 7 0x7fc9747ffe80 0x7f5592111388 1 -1 16 1294 53
get: 1496270097.767111 2 0 7 0x7fc9747ffe40 0x7f55920513c0 1 -1 16 1294 53
get: 1496270097.767191 2 0 7 0x7fc9747fff50 0x7f55921113e0 1 -1 16 1295 53
get: 1496270097.767272 2 0 7 0x7fc9747ff9a8 0x7f55921104e0 1 -1 8 492 26
get: 1496270097.767385 2 0 7 0x7fc9747ff9b0 0x7f55921104d8 1 -1 8 492 26
get: 1496270097.767469 2 0 7 0x7fc9747fff80 0x7f5592111428 1 -1 16 1295 53
get: 1496270097.767569 2 0 7 0x7fc9747fff40 0x7f55920514c0 1 -1 16 1295 53
get: 1496270097.767689 2 0 7 0x7fc9747ffe50 0x7f5592111340 1 -1 16 1294 53
get: 1496270097.767791 2 0 7 0x7fc9747ff9a8 0x7f55921104e0 1 -1 8 492 26
get: 1496270097.767868 2 0 7 0x7fc9747ff9b0 0x7f55921104d8 1 -1 8 492 26
get: 1496270097.767984 2 0 7 0x7fc9747ffe80 0x7f5592111388 1 -1 16 1294 53
get: 1496270097.768050 2 0 7 0x7fc9747ffe40 0x7f55920513d0 1 -1 16 1294 53
get: 1496270097.768101 2 0 7 0x7fc9747fff50 0x7f55921113e0 1 -1 16 1295 53
get: 1496270097.768154 2 0 7 0x7fc9747ff9a8 0x7f55921104e0 1 -1 8 492 26
get: 1496270097.768223 2 0 7 0x7fc9747ff9b0 0x7f55921104d8 1 -1 8 492 26
get: 1496270097.768317 2 0 7 0x7fc9747fff80 0x7f5592111428 1 -1 16 1295 53
get: 1496270097.768484 2 0 7 0x7fc9747fff40 0x7f55920514d0 1 -1 16 1295 53
get: 1496270097.768561 2 0 7 0x7fc9747ffe50 0x7f5592111340 1 -1 16 1294 53
get: 1496270097.768681 2 0 7 0x7fc9747ff9a8 0x7f55921104e0 1 -1 8 492 26
get: 1496270097.768750 2 0 7 0x7fc9747ff9b0 0x7f55921104d8 1 -1 8 492 26
get: 1496270097.768833 2 0 7 0x7fc9747ffe80 0x7f5592111388 1 -1 16 1294 53
get: 1496270097.768908 2 0 7 0x7fc9747ffe40 0x7f55920513e0 1 -1 16 1294 53
get: 1496270097.769017 2 0 7 0x7fc9747fff50 0x7f55921113e0 1 -1 16 1295 53
get: 1496270097.769093 2 0 7 0x7fc9747ff9a8 0x7f55921104e0 1 -1 8 492 26
get: 1496270097.769144 2 0 7 0x7fc9747ff9b0 0x7f55921104d8 1 -1 8 492 26
get: 1496270097.769309 2 0 7 0x7fc9747fff80 0x7f5592111428 1 -1 16 1295 53
get: 1496270097.769408 2 0 7 0x7fc9747fff40 0x7f55920514e0 1 -1 16 1295 53
get: 1496270097.769490 2 0 7 0x7fc9747ffe50 0x7f5592111340 1 -1 16 1294 53
get: 1496270097.769621 2 0 7 0x7fc9747ff9a8 0x7f55921104e0 1 -1 8 492 26
get: 1496270097.769687 2 0 7 0x7fc9747ff9b0 0x7f55921104d8 1 -1 8 492 26
get: 1496270097.769734 2 0 7 0x7fc9747ffe80 0x7f5592111388 1 -1 16 1294 53
get: 1496270097.769792 2 0 7 0x7fc9747ffe40 0x7f55920513f0 1 -1 16 1294 53
get: 1496270097.769880 2 0 7 0x7fc9747fff50 0x7f55921113e0 1 -1 16 1295 53
get: 1496270097.769932 2 0 7 0x7fc9747ff9a8 0x7f55921104e0 1 -1 8 492 26
get: 1496270097.769979 2 0 7 0x7fc9747ff9b0 0x7f55921104d8 1 -1 8 492 26
get: 1496270097.770090 2 0 7 0x7fc9747fff80 0x7f5592111428 1 -1 16 1295 53
get: 1496270097.770189 2 0 7 0x7fc9747fff40 0x7f55920514f0 1 -1 16 1295 53
task: 1496270097.770294 2 8 7 L 215 28 23
task: 1496270097.770305 2 9 7 L 218 28 30
Btask: 1496270097.770376 2 8
Btask: 1496270097.770396 2 9
fork: 1496270097.770397 2 5 -2 27 0x7fc992800dc0 216 8 
fork: 1496270097.770411 2 6 -2 33 0x7fc993003dc0 216 9 
Etask: 1496270097.827444 2 8
Etask: 1496270097.896449 2 9
Etask: 1496270097.896468 2 7
task: 1496270097.896722 2 10 4 O 0 -5 125
Btask: 1496270097.897475 2 10
get: 1496270097.897903 2 0 10 0x7fc967800b50 0x7f55921114c0 1 -1 16 933 53
get: 1496270097.898031 2 0 10 0x7fc967800b60 0x7f5592111520 1 -1 16 933 53
get: 1496270097.898150 2 0 10 0x7fc9678009c8 0x7f55921104e0 1 -1 8 492 26
get: 1496270097.898231 2 0 10 0x7fc9678009d0 0x7f55921104d8 1 -1 8 492 26
get: 1496270097.898313 2 0 10 0x7fc967800b90 0x7f5592111568 1 -1 16 933 53
get: 1496270097.898482 2 0 10 0x7fc967800be0 0x7f55921114a8 1 -1 16 934 53
get: 1496270097.898539 2 0 10 0x7fc967800770 0x7f5592184348 1 -1 16 588 53
get: 1496270097.898630 2 0 10 0x7fc967800790 0x7f55921113e0 1 -1 16 588 53
get: 1496270097.898755 2 0 10 0x7fc967800628 0x7f55921104e0 1 -1 8 492 26
get: 1496270097.898826 2 0 10 0x7fc967800630 0x7f55921104d8 1 -1 8 492 26
get: 1496270097.898893 2 0 10 0x7fc9678007c0 0x7f5592111428 1 -1 16 588 53
get: 1496270097.898967 2 0 10 0x7fc967800780 0x7f5592051420 1 -1 16 588 53
get: 1496270097.899039 2 0 10 0x7fc967800640 0x7f55921114e0 1 -1 16 1609 28
get: 1496270097.899164 2 0 10 0x7fc9678005b0 0x7f5592110558 1 -1 32 145 26
put: 1496270097.899254 2 0 10 0x7fc967800c20 0x7f5592051520 1 -1 16 933 53
f_executeOn: 1496270097.899316 2 0 -2 18 0x7fc967800e70 112 10
Etask: 1496270097.899414 2 10
task: 1496270097.910468 2 11 4 O 0 -5 34
Btask: 1496270097.910974 2 11
get: 1496270097.911449 2 0 11 0x7fc962800400 0x7f55921114c0 1 -1 16 1332 53
get: 1496270097.911545 2 0 11 0x7fc962800420 0x7f5592111520 1 -1 16 1332 53
get: 1496270097.911652 2 0 11 0x7fc962800048 0x7f55921104e0 1 -1 8 492 26
get: 1496270097.911766 2 0 11 0x7fc962800050 0x7f55921104d8 1 -1 8 492 26
get: 1496270097.911836 2 0 11 0x7fc962800450 0x7f5592111568 1 -1 16 1332 53
get: 1496270097.911960 2 0 11 0x7fc962800410 0x7f5592051500 1 -1 16 1332 53
get: 1496270097.912028 2 0 11 0x7fc962800420 0x7f5592111520 1 -1 16 1332 53
get: 1496270097.912092 2 0 11 0x7fc962800048 0x7f55921104e0 1 -1 8 492 26
get: 1496270097.912243 2 0 11 0x7fc962800050 0x7f55921104d8 1 -1 8 492 26
get: 1496270097.912292 2 0 11 0x7fc962800450 0x7f5592111568 1 -1 16 1332 53
get: 1496270097.912356 2 0 11 0x7fc962800410 0x7f5592051510 1 -1 16 1332 53
get: 1496270097.912447 2 0 11 0x7fc962800420 0x7f5592111520 1 -1 16 1332 53
get: 1496270097.912533 2 0 11 0x7fc962800048 0x7f55921104e0 1 -1 8 492 26
get: 1496270097.912605 2 0 11 0x7fc962800050 0x7f55921104d8 1 -1 8 492 26
get: 1496270097.912732 2 0 11 0x7fc962800450 0x7f5592111568 1 -1 16 1332 53
get: 1496270097.912790 2 0 11 0x7fc962800410 0x7f5592051520 1 -1 16 1332 53
get: 1496270097.912855 2 0 11 0x7fc962800420 0x7f5592111520 1 -1 16 1332 53
get: 1496270097.912981 2 0 11 0x7fc962800048 0x7f55921104e0 1 -1 8 492 26
get: 1496270097.913052 2 0 11 0x7fc962800050 0x7f55921104d8 1 -1 8 492 26
get: 1496270097.913195 2 0 11 0x7fc962800450 0x7f5592111568 1 -1 16 1332 53
get: 1496270097.913264 2 0 11 0x7fc962800410 0x7f5592051530 1 -1 16 1332 53
get: 1496270097.913400 2 0 11 0x7fc962800420 0x7f5592111520 1 -1 16 1332 53
get: 1496270097.913481 2 0 11 0x7fc962800048 0x7f55921104e0 1 -1 8 492 26
get: 1496270097.913546 2 0 11 0x7fc962800050 0x7f55921104d8 1 -1 8 492 26
get: 1496270097.913631 2 0 11 0x7fc962800450 0x7f5592111568 1 -1 16 1332 53
get: 1496270097.913691 2 0 11 0x7fc962800410 0x7f5592051540 1 -1 16 1332 53
get: 1496270097.913805 2 0 11 0x7fc962800420 0x7f5592111520 1 -1 16 1332 53
get: 1496270097.913947 2 0 11 0x7fc962800048 0x7f55921104e0 1 -1 8 492 26
get: 1496270097.914031 2 0 11 0x7fc962800050 0x7f55921104d8 1 -1 8 492 26
get: 1496270097.914113 2 0 11 0x7fc962800450 0x7f5592111568 1 -1 16 1332 53
get: 1496270097.914230 2 0 11 0x7fc962800410 0x7f5592051550 1 -1 16 1332 53
get: 1496270097.914304 2 0 11 0x7fc962800420 0x7f5592111520 1 -1 16 1332 53
get: 1496270097.914375 2 0 11 0x7fc962800048 0x7f55921104e0 1 -1 8 492 26
get: 1496270097.914441 2 0 11 0x7fc962800050 0x7f55921104d8 1 -1 8 492 26
get: 1496270097.914519 2 0 11 0x7fc962800450 0x7f5592111568 1 -1 16 1332 53
get: 1496270097.914577 2 0 11 0x7fc962800410 0x7f5592051560 1 -1 16 1332 53
get: 1496270097.914626 2 0 11 0x7fc962800420 0x7f5592111520 1 -1 16 1332 53
get: 1496270097.914691 2 0 11 0x7fc962800048 0x7f55921104e0 1 -1 8 492 26
get: 1496270097.914864 2 0 11 0x7fc962800050 0x7f55921104d8 1 -1 8 492 26
get: 1496270097.914915 2 0 11 0x7fc962800450 0x7f5592111568 1 -1 16 1332 53
get: 1496270097.914982 2 0 11 0x7fc962800410 0x7f5592051570 1 -1 16 1332 53
get: 1496270097.915157 2 0 11 0x7fc962800420 0x7f5592111520 1 -1 16 1332 53
get: 1496270097.915228 2 0 11 0x7fc962800048 0x7f55921104e0 1 -1 8 492 26
get: 1496270097.915273 2 0 11 0x7fc962800050 0x7f55921104d8 1 -1 8 492 26
get: 1496270097.915324 2 0 11 0x7fc962800450 0x7f5592111568 1 -1 16 1332 53
get: 1496270097.915373 2 0 11 0x7fc962800410 0x7f5592051580 1 -1 16 1332 53
get: 1496270097.915426 2 0 11 0x7fc962800420 0x7f5592111520 1 -1 16 1332 53
get: 1496270097.915472 2 0 11 0x7fc962800048 0x7f55921104e0 1 -1 8 492 26
get: 1496270097.915524 2 0 11 0x7fc962800050 0x7f55921104d8 1 -1 8 492 26
get: 1496270097.915613 2 0 11 0x7fc962800450 0x7f5592111568 1 -1 16 1332 53
get: 1496270097.915666 2 0 11 0x7fc962800410 0x7f5592051590 1 -1 16 1332 53
get: 1496270097.915746 2 0 11 0x7fc962800420 0x7f5592111520 1 -1 16 1332 53
get: 1496270097.915826 2 0 11 0x7fc962800048 0x7f55921104e0 1 -1 8 492 26
get: 1496270097.915932 2 0 11 0x7fc962800050 0x7f55921104d8 1 -1 8 492 26
get: 1496270097.916044 2 0 11 0x7fc962800450 0x7f5592111568 1 -1 16 1332 53
get: 1496270097.916108 2 0 11 0x7fc962800410 0x7f55920515a0 1 -1 16 1332 53
get: 1496270097.916201 2 0 11 0x7fc962800420 0x7f5592111520 1 -1 16 1332 53
get: 1496270097.916268 2 0 11 0x7fc962800048 0x7f55921104e0 1 -1 8 492 26
get: 1496270097.916413 2 0 11 0x7fc962800050 0x7f55921104d8 1 -1 8 492 26
get: 1496270097.916481 2 0 11 0x7fc962800450 0x7f5592111568 1 -1 16 1332 53
get: 1496270097.916605 2 0 11 0x7fc962800410 0x7f55920515b0 1 -1 16 1332 53
get: 1496270097.916673 2 0 11 0x7fc962800420 0x7f5592111520 1 -1 16 1332 53
get: 1496270097.916718 2 0 11 0x7fc962800048 0x7f55921104e0 1 -1 8 492 26
get: 1496270097.916782 2 0 11 0x7fc962800050 0x7f55921104d8 1 -1 8 492 26
get: 1496270097.916865 2 0 11 0x7fc962800450 0x7f5592111568 1 -1 16 1332 53
get: 1496270097.916936 2 0 11 0x7fc962800410 0x7f55920515c0 1 -1 16 1332 53
get: 1496270097.917099 2 0 11 0x7fc962800420 0x7f5592111520 1 -1 16 1332 53
get: 1496270097.917147 2 0 11 0x7fc962800048 0x7f55921104e0 1 -1 8 492 26
get: 1496270097.917196 2 0 11 0x7fc962800050 0x7f55921104d8 1 -1 8 492 26
get: 1496270097.917244 2 0 11 0x7fc962800450 0x7f5592111568 1 -1 16 1332 53
get: 1496270097.917294 2 0 11 0x7fc962800410 0x7f55920515d0 1 -1 16 1332 53
get: 1496270097.917344 2 0 11 0x7fc962800420 0x7f5592111520 1 -1 16 1332 53
get: 1496270097.917412 2 0 11 0x7fc962800048 0x7f55921104e0 1 -1 8 492 26
get: 1496270097.917489 2 0 11 0x7fc962800050 0x7f55921104d8 1 -1 8 492 26
get: 1496270097.917540 2 0 11 0x7fc962800450 0x7f5592111568 1 -1 16 1332 53
get: 1496270097.917636 2 0 11 0x7fc962800410 0x7f55920515e0 1 -1 16 1332 53
get: 1496270097.917686 2 0 11 0x7fc962800420 0x7f5592111520 1 -1 16 1332 53
get: 1496270097.917740 2 0 11 0x7fc962800048 0x7f55921104e0 1 -1 8 492 26
get: 1496270097.917868 2 0 11 0x7fc962800050 0x7f55921104d8 1 -1 8 492 26
get: 1496270097.918030 2 0 11 0x7fc962800450 0x7f5592111568 1 -1 16 1332 53
get: 1496270097.918142 2 0 11 0x7fc962800410 0x7f55920515f0 1 -1 16 1332 53
task: 1496270097.918224 2 12 11 L 215 28 25
task: 1496270097.918235 2 13 11 L 218 28 29
Btask: 1496270097.918281 2 13
Btask: 1496270097.918293 2 12
fork: 1496270097.918299 2 6 -2 34 0x7fc993003df0 168 13 
fork: 1496270097.918308 2 5 -2 26 0x7fc992800df0 168 12 
Etask: 1496270097.945970 2 12
Etask: 1496270097.948421 2 13
Etask: 1496270097.948435 2 11
task: 1496270097.948590 2 14 4 O 0 -5 126
Btask: 1496270097.949396 2 14
get: 1496270097.949835 2 0 14 0x7fc95d800c60 0x7f55921114c0 1 -1 16 939 53
get: 1496270097.949918 2 0 14 0x7fc95d800c80 0x7f5592111520 1 -1 16 939 53
get: 1496270097.950002 2 0 14 0x7fc95d800b18 0x7f55921104e0 1 -1 8 492 26
get: 1496270097.950083 2 0 14 0x7fc95d800b20 0x7f55921104d8 1 -1 8 492 26
get: 1496270097.950147 2 0 14 0x7fc95d800cb0 0x7f5592111568 1 -1 16 939 53
get: 1496270097.950200 2 0 14 0x7fc95d800c70 0x7f5592051520 1 -1 16 939 53
get: 1496270097.950248 2 0 14 0x7fc95d800d20 0x7f55921114a8 1 -1 16 939 53
get: 1496270097.950310 2 0 14 0x7fc95d8008c0 0x7f5592184348 1 -1 16 588 53
get: 1496270097.950404 2 0 14 0x7fc95d8008e0 0x7f55921113e0 1 -1 16 588 53
get: 1496270097.950493 2 0 14 0x7fc95d800778 0x7f55921104e0 1 -1 8 492 26
get: 1496270097.950566 2 0 14 0x7fc95d800780 0x7f55921104d8 1 -1 8 492 26
get: 1496270097.950640 2 0 14 0x7fc95d800910 0x7f5592111428 1 -1 16 588 53
get: 1496270097.950704 2 0 14 0x7fc95d8008d0 0x7f5592051420 1 -1 16 588 53
get: 1496270097.950784 2 0 14 0x7fc95d800790 0x7f55921114e0 1 -1 16 1609 28
get: 1496270097.950841 2 0 14 0x7fc95d800700 0x7f5592110558 1 -1 32 145 26
f_executeOn: 1496270097.950962 2 0 -2 18 0x7fc95d800e70 112 14
Etask: 1496270097.951033 2 14
task: 1496270097.962012 2 15 4 O 0 -5 44
Btask: 1496270097.962532 2 15
get: 1496270097.962983 2 0 15 0x7fc958800720 0x7f55921114c0 1 -1 16 1341 53
get: 1496270097.963067 2 0 15 0x7fc958800740 0x7f5592111520 1 -1 16 1341 53
get: 1496270097.963249 2 0 15 0x7fc9588004a8 0x7f55921104e0 1 -1 8 492 26
get: 1496270097.963402 2 0 15 0x7fc9588004b0 0x7f55921104d8 1 -1 8 492 26
get: 1496270097.963486 2 0 15 0x7fc958800770 0x7f5592111568 1 -1 16 1341 53
get: 1496270097.963562 2 0 15 0x7fc958800730 0x7f5592051500 1 -1 16 1341 53
get: 1496270097.963706 2 0 15 0x7fc958800740 0x7f5592111520 1 -1 16 1341 53
get: 1496270097.963830 2 0 15 0x7fc9588004a8 0x7f55921104e0 1 -1 8 492 26
get: 1496270097.963905 2 0 15 0x7fc9588004b0 0x7f55921104d8 1 -1 8 492 26
get: 1496270097.964022 2 0 15 0x7fc958800770 0x7f5592111568 1 -1 16 1341 53
get: 1496270097.964106 2 0 15 0x7fc958800730 0x7f5592051510 1 -1 16 1341 53
get: 1496270097.964175 2 0 15 0x7fc958800740 0x7f5592111520 1 -1 16 1341 53
get: 1496270097.964260 2 0 15 0x7fc9588004a8 0x7f55921104e0 1 -1 8 492 26
get: 1496270097.964318 2 0 15 0x7fc9588004b0 0x7f55921104d8 1 -1 8 492 26
get: 1496270097.964445 2 0 15 0x7fc958800770 0x7f5592111568 1 -1 16 1341 53
get: 1496270097.964503 2 0 15 0x7fc958800730 0x7f5592051520 1 -1 16 1341 53
get: 1496270097.964671 2 0 15 0x7fc958800740 0x7f5592111520 1 -1 16 1341 53
get: 1496270097.964744 2 0 15 0x7fc9588004a8 0x7f55921104e0 1 -1 8 492 26
get: 1496270097.964907 2 0 15 0x7fc9588004b0 0x7f55921104d8 1 -1 8 492 26
get: 1496270097.964990 2 0 15 0x7fc958800770 0x7f5592111568 1 -1 16 1341 53
get: 1496270097.965127 2 0 15 0x7fc958800730 0x7f5592051530 1 -1 16 1341 53
get: 1496270097.965194 2 0 15 0x7fc958800740 0x7f5592111520 1 -1 16 1341 53
get: 1496270097.965279 2 0 15 0x7fc9588004a8 0x7f55921104e0 1 -1 8 492 26
get: 1496270097.965424 2 0 15 0x7fc9588004b0 0x7f55921104d8 1 -1 8 492 26
get: 1496270097.965495 2 0 15 0x7fc958800770 0x7f5592111568 1 -1 16 1341 53
get: 1496270097.965576 2 0 15 0x7fc958800730 0x7f5592051540 1 -1 16 1341 53
get: 1496270097.965655 2 0 15 0x7fc958800740 0x7f5592111520 1 -1 16 1341 53
get: 1496270097.965771 2 0 15 0x7fc9588004a8 0x7f55921104e0 1 -1 8 492 26
get: 1496270097.965991 2 0 15 0x7fc9588004b0 0x7f55921104d8 1 -1 8 492 26
get: 1496270097.966113 2 0 15 0x7fc958800770 0x7f5592111568 1 -1 16 1341 53
get: 1496270097.966202 2 0 15 0x7fc958800730 0x7f5592051550 1 -1 16 1341 53
get: 1496270097.966266 2 0 15 0x7fc958800740 0x7f5592111520 1 -1 16 1341 53
get: 1496270097.966445 2 0 15 0x7fc9588004a8 0x7f55921104e0 1 -1 8 492 26
get: 1496270097.966543 2 0 15 0x7fc9588004b0 0x7f55921104d8 1 -1 8 492 26
get: 1496270097.966605 2 0 15 0x7fc958800770 0x7f5592111568 1 -1 16 1341 53
get: 1496270097.966688 2 0 15 0x7fc958800730 0x7f5592051560 1 -1 16 1341 53
get: 1496270097.966758 2 0 15 0x7fc958800740 0x7f5592111520 1 -1 16 1341 53
get: 1496270097.966875 2 0 15 0x7fc9588004a8 0x7f55921104e0 1 -1 8 492 26
get: 1496270097.966965 2 0 15 0x7fc9588004b0 0x7f55921104d8 1 -1 8 492 26
get: 1496270097.967028 2 0 15 0x7fc958800770 0x7f5592111568 1 -1 16 1341 53
get: 1496270097.967107 2 0 15 0x7fc958800730 0x7f5592051570 1 -1 16 1341 53
get: 1496270097.967183 2 0 15 0x7fc958800740 0x7f5592111520 1 -1 16 1341 53
get: 1496270097.967260 2 0 15 0x7fc9588004a8 0x7f55921104e0 1 -1 8 492 26
get: 1496270097.967322 2 0 15 0x7fc9588004b0 0x7f55921104d8 1 -1 8 492 26
get: 1496270097.967400 2 0 15 0x7fc958800770 0x7f5592111568 1 -1 16 1341 53
get: 1496270097.967525 2 0 15 0x7fc958800730 0x7f5592051580 1 -1 16 1341 53
get: 1496270097.967612 2 0 15 0x7fc958800740 0x7f5592111520 1 -1 16 1341 53
get: 1496270097.967788 2 0 15 0x7fc9588004a8 0x7f55921104e0 1 -1 8 492 26
get: 1496270097.968009 2 0 15 0x7fc9588004b0 0x7f55921104d8 1 -1 8 492 26
get: 1496270097.968065 2 0 15 0x7fc958800770 0x7f5592111568 1 -1 16 1341 53
get: 1496270097.968138 2 0 15 0x7fc958800730 0x7f5592051590 1 -1 16 1341 53
get: 1496270097.968209 2 0 15 0x7fc958800740 0x7f5592111520 1 -1 16 1341 53
get: 1496270097.968356 2 0 15 0x7fc9588004a8 0x7f55921104e0 1 -1 8 492 26
get: 1496270097.968434 2 0 15 0x7fc9588004b0 0x7f55921104d8 1 -1 8 492 26
get: 1496270097.968496 2 0 15 0x7fc958800770 0x7f5592111568 1 -1 16 1341 53
get: 1496270097.968578 2 0 15 0x7fc958800730 0x7f55920515a0 1 -1 16 1341 53
get: 1496270097.968645 2 0 15 0x7fc958800740 0x7f5592111520 1 -1 16 1341 53
get: 1496270097.968723 2 0 15 0x7fc9588004a8 0x7f55921104e0 1 -1 8 492 26
get: 1496270097.968925 2 0 15 0x7fc9588004b0 0x7f55921104d8 1 -1 8 492 26
get: 1496270097.968996 2 0 15 0x7fc958800770 0x7f5592111568 1 -1 16 1341 53
get: 1496270097.969065 2 0 15 0x7fc958800730 0x7f55920515b0 1 -1 16 1341 53
get: 1496270097.969178 2 0 15 0x7fc958800740 0x7f5592111520 1 -1 16 1341 53
get: 1496270097.969252 2 0 15 0x7fc9588004a8 0x7f55921104e0 1 -1 8 492 26
get: 1496270097.969377 2 0 15 0x7fc9588004b0 0x7f55921104d8 1 -1 8 492 26
get: 1496270097.969514 2 0 15 0x7fc958800770 0x7f5592111568 1 -1 16 1341 53
get: 1496270097.969574 2 0 15 0x7fc958800730 0x7f55920515c0 1 -1 16 1341 53
get: 1496270097.969785 2 0 15 0x7fc958800740 0x7f5592111520 1 -1 16 1341 53
get: 1496270097.969929 2 0 15 0x7fc9588004a8 0x7f55921104e0 1 -1 8 492 26
get: 1496270097.970001 2 0 15 0x7fc9588004b0 0x7f55921104d8 1 -1 8 492 26
get: 1496270097.970096 2 0 15 0x7fc958800770 0x7f5592111568 1 -1 16 1341 53
get: 1496270097.970214 2 0 15 0x7fc958800730 0x7f55920515d0 1 -1 16 1341 53
get: 1496270097.970314 2 0 15 0x7fc958800740 0x7f5592111520 1 -1 16 1341 53
get: 1496270097.970477 2 0 15 0x7fc9588004a8 0x7f55921104e0 1 -1 8 492 26
get: 1496270097.970551 2 0 15 0x7fc9588004b0 0x7f55921104d8 1 -1 8 492 26
get: 1496270097.970672 2 0 15 0x7fc958800770 0x7f5592111568 1 -1 16 1341 53
get: 1496270097.970731 2 0 15 0x7fc958800730 0x7f55920515e0 1 -1 16 1341 53
get: 1496270097.970805 2 0 15 0x7fc958800740 0x7f5592111520 1 -1 16 1341 53
get: 1496270097.970883 2 0 15 0x7fc9588004a8 0x7f55921104e0 1 -1 8 492 26
get: 1496270097.971024 2 0 15 0x7fc9588004b0 0x7f55921104d8 1 -1 8 492 26
get: 1496270097.971094 2 0 15 0x7fc958800770 0x7f5592111568 1 -1 16 1341 53
get: 1496270097.971209 2 0 15 0x7fc958800730 0x7f55920515f0 1 -1 16 1341 53
task: 1496270097.971460 2 16 15 L 271 28 41
task: 1496270097.971473 2 17 15 L 274 28 43
Btask: 1496270097.971507 2 17
Btask: 1496270097.971520 2 16
fork: 1496270097.971525 2 6 -2 44 0x7fc993003df0 160 17 
fork: 1496270097.971535 2 5 -2 42 0x7fc992800df0 160 16 
Etask: 1496270097.996424 2 17
Etask: 1496270097.996951 2 16
Etask: 1496270097.996968 2 15
task: 1496270098.014128 2 18 4 O 0 -5 158
Btask: 1496270098.014191 2 18
VdbMark: 1496270098.014209 2 18
task: 1496270098.014224 2 19 18 L 98 52 157
Btask: 1496270098.014303 2 19
fork: 1496270098.014309 2 3 -2 158 0x7fc997800dd0 168 19 
Etask: 1496270098.015517 2 19
Tag: 1496270098.015540 1.012000 0.524000 2 18 1
Etask: 1496270098.015569 2 18
task: 1496270098.022167 2 20 1 O 0 -5 129
Btask: 1496270098.022198 2 20
get: 1496270098.022215 2 0 20 0x7fc993003930 0x7f559201d4f8 1 -1 16 1002 53
get: 1496270098.022305 2 0 20 0x7fc993003650 0x7f55921114c0 1 -1 16 753 53
get: 1496270098.022396 2 0 20 0x7fc993003670 0x7f5592111520 1 -1 16 753 53
get: 1496270098.022495 2 0 20 0x7fc993003528 0x7f55921104e0 1 -1 8 492 26
get: 1496270098.022607 2 0 20 0x7fc993003530 0x7f55921104d8 1 -1 8 492 26
get: 1496270098.022707 2 0 20 0x7fc9930036a0 0x7f5592111568 1 -1 16 753 53
get: 1496270098.022778 2 0 20 0x7fc993003660 0x7f5592051520 1 -1 16 753 53
get: 1496270098.022877 2 0 20 0x7fc993003970 0x7f559201d510 1 -1 16 1003 53
get: 1496270098.022975 2 0 20 0x7fc993003980 0x7f55921115c0 1 -1 16 1003 53
get: 1496270098.023067 2 0 20 0x7fc993003768 0x7f55921104e0 1 -1 8 492 26
get: 1496270098.023156 2 0 20 0x7fc993003770 0x7f55921104d8 1 -1 8 492 26
get: 1496270098.023270 2 0 20 0x7fc9930039b0 0x7f5592111608 1 -1 16 1003 53
put: 1496270098.023406 2 0 20 0x7fc993003a50 0x7f5592051620 1 -1 16 1003 53
f_executeOn: 1496270098.023503 2 0 -2 18 0x7fc993003e70 112 20
Etask: 1496270098.023613 2 20
task: 1496270098.026501 2 21 4 O 0 -5 32
Btask: 1496270098.026534 2 21
get: 1496270098.026572 2 0 21 0x7fc98d800330 0x7f559201d510 1 -1 16 1354 53
get: 1496270098.026667 2 0 21 0x7fc98d800350 0x7f55921115c0 1 -1 16 1354 53
get: 1496270098.026810 2 0 21 0x7fc98d7fff28 0x7f55921104e0 1 -1 8 492 26
get: 1496270098.026894 2 0 21 0x7fc98d7fff30 0x7f55921104d8 1 -1 8 492 26
get: 1496270098.026995 2 0 21 0x7fc98d800380 0x7f5592111608 1 -1 16 1354 53
get: 1496270098.027113 2 0 21 0x7fc98d800340 0x7f5592051600 1 -1 16 1354 53
get: 1496270098.027176 2 0 21 0x7fc98d800350 0x7f55921115c0 1 -1 16 1354 53
get: 1496270098.027225 2 0 21 0x7fc98d7fff28 0x7f55921104e0 1 -1 8 492 26
get: 1496270098.027290 2 0 21 0x7fc98d7fff30 0x7f55921104d8 1 -1 8 492 26
get: 1496270098.027367 2 0 21 0x7fc98d800380 0x7f5592111608 1 -1 16 1354 53
get: 1496270098.027421 2 0 21 0x7fc98d800340 0x7f5592051610 1 -1 16 1354 53
get: 1496270098.027490 2 0 21 0x7fc98d800350 0x7f55921115c0 1 -1 16 1354 53
get: 1496270098.027614 2 0 21 0x7fc98d7fff28 0x7f55921104e0 1 -1 8 492 26
get: 1496270098.027707 2 0 21 0x7fc98d7fff30 0x7f55921104d8 1 -1 8 492 26
get: 1496270098.027789 2 0 21 0x7fc98d800380 0x7f5592111608 1 -1 16 1354 53
get: 1496270098.027879 2 0 21 0x7fc98d800340 0x7f5592051620 1 -1 16 1354 53
get: 1496270098.027930 2 0 21 0x7fc98d800350 0x7f55921115c0 1 -1 16 1354 53
get: 1496270098.028038 2 0 21 0x7fc98d7fff28 0x7f55921104e0 1 -1 8 492 26
get: 1496270098.028091 2 0 21 0x7fc98d7fff30 0x7f55921104d8 1 -1 8 492 26
get: 1496270098.028201 2 0 21 0x7fc98d800380 0x7f5592111608 1 -1 16 1354 53
get: 1496270098.028269 2 0 21 0x7fc98d800340 0x7f5592051630 1 -1 16 1354 53
get: 1496270098.028371 2 0 21 0x7fc98d800350 0x7f55921115c0 1 -1 16 1354 53
get: 1496270098.028440 2 0 21 0x7fc98d7fff28 0x7f55921104e0 1 -1 8 492 26
get: 1496270098.028540 2 0 21 0x7fc98d7fff30 0x7f55921104d8 1 -1 8 492 26
get: 1496270098.028633 2 0 21 0x7fc98d800380 0x7f5592111608 1 -1 16 1354 53
get: 1496270098.028698 2 0 21 0x7fc98d800340 0x7f5592051640 1 -1 16 1354 53
get: 1496270098.028750 2 0 21 0x7fc98d800350 0x7f55921115c0 1 -1 16 1354 53
get: 1496270098.028826 2 0 21 0x7fc98d7fff28 0x7f55921104e0 1 -1 8 492 26
get: 1496270098.028897 2 0 21 0x7fc98d7fff30 0x7f55921104d8 1 -1 8 492 26
get: 1496270098.029029 2 0 21 0x7fc98d800380 0x7f5592111608 1 -1 16 1354 53
get: 1496270098.029113 2 0 21 0x7fc98d800340 0x7f5592051650 1 -1 16 1354 53
get: 1496270098.029198 2 0 21 0x7fc98d800350 0x7f55921115c0 1 -1 16 1354 53
get: 1496270098.029283 2 0 21 0x7fc98d7fff28 0x7f55921104e0 1 -1 8 492 26
get: 1496270098.029348 2 0 21 0x7fc98d7fff30 0x7f55921104d8 1 -1 8 492 26
get: 1496270098.029461 2 0 21 0x7fc98d800380 0x7f5592111608 1 -1 16 1354 53
get: 1496270098.029576 2 0 21 0x7fc98d800340 0x7f5592051660 1 -1 16 1354 53
get: 1496270098.029643 2 0 21 0x7fc98d800350 0x7f55921115c0 1 -1 16 1354 53
get: 1496270098.029735 2 0 21 0x7fc98d7fff28 0x7f55921104e0 1 -1 8 492 26
get: 1496270098.029792 2 0 21 0x7fc98d7fff30 0x7f55921104d8 1 -1 8 492 26
get: 1496270098.029888 2 0 21 0x7fc98d800380 0x7f5592111608 1 -1 16 1354 53
get: 1496270098.029980 2 0 21 0x7fc98d800340 0x7f5592051670 1 -1 16 1354 53
get: 1496270098.030061 2 0 21 0x7fc98d800350 0x7f55921115c0 1 -1 16 1354 53
get: 1496270098.030128 2 0 21 0x7fc98d7fff28 0x7f55921104e0 1 -1 8 492 26
get: 1496270098.030180 2 0 21 0x7fc98d7fff30 0x7f55921104d8 1 -1 8 492 26
get: 1496270098.030249 2 0 21 0x7fc98d800380 0x7f5592111608 1 -1 16 1354 53
get: 1496270098.030322 2 0 21 0x7fc98d800340 0x7f5592051680 1 -1 16 1354 53
get: 1496270098.030423 2 0 21 0x7fc98d800350 0x7f55921115c0 1 -1 16 1354 53
get: 1496270098.030487 2 0 21 0x7fc98d7fff28 0x7f55921104e0 1 -1 8 492 26
get: 1496270098.030579 2 0 21 0x7fc98d7fff30 0x7f55921104d8 1 -1 8 492 26
get: 1496270098.030730 2 0 21 0x7fc98d800380 0x7f5592111608 1 -1 16 1354 53
get: 1496270098.030789 2 0 21 0x7fc98d800340 0x7f5592051690 1 -1 16 1354 53
get: 1496270098.030857 2 0 21 0x7fc98d800350 0x7f55921115c0 1 -1 16 1354 53
get: 1496270098.030966 2 0 21 0x7fc98d7fff28 0x7f55921104e0 1 -1 8 492 26
get: 1496270098.031033 2 0 21 0x7fc98d7fff30 0x7f55921104d8 1 -1 8 492 26
get: 1496270098.031089 2 0 21 0x7fc98d800380 0x7f5592111608 1 -1 16 1354 53
get: 1496270098.031217 2 0 21 0x7fc98d800340 0x7f55920516a0 1 -1 16 1354 53
get: 1496270098.031281 2 0 21 0x7fc98d800350 0x7f55921115c0 1 -1 16 1354 53
get: 1496270098.031332 2 0 21 0x7fc98d7fff28 0x7f55921104e0 1 -1 8 492 26
get: 1496270098.031380 2 0 21 0x7fc98d7fff30 0x7f55921104d8 1 -1 8 492 26
get: 1496270098.031429 2 0 21 0x7fc98d800380 0x7f5592111608 1 -1 16 1354 53
get: 1496270098.031477 2 0 21 0x7fc98d800340 0x7f55920516b0 1 -1 16 1354 53
get: 1496270098.031528 2 0 21 0x7fc98d800350 0x7f55921115c0 1 -1 16 1354 53
get: 1496270098.031674 2 0 21 0x7fc98d7fff28 0x7f55921104e0 1 -1 8 492 26
get: 1496270098.031723 2 0 21 0x7fc98d7fff30 0x7f55921104d8 1 -1 8 492 26
get: 1496270098.031790 2 0 21 0x7fc98d800380 0x7f5592111608 1 -1 16 1354 53
get: 1496270098.031923 2 0 21 0x7fc98d800340 0x7f55920516c0 1 -1 16 1354 53
get: 1496270098.031988 2 0 21 0x7fc98d800350 0x7f55921115c0 1 -1 16 1354 53
get: 1496270098.032103 2 0 21 0x7fc98d7fff28 0x7f55921104e0 1 -1 8 492 26
get: 1496270098.032157 2 0 21 0x7fc98d7fff30 0x7f55921104d8 1 -1 8 492 26
get: 1496270098.032224 2 0 21 0x7fc98d800380 0x7f5592111608 1 -1 16 1354 53
get: 1496270098.032286 2 0 21 0x7fc98d800340 0x7f55920516d0 1 -1 16 1354 53
get: 1496270098.032435 2 0 21 0x7fc98d800350 0x7f55921115c0 1 -1 16 1354 53
get: 1496270098.032494 2 0 21 0x7fc98d7fff28 0x7f55921104e0 1 -1 8 492 26
get: 1496270098.032591 2 0 21 0x7fc98d7fff30 0x7f55921104d8 1 -1 8 492 26
get: 1496270098.032654 2 0 21 0x7fc98d800380 0x7f5592111608 1 -1 16 1354 53
get: 1496270098.032721 2 0 21 0x7fc98d800340 0x7f55920516e0 1 -1 16 1354 53
get: 1496270098.032789 2 0 21 0x7fc98d800350 0x7f55921115c0 1 -1 16 1354 53
get: 1496270098.032837 2 0 21 0x7fc98d7fff28 0x7f55921104e0 1 -1 8 492 26
get: 1496270098.032907 2 0 21 0x7fc98d7fff30 0x7f55921104d8 1 -1 8 492 26
get: 1496270098.033006 2 0 21 0x7fc98d800380 0x7f5592111608 1 -1 16 1354 53
get: 1496270098.033093 2 0 21 0x7fc98d800340 0x7f55920516f0 1 -1 16 1354 53
task: 1496270098.033263 2 22 21 L 215 28 24
task: 1496270098.033272 2 23 21 L 218 28 31
Btask: 1496270098.033292 2 23
fork: 1496270098.033306 2 6 -2 32 0x7fc993003e10 136 23 
Btask: 1496270098.033313 2 22
fork: 1496270098.033326 2 5 -2 28 0x7fc992800e10 136 22 
Etask: 1496270098.054453 2 23
Etask: 1496270098.060747 2 22
Etask: 1496270098.060770 2 21
task: 1496270098.063792 2 24 4 O 0 -5 129
Btask: 1496270098.063907 2 24
get: 1496270098.064363 2 0 24 0x7fc988800930 0x7f559201d568 1 -1 16 1002 53
get: 1496270098.064481 2 0 24 0x7fc988800650 0x7f55921114c0 1 -1 16 753 53
get: 1496270098.064661 2 0 24 0x7fc988800670 0x7f5592111520 1 -1 16 753 53
get: 1496270098.064761 2 0 24 0x7fc988800528 0x7f55921104e0 1 -1 8 492 26
get: 1496270098.064829 2 0 24 0x7fc988800530 0x7f55921104d8 1 -1 8 492 26
get: 1496270098.064929 2 0 24 0x7fc9888006a0 0x7f5592111568 1 -1 16 753 53
get: 1496270098.065071 2 0 24 0x7fc988800660 0x7f5592051520 1 -1 16 753 53
get: 1496270098.065172 2 0 24 0x7fc988800970 0x7f559201d580 1 -1 16 1003 53
get: 1496270098.065326 2 0 24 0x7fc988800980 0x7f5592111660 1 -1 16 1003 53
get: 1496270098.065424 2 0 24 0x7fc988800768 0x7f55921104e0 1 -1 8 492 26
get: 1496270098.065573 2 0 24 0x7fc988800770 0x7f55921104d8 1 -1 8 492 26
get: 1496270098.065668 2 0 24 0x7fc9888009b0 0x7f55921116a8 1 -1 16 1003 53
put: 1496270098.065872 2 0 24 0x7fc988800a50 0x7f5592051720 1 -1 16 1003 53
f_executeOn: 1496270098.066033 2 0 -2 18 0x7fc988800e70 112 24
Etask: 1496270098.066167 2 24
task: 1496270098.067769 2 25 1 O 0 -5 32
Btask: 1496270098.067870 2 25
get: 1496270098.067906 2 0 25 0x7fc983800330 0x7f559201d580 1 -1 16 1354 53
get: 1496270098.068013 2 0 25 0x7fc983800350 0x7f5592111660 1 -1 16 1354 53
get: 1496270098.068086 2 0 25 0x7fc9837fff28 0x7f55921104e0 1 -1 8 492 26
get: 1496270098.068153 2 0 25 0x7fc9837fff30 0x7f55921104d8 1 -1 8 492 26
get: 1496270098.068283 2 0 25 0x7fc983800380 0x7f55921116a8 1 -1 16 1354 53
get: 1496270098.068349 2 0 25 0x7fc983800340 0x7f5592051700 1 -1 16 1354 53
get: 1496270098.068445 2 0 25 0x7fc983800350 0x7f5592111660 1 -1 16 1354 53
get: 1496270098.068514 2 0 25 0x7fc9837fff28 0x7f55921104e0 1 -1 8 492 26
get: 1496270098.068778 2 0 25 0x7fc9837fff30 0x7f55921104d8 1 -1 8 492 26
get: 1496270098.068827 2 0 25 0x7fc983800380 0x7f55921116a8 1 -1 16 1354 53
get: 1496270098.068899 2 0 25 0x7fc983800340 0x7f5592051710 1 -1 16 1354 53
get: 1496270098.068989 2 0 25 0x7fc983800350 0x7f5592111660 1 -1 16 1354 53
get: 1496270098.069203 2 0 25 0x7fc9837fff28 0x7f55921104e0 1 -1 8 492 26
get: 1496270098.069271 2 0 25 0x7fc9837fff30 0x7f55921104d8 1 -1 8 492 26
get: 1496270098.069330 2 0 25 0x7fc983800380 0x7f55921116a8 1 -1 16 1354 53
get: 1496270098.069511 2 0 25 0x7fc983800340 0x7f5592051720 1 -1 16 1354 53
get: 1496270098.069567 2 0 25 0x7fc983800350 0x7f5592111660 1 -1 16 1354 53
get: 1496270098.069634 2 0 25 0x7fc9837fff28 0x7f55921104e0 1 -1 8 492 26
get: 1496270098.069718 2 0 25 0x7fc9837fff30 0x7f55921104d8 1 -1 8 492 26
get: 1496270098.070110 2 0 25 0x7fc983800380 0x7f55921116a8 1 -1 16 1354 53
get: 1496270098.070167 2 0 25 0x7fc983800340 0x7f5592051730 1 -1 16 1354 53
get: 1496270098.070233 2 0 25 0x7fc983800350 0x7f5592111660 1 -1 16 1354 53
get: 1496270098.070309 2 0 25 0x7fc9837fff28 0x7f55921104e0 1 -1 8 492 26
get: 1496270098.070358 2 0 25 0x7fc9837fff30 0x7f55921104d8 1 -1 8 492 26
get: 1496270098.070457 2 0 25 0x7fc983800380 0x7f55921116a8 1 -1 16 1354 53
get: 1496270098.070507 2 0 25 0x7fc983800340 0x7f5592051740 1 -1 16 1354 53
get: 1496270098.070565 2 0 25 0x7fc983800350 0x7f5592111660 1 -1 16 1354 53
get: 1496270098.070700 2 0 25 0x7fc9837fff28 0x7f55921104e0 1 -1 8 492 26
get: 1496270098.070759 2 0 25 0x7fc9837fff30 0x7f55921104d8 1 -1 8 492 26
get: 1496270098.070827 2 0 25 0x7fc983800380 0x7f55921116a8 1 -1 16 1354 53
get: 1496270098.071039 2 0 25 0x7fc983800340 0x7f5592051750 1 -1 16 1354 53
get: 1496270098.071330 2 0 25 0x7fc983800350 0x7f5592111660 1 -1 16 1354 53
get: 1496270098.071438 2 0 25 0x7fc9837fff28 0x7f55921104e0 1 -1 8 492 26
get: 1496270098.071559 2 0 25 0x7fc9837fff30 0x7f55921104d8 1 -1 8 492 26
get: 1496270098.071769 2 0 25 0x7fc983800380 0x7f55921116a8 1 -1 16 1354 53
get: 1496270098.071864 2 0 25 0x7fc983800340 0x7f5592051760 1 -1 16 1354 53
get: 1496270098.072041 2 0 25 0x7fc983800350 0x7f5592111660 1 -1 16 1354 53
get: 1496270098.072275 2 0 25 0x7fc9837fff28 0x7f55921104e0 1 -1 8 492 26
get: 1496270098.072394 2 0 25 0x7fc9837fff30 0x7f55921104d8 1 -1 8 492 26
get: 1496270098.072478 2 0 25 0x7fc983800380 0x7f55921116a8 1 -1 16 1354 53
get: 1496270098.072558 2 0 25 0x7fc983800340 0x7f5592051770 1 -1 16 1354 53
get: 1496270098.072735 2 0 25 0x7fc983800350 0x7f5592111660 1 -1 16 1354 53
get: 1496270098.072807 2 0 25 0x7fc9837fff28 0x7f55921104e0 1 -1 8 492 26
get: 1496270098.072886 2 0 25 0x7fc9837fff30 0x7f55921104d8 1 -1 8 492 26
get: 1496270098.073021 2 0 25 0x7fc983800380 0x7f55921116a8 1 -1 16 1354 53
get: 1496270098.073103 2 0 25 0x7fc983800340 0x7f5592051780 1 -1 16 1354 53
get: 1496270098.073305 2 0 25 0x7fc983800350 0x7f5592111660 1 -1 16 1354 53
get: 1496270098.073383 2 0 25 0x7fc9837fff28 0x7f55921104e0 1 -1 8 492 26
get: 1496270098.073615 2 0 25 0x7fc9837fff30 0x7f55921104d8 1 -1 8 492 26
get: 1496270098.073778 2 0 25 0x7fc983800380 0x7f55921116a8 1 -1 16 1354 53
get: 1496270098.073855 2 0 25 0x7fc983800340 0x7f5592051790 1 -1 16 1354 53
get: 1496270098.073925 2 0 25 0x7fc983800350 0x7f5592111660 1 -1 16 1354 53
get: 1496270098.074003 2 0 25 0x7fc9837fff28 0x7f55921104e0 1 -1 8 492 26
get: 1496270098.074140 2 0 25 0x7fc9837fff30 0x7f55921104d8 1 -1 8 492 26
get: 1496270098.074265 2 0 25 0x7fc983800380 0x7f55921116a8 1 -1 16 1354 53
get: 1496270098.074494 2 0 25 0x7fc983800340 0x7f55920517a0 1 -1 16 1354 53
get: 1496270098.074568 2 0 25 0x7fc983800350 0x7f5592111660 1 -1 16 1354 53
get: 1496270098.074728 2 0 25 0x7fc9837fff28 0x7f55921104e0 1 -1 8 492 26
get: 1496270098.074795 2 0 25 0x7fc9837fff30 0x7f55921104d8 1 -1 8 492 26
get: 1496270098.074945 2 0 25 0x7fc983800380 0x7f55921116a8 1 -1 16 1354 53
get: 1496270098.075019 2 0 25 0x7fc983800340 0x7f55920517b0 1 -1 16 1354 53
get: 1496270098.075116 2 0 25 0x7fc983800350 0x7f5592111660 1 -1 16 1354 53
get: 1496270098.075634 2 0 25 0x7fc9837fff28 0x7f55921104e0 1 -1 8 492 26
get: 1496270098.075695 2 0 25 0x7fc9837fff30 0x7f55921104d8 1 -1 8 492 26
get: 1496270098.075797 2 0 25 0x7fc983800380 0x7f55921116a8 1 -1 16 1354 53
get: 1496270098.075881 2 0 25 0x7fc983800340 0x7f55920517c0 1 -1 16 1354 53
get: 1496270098.076053 2 0 25 0x7fc983800350 0x7f5592111660 1 -1 16 1354 53
get: 1496270098.076122 2 0 25 0x7fc9837fff28 0x7f55921104e0 1 -1 8 492 26
get: 1496270098.076246 2 0 25 0x7fc9837fff30 0x7f55921104d8 1 -1 8 492 26
get: 1496270098.076315 2 0 25 0x7fc983800380 0x7f55921116a8 1 -1 16 1354 53
get: 1496270098.076432 2 0 25 0x7fc983800340 0x7f55920517d0 1 -1 16 1354 53
get: 1496270098.076560 2 0 25 0x7fc983800350 0x7f5592111660 1 -1 16 1354 53
get: 1496270098.076624 2 0 25 0x7fc9837fff28 0x7f55921104e0 1 -1 8 492 26
get: 1496270098.076918 2 0 25 0x7fc9837fff30 0x7f55921104d8 1 -1 8 492 26
get: 1496270098.077070 2 0 25 0x7fc983800380 0x7f55921116a8 1 -1 16 1354 53
get: 1496270098.077135 2 0 25 0x7fc983800340 0x7f55920517e0 1 -1 16 1354 53
get: 1496270098.077378 2 0 25 0x7fc983800350 0x7f5592111660 1 -1 16 1354 53
get: 1496270098.077446 2 0 25 0x7fc9837fff28 0x7f55921104e0 1 -1 8 492 26
get: 1496270098.077622 2 0 25 0x7fc9837fff30 0x7f55921104d8 1 -1 8 492 26
get: 1496270098.077695 2 0 25 0x7fc983800380 0x7f55921116a8 1 -1 16 1354 53
get: 1496270098.077803 2 0 25 0x7fc983800340 0x7f55920517f0 1 -1 16 1354 53
task: 1496270098.077904 2 26 25 L 215 28 24
task: 1496270098.077913 2 27 25 L 218 28 31
Btask: 1496270098.077929 2 26
Btask: 1496270098.077936 2 27
fork: 1496270098.077937 2 5 -2 28 0x7fc993003e10 136 26 
fork: 1496270098.077943 2 6 -2 32 0x7fc98d800e10 136 27 
Etask: 1496270098.100381 2 27
Etask: 1496270098.110939 2 26
Etask: 1496270098.110962 2 25
task: 1496270098.111846 2 28 1 O 0 -5 129
Btask: 1496270098.111953 2 28
get: 1496270098.111960 2 0 28 0x7fc97e800930 0x7f559201d5d8 1 -1 16 1002 53
get: 1496270098.112110 2 0 28 0x7fc97e800650 0x7f55921114c0 1 -1 16 753 53
get: 1496270098.112218 2 0 28 0x7fc97e800670 0x7f5592111520 1 -1 16 753 53
get: 1496270098.112511 2 0 28 0x7fc97e800528 0x7f55921104e0 1 -1 8 492 26
get: 1496270098.112666 2 0 28 0x7fc97e800530 0x7f55921104d8 1 -1 8 492 26
get: 1496270098.112759 2 0 28 0x7fc97e8006a0 0x7f5592111568 1 -1 16 753 53
get: 1496270098.112856 2 0 28 0x7fc97e800660 0x7f5592051520 1 -1 16 753 53
get: 1496270098.112910 2 0 28 0x7fc97e800970 0x7f559201d5f0 1 -1 16 1003 53
get: 1496270098.113008 2 0 28 0x7fc97e800980 0x7f5592111700 1 -1 16 1003 53
get: 1496270098.113112 2 0 28 0x7fc97e800768 0x7f55921104e0 1 -1 8 492 26
get: 1496270098.113197 2 0 28 0x7fc97e800770 0x7f55921104d8 1 -1 8 492 26
get: 1496270098.113254 2 0 28 0x7fc97e8009b0 0x7f5592111748 1 -1 16 1003 53
put: 1496270098.113403 2 0 28 0x7fc97e800a50 0x7f5592051820 1 -1 16 1003 53
f_executeOn: 1496270098.113515 2 0 -2 18 0x7fc97e800e70 112 28
Etask: 1496270098.113860 2 28
task: 1496270098.117793 2 29 1 O 0 -5 32
Btask: 1496270098.117925 2 29
get: 1496270098.117964 2 0 29 0x7fc979800330 0x7f559201d5f0 1 -1 16 1354 53
get: 1496270098.118094 2 0 29 0x7fc979800350 0x7f5592111700 1 -1 16 1354 53
get: 1496270098.118191 2 0 29 0x7fc9797fff28 0x7f55921104e0 1 -1 8 492 26
get: 1496270098.118272 2 0 29 0x7fc9797fff30 0x7f55921104d8 1 -1 8 492 26
get: 1496270098.118344 2 0 29 0x7fc979800380 0x7f5592111748 1 -1 16 1354 53
get: 1496270098.118418 2 0 29 0x7fc979800340 0x7f5592051800 1 -1 16 1354 53
get: 1496270098.118518 2 0 29 0x7fc979800350 0x7f5592111700 1 -1 16 1354 53
get: 1496270098.118613 2 0 29 0x7fc9797fff28 0x7f55921104e0 1 -1 8 492 26
get: 1496270098.118750 2 0 29 0x7fc9797fff30 0x7f55921104d8 1 -1 8 492 26
get: 1496270098.118890 2 0 29 0x7fc979800380 0x7f5592111748 1 -1 16 1354 53
get: 1496270098.118945 2 0 29 0x7fc979800340 0x7f5592051810 1 -1 16 1354 53
get: 1496270098.119050 2 0 29 0x7fc979800350 0x7f5592111700 1 -1 16 1354 53
get: 1496270098.119247 2 0 29 0x7fc9797fff28 0x7f55921104e0 1 -1 8 492 26
get: 1496270098.119312 2 0 29 0x7fc9797fff30 0x7f55921104d8 1 -1 8 492 26
get: 1496270098.119479 2 0 29 0x7fc979800380 0x7f5592111748 1 -1 16 1354 53
get: 1496270098.119559 2 0 29 0x7fc979800340 0x7f5592051820 1 -1 16 1354 53
get: 1496270098.119676 2 0 29 0x7fc979800350 0x7f5592111700 1 -1 16 1354 53
get: 1496270098.119761 2 0 29 0x7fc9797fff28 0x7f55921104e0 1 -1 8 492 26
get: 1496270098.119888 2 0 29 0x7fc9797fff30 0x7f55921104d8 1 -1 8 492 26
get: 1496270098.119972 2 0 29 0x7fc979800380 0x7f5592111748 1 -1 16 1354 53
get: 1496270098.120133 2 0 29 0x7fc979800340 0x7f5592051830 1 -1 16 1354 53
get: 1496270098.120191 2 0 29 0x7fc979800350 0x7f5592111700 1 -1 16 1354 53
get: 1496270098.120269 2 0 29 0x7fc9797fff28 0x7f55921104e0 1 -1 8 492 26
get: 1496270098.120375 2 0 29 0x7fc9797fff30 0x7f55921104d8 1 -1 8 492 26
get: 1496270098.120537 2 0 29 0x7fc979800380 0x7f5592111748 1 -1 16 1354 53
get: 1496270098.120618 2 0 29 0x7fc979800340 0x7f5592051840 1 -1 16 1354 53
get: 1496270098.120691 2 0 29 0x7fc979800350 0x7f5592111700 1 -1 16 1354 53
get: 1496270098.120769 2 0 29 0x7fc9797fff28 0x7f55921104e0 1 -1 8 492 26
get: 1496270098.120843 2 0 29 0x7fc9797fff30 0x7f55921104d8 1 -1 8 492 26
get: 1496270098.120922 2 0 29 0x7fc979800380 0x7f5592111748 1 -1 16 1354 53
get: 1496270098.121009 2 0 29 0x7fc979800340 0x7f5592051850 1 -1 16 1354 53
get: 1496270098.121123 2 0 29 0x7fc979800350 0x7f5592111700 1 -1 16 1354 53
get: 1496270098.121299 2 0 29 0x7fc9797fff28 0x7f55921104e0 1 -1 8 492 26
get: 1496270098.121430 2 0 29 0x7fc9797fff30 0x7f55921104d8 1 -1 8 492 26
get: 1496270098.121498 2 0 29 0x7fc979800380 0x7f5592111748 1 -1 16 1354 53
get: 1496270098.121587 2 0 29 0x7fc979800340 0x7f5592051860 1 -1 16 1354 53
get: 1496270098.121648 2 0 29 0x7fc979800350 0x7f5592111700 1 -1 16 1354 53
get: 1496270098.121724 2 0 29 0x7fc9797fff28 0x7f55921104e0 1 -1 8 492 26
get: 1496270098.121838 2 0 29 0x7fc9797fff30 0x7f55921104d8 1 -1 8 492 26
get: 1496270098.121962 2 0 29 0x7fc979800380 0x7f5592111748 1 -1 16 1354 53
get: 1496270098.122015 2 0 29 0x7fc979800340 0x7f5592051870 1 -1 16 1354 53
get: 1496270098.122077 2 0 29 0x7fc979800350 0x7f5592111700 1 -1 16 1354 53
get: 1496270098.122203 2 0 29 0x7fc9797fff28 0x7f55921104e0 1 -1 8 492 26
get: 1496270098.122279 2 0 29 0x7fc9797fff30 0x7f55921104d8 1 -1 8 492 26
get: 1496270098.122439 2 0 29 0x7fc979800380 0x7f5592111748 1 -1 16 1354 53
get: 1496270098.122507 2 0 29 0x7fc979800340 0x7f5592051880 1 -1 16 1354 53
get: 1496270098.122647 2 0 29 0x7fc979800350 0x7f5592111700 1 -1 16 1354 53
get: 1496270098.122710 2 0 29 0x7fc9797fff28 0x7f55921104e0 1 -1 8 492 26
get: 1496270098.122758 2 0 29 0x7fc9797fff30 0x7f55921104d8 1 -1 8 492 26
get: 1496270098.122821 2 0 29 0x7fc979800380 0x7f5592111748 1 -1 16 1354 53
get: 1496270098.122977 2 0 29 0x7fc979800340 0x7f5592051890 1 -1 16 1354 53
get: 1496270098.123053 2 0 29 0x7fc979800350 0x7f5592111700 1 -1 16 1354 53
get: 1496270098.123132 2 0 29 0x7fc9797fff28 0x7f55921104e0 1 -1 8 492 26
get: 1496270098.123208 2 0 29 0x7fc9797fff30 0x7f55921104d8 1 -1 8 492 26
get: 1496270098.123307 2 0 29 0x7fc979800380 0x7f5592111748 1 -1 16 1354 53
get: 1496270098.123378 2 0 29 0x7fc979800340 0x7f55920518a0 1 -1 16 1354 53
get: 1496270098.123445 2 0 29 0x7fc979800350 0x7f5592111700 1 -1 16 1354 53
get: 1496270098.123649 2 0 29 0x7fc9797fff28 0x7f55921104e0 1 -1 8 492 26
get: 1496270098.123749 2 0 29 0x7fc9797fff30 0x7f55921104d8 1 -1 8 492 26
get: 1496270098.123865 2 0 29 0x7fc979800380 0x7f5592111748 1 -1 16 1354 53
get: 1496270098.123938 2 0 29 0x7fc979800340 0x7f55920518b0 1 -1 16 1354 53
get: 1496270098.123999 2 0 29 0x7fc979800350 0x7f5592111700 1 -1 16 1354 53
get: 1496270098.124089 2 0 29 0x7fc9797fff28 0x7f55921104e0 1 -1 8 492 26
get: 1496270098.124189 2 0 29 0x7fc9797fff30 0x7f55921104d8 1 -1 8 492 26
get: 1496270098.124348 2 0 29 0x7fc979800380 0x7f5592111748 1 -1 16 1354 53
get: 1496270098.124405 2 0 29 0x7fc979800340 0x7f55920518c0 1 -1 16 1354 53
get: 1496270098.124462 2 0 29 0x7fc979800350 0x7f5592111700 1 -1 16 1354 53
get: 1496270098.124550 2 0 29 0x7fc9797fff28 0x7f55921104e0 1 -1 8 492 26
get: 1496270098.124605 2 0 29 0x7fc9797fff30 0x7f55921104d8 1 -1 8 492 26
get: 1496270098.124671 2 0 29 0x7fc979800380 0x7f5592111748 1 -1 16 1354 53
get: 1496270098.124790 2 0 29 0x7fc979800340 0x7f55920518d0 1 -1 16 1354 53
get: 1496270098.124867 2 0 29 0x7fc979800350 0x7f5592111700 1 -1 16 1354 53
get: 1496270098.124952 2 0 29 0x7fc9797fff28 0x7f55921104e0 1 -1 8 492 26
get: 1496270098.125057 2 0 29 0x7fc9797fff30 0x7f55921104d8 1 -1 8 492 26
get: 1496270098.125160 2 0 29 0x7fc979800380 0x7f5592111748 1 -1 16 1354 53
get: 1496270098.125265 2 0 29 0x7fc979800340 0x7f55920518e0 1 -1 16 1354 53
get: 1496270098.125351 2 0 29 0x7fc979800350 0x7f5592111700 1 -1 16 1354 53
get: 1496270098.125451 2 0 29 0x7fc9797fff28 0x7f55921104e0 1 -1 8 492 26
get: 1496270098.125601 2 0 29 0x7fc9797fff30 0x7f55921104d8 1 -1 8 492 26
get: 1496270098.125715 2 0 29 0x7fc979800380 0x7f5592111748 1 -1 16 1354 53
get: 1496270098.125774 2 0 29 0x7fc979800340 0x7f55920518f0 1 -1 16 1354 53
task: 1496270098.125879 2 30 29 L 215 28 24
task: 1496270098.125887 2 31 29 L 218 28 31
Btask: 1496270098.125907 2 30
fork: 1496270098.125917 2 5 -2 28 0x7fc992800e10 136 30 
Btask: 1496270098.125941 2 31
fork: 1496270098.125954 2 6 -2 32 0x7fc993003e10 136 31 
Etask: 1496270098.148503 2 31
Etask: 1496270098.156791 2 30
Etask: 1496270098.156807 2 29
task: 1496270098.190239 2 32 4 O 0 -5 129
Btask: 1496270098.190383 2 32
get: 1496270098.190395 2 0 32 0x7fc974800930 0x7f559201d648 1 -1 16 1002 53
get: 1496270098.190493 2 0 32 0x7fc974800650 0x7f55921114c0 1 -1 16 753 53
get: 1496270098.190642 2 0 32 0x7fc974800670 0x7f5592111520 1 -1 16 753 53
get: 1496270098.190807 2 0 32 0x7fc974800528 0x7f55921104e0 1 -1 8 492 26
get: 1496270098.190879 2 0 32 0x7fc974800530 0x7f55921104d8 1 -1 8 492 26
get: 1496270098.191044 2 0 32 0x7fc9748006a0 0x7f5592111568 1 -1 16 753 53
get: 1496270098.191153 2 0 32 0x7fc974800660 0x7f5592051520 1 -1 16 753 53
get: 1496270098.191244 2 0 32 0x7fc974800970 0x7f559201d660 1 -1 16 1003 53
get: 1496270098.191348 2 0 32 0x7fc974800980 0x7f55921117a0 1 -1 16 1003 53
get: 1496270098.191442 2 0 32 0x7fc974800768 0x7f55921104e0 1 -1 8 492 26
get: 1496270098.191533 2 0 32 0x7fc974800770 0x7f55921104d8 1 -1 8 492 26
get: 1496270098.191694 2 0 32 0x7fc9748009b0 0x7f55921117e8 1 -1 16 1003 53
put: 1496270098.191810 2 0 32 0x7fc974800a50 0x7f5592051920 1 -1 16 1003 53
f_executeOn: 1496270098.191896 2 0 -2 18 0x7fc974800e70 112 32
Etask: 1496270098.192015 2 32
task: 1496270098.206146 2 33 1 O 0 -5 32
Btask: 1496270098.206298 2 33
get: 1496270098.206329 2 0 33 0x7fc967800330 0x7f559201d660 1 -1 16 1354 53
get: 1496270098.206414 2 0 33 0x7fc967800350 0x7f55921117a0 1 -1 16 1354 53
get: 1496270098.206491 2 0 33 0x7fc9677fff28 0x7f55921104e0 1 -1 8 492 26
get: 1496270098.206603 2 0 33 0x7fc9677fff30 0x7f55921104d8 1 -1 8 492 26
get: 1496270098.206722 2 0 33 0x7fc967800380 0x7f55921117e8 1 -1 16 1354 53
get: 1496270098.206792 2 0 33 0x7fc967800340 0x7f5592051900 1 -1 16 1354 53
get: 1496270098.206859 2 0 33 0x7fc967800350 0x7f55921117a0 1 -1 16 1354 53
get: 1496270098.207005 2 0 33 0x7fc9677fff28 0x7f55921104e0 1 -1 8 492 26
get: 1496270098.207073 2 0 33 0x7fc9677fff30 0x7f55921104d8 1 -1 8 492 26
get: 1496270098.207192 2 0 33 0x7fc967800380 0x7f55921117e8 1 -1 16 1354 53
get: 1496270098.207266 2 0 33 0x7fc967800340 0x7f5592051910 1 -1 16 1354 53
get: 1496270098.207355 2 0 33 0x7fc967800350 0x7f55921117a0 1 -1 16 1354 53
get: 1496270098.207489 2 0 33 0x7fc9677fff28 0x7f55921104e0 1 -1 8 492 26
get: 1496270098.207567 2 0 33 0x7fc9677fff30 0x7f55921104d8 1 -1 8 492 26
get: 1496270098.207661 2 0 33 0x7fc967800380 0x7f55921117e8 1 -1 16 1354 53
get: 1496270098.207769 2 0 33 0x7fc967800340 0x7f5592051920 1 -1 16 1354 53
get: 1496270098.207851 2 0 33 0x7fc967800350 0x7f55921117a0 1 -1 16 1354 53
get: 1496270098.207926 2 0 33 0x7fc9677fff28 0x7f55921104e0 1 -1 8 492 26
get: 1496270098.208032 2 0 33 0x7fc9677fff30 0x7f55921104d8 1 -1 8 492 26
get: 1496270098.208095 2 0 33 0x7fc967800380 0x7f55921117e8 1 -1 16 1354 53
get: 1496270098.208214 2 0 33 0x7fc967800340 0x7f5592051930 1 -1 16 1354 53
get: 1496270098.208280 2 0 33 0x7fc967800350 0x7f55921117a0 1 -1 16 1354 53
get: 1496270098.208392 2 0 33 0x7fc9677fff28 0x7f55921104e0 1 -1 8 492 26
get: 1496270098.208475 2 0 33 0x7fc9677fff30 0x7f55921104d8 1 -1 8 492 26
get: 1496270098.208580 2 0 33 0x7fc967800380 0x7f55921117e8 1 -1 16 1354 53
get: 1496270098.208726 2 0 33 0x7fc967800340 0x7f5592051940 1 -1 16 1354 53
get: 1496270098.208823 2 0 33 0x7fc967800350 0x7f55921117a0 1 -1 16 1354 53
get: 1496270098.208898 2 0 33 0x7fc9677fff28 0x7f55921104e0 1 -1 8 492 26
get: 1496270098.209015 2 0 33 0x7fc9677fff30 0x7f55921104d8 1 -1 8 492 26
get: 1496270098.209086 2 0 33 0x7fc967800380 0x7f55921117e8 1 -1 16 1354 53
get: 1496270098.209196 2 0 33 0x7fc967800340 0x7f5592051950 1 -1 16 1354 53
get: 1496270098.209339 2 0 33 0x7fc967800350 0x7f55921117a0 1 -1 16 1354 53
get: 1496270098.209433 2 0 33 0x7fc9677fff28 0x7f55921104e0 1 -1 8 492 26
get: 1496270098.209677 2 0 33 0x7fc9677fff30 0x7f55921104d8 1 -1 8 492 26
get: 1496270098.209750 2 0 33 0x7fc967800380 0x7f55921117e8 1 -1 16 1354 53
get: 1496270098.209864 2 0 33 0x7fc967800340 0x7f5592051960 1 -1 16 1354 53
get: 1496270098.209981 2 0 33 0x7fc967800350 0x7f55921117a0 1 -1 16 1354 53
get: 1496270098.210054 2 0 33 0x7fc9677fff28 0x7f55921104e0 1 -1 8 492 26
get: 1496270098.210194 2 0 33 0x7fc9677fff30 0x7f55921104d8 1 -1 8 492 26
get: 1496270098.210272 2 0 33 0x7fc967800380 0x7f55921117e8 1 -1 16 1354 53
get: 1496270098.210370 2 0 33 0x7fc967800340 0x7f5592051970 1 -1 16 1354 53
get: 1496270098.210534 2 0 33 0x7fc967800350 0x7f55921117a0 1 -1 16 1354 53
get: 1496270098.210633 2 0 33 0x7fc9677fff28 0x7f55921104e0 1 -1 8 492 26
get: 1496270098.210748 2 0 33 0x7fc9677fff30 0x7f55921104d8 1 -1 8 492 26
get: 1496270098.210838 2 0 33 0x7fc967800380 0x7f55921117e8 1 -1 16 1354 53
get: 1496270098.210958 2 0 33 0x7fc967800340 0x7f5592051980 1 -1 16 1354 53
get: 1496270098.211036 2 0 33 0x7fc967800350 0x7f55921117a0 1 -1 16 1354 53
get: 1496270098.211129 2 0 33 0x7fc9677fff28 0x7f55921104e0 1 -1 8 492 26
get: 1496270098.211236 2 0 33 0x7fc9677fff30 0x7f55921104d8 1 -1 8 492 26
get: 1496270098.211303 2 0 33 0x7fc967800380 0x7f55921117e8 1 -1 16 1354 53
get: 1496270098.211374 2 0 33 0x7fc967800340 0x7f5592051990 1 -1 16 1354 53
get: 1496270098.211443 2 0 33 0x7fc967800350 0x7f55921117a0 1 -1 16 1354 53
get: 1496270098.211536 2 0 33 0x7fc9677fff28 0x7f55921104e0 1 -1 8 492 26
get: 1496270098.211706 2 0 33 0x7fc9677fff30 0x7f55921104d8 1 -1 8 492 26
get: 1496270098.211840 2 0 33 0x7fc967800380 0x7f55921117e8 1 -1 16 1354 53
get: 1496270098.211912 2 0 33 0x7fc967800340 0x7f55920519a0 1 -1 16 1354 53
get: 1496270098.212032 2 0 33 0x7fc967800350 0x7f55921117a0 1 -1 16 1354 53
get: 1496270098.212106 2 0 33 0x7fc9677fff28 0x7f55921104e0 1 -1 8 492 26
get: 1496270098.212175 2 0 33 0x7fc9677fff30 0x7f55921104d8 1 -1 8 492 26
get: 1496270098.212291 2 0 33 0x7fc967800380 0x7f55921117e8 1 -1 16 1354 53
get: 1496270098.212349 2 0 33 0x7fc967800340 0x7f55920519b0 1 -1 16 1354 53
get: 1496270098.212426 2 0 33 0x7fc967800350 0x7f55921117a0 1 -1 16 1354 53
get: 1496270098.212495 2 0 33 0x7fc9677fff28 0x7f55921104e0 1 -1 8 492 26
get: 1496270098.212545 2 0 33 0x7fc9677fff30 0x7f55921104d8 1 -1 8 492 26
get: 1496270098.212604 2 0 33 0x7fc967800380 0x7f55921117e8 1 -1 16 1354 53
get: 1496270098.212663 2 0 33 0x7fc967800340 0x7f55920519c0 1 -1 16 1354 53
get: 1496270098.212749 2 0 33 0x7fc967800350 0x7f55921117a0 1 -1 16 1354 53
get: 1496270098.212895 2 0 33 0x7fc9677fff28 0x7f55921104e0 1 -1 8 492 26
get: 1496270098.212968 2 0 33 0x7fc9677fff30 0x7f55921104d8 1 -1 8 492 26
get: 1496270098.213117 2 0 33 0x7fc967800380 0x7f55921117e8 1 -1 16 1354 53
get: 1496270098.213238 2 0 33 0x7fc967800340 0x7f55920519d0 1 -1 16 1354 53
get: 1496270098.213391 2 0 33 0x7fc967800350 0x7f55921117a0 1 -1 16 1354 53
get: 1496270098.213443 2 0 33 0x7fc9677fff28 0x7f55921104e0 1 -1 8 492 26
get: 1496270098.213613 2 0 33 0x7fc9677fff30 0x7f55921104d8 1 -1 8 492 26
get: 1496270098.213686 2 0 33 0x7fc967800380 0x7f55921117e8 1 -1 16 1354 53
get: 1496270098.213752 2 0 33 0x7fc967800340 0x7f55920519e0 1 -1 16 1354 53
get: 1496270098.213909 2 0 33 0x7fc967800350 0x7f55921117a0 1 -1 16 1354 53
get: 1496270098.214027 2 0 33 0x7fc9677fff28 0x7f55921104e0 1 -1 8 492 26
get: 1496270098.214139 2 0 33 0x7fc9677fff30 0x7f55921104d8 1 -1 8 492 26
get: 1496270098.214258 2 0 33 0x7fc967800380 0x7f55921117e8 1 -1 16 1354 53
get: 1496270098.214335 2 0 33 0x7fc967800340 0x7f55920519f0 1 -1 16 1354 53
task: 1496270098.214431 2 34 33 L 215 28 24
task: 1496270098.214439 2 35 33 L 218 28 31
Btask: 1496270098.214484 2 35
fork: 1496270098.214497 2 6 -2 32 0x7fc993003e10 136 35 
Btask: 1496270098.214497 2 34
fork: 1496270098.214512 2 5 -2 28 0x7fc992800e10 136 34 
Etask: 1496270098.236442 2 34
Etask: 1496270098.448508 2 35
Etask: 1496270098.448525 2 33
task: 1496270098.449060 2 36 1 O 0 -5 129
Btask: 1496270098.449183 2 36
get: 1496270098.449195 2 0 36 0x7fc962800930 0x7f559201d6b8 1 -1 16 1002 53
get: 1496270098.449340 2 0 36 0x7fc962800650 0x7f55921114c0 1 -1 16 753 53
get: 1496270098.449409 2 0 36 0x7fc962800670 0x7f5592111520 1 -1 16 753 53
get: 1496270098.449497 2 0 36 0x7fc962800528 0x7f55921104e0 1 -1 8 492 26
get: 1496270098.449587 2 0 36 0x7fc962800530 0x7f55921104d8 1 -1 8 492 26
get: 1496270098.449677 2 0 36 0x7fc9628006a0 0x7f5592111568 1 -1 16 753 53
get: 1496270098.449738 2 0 36 0x7fc962800660 0x7f5592051520 1 -1 16 753 53
get: 1496270098.449792 2 0 36 0x7fc962800970 0x7f559201d6d0 1 -1 16 1003 53
get: 1496270098.449888 2 0 36 0x7fc962800980 0x7f5592111840 1 -1 16 1003 53
get: 1496270098.450009 2 0 36 0x7fc962800768 0x7f55921104e0 1 -1 8 492 26
get: 1496270098.450079 2 0 36 0x7fc962800770 0x7f55921104d8 1 -1 8 492 26
get: 1496270098.450140 2 0 36 0x7fc9628009b0 0x7f5592111888 1 -1 16 1003 53
put: 1496270098.450238 2 0 36 0x7fc962800a50 0x7f5592051a20 1 -1 16 1003 53
f_executeOn: 1496270098.450324 2 0 -2 18 0x7fc962800e70 112 36
Etask: 1496270098.450432 2 36
task: 1496270098.453244 2 37 4 O 0 -5 32
Btask: 1496270098.453377 2 37
get: 1496270098.453408 2 0 37 0x7fc95d800330 0x7f559201d6d0 1 -1 16 1354 53
get: 1496270098.453489 2 0 37 0x7fc95d800350 0x7f5592111840 1 -1 16 1354 53
get: 1496270098.453599 2 0 37 0x7fc95d7fff28 0x7f55921104e0 1 -1 8 492 26
get: 1496270098.453749 2 0 37 0x7fc95d7fff30 0x7f55921104d8 1 -1 8 492 26
get: 1496270098.453802 2 0 37 0x7fc95d800380 0x7f5592111888 1 -1 16 1354 53
get: 1496270098.453863 2 0 37 0x7fc95d800340 0x7f5592051a00 1 -1 16 1354 53
get: 1496270098.453956 2 0 37 0x7fc95d800350 0x7f5592111840 1 -1 16 1354 53
get: 1496270098.454057 2 0 37 0x7fc95d7fff28 0x7f55921104e0 1 -1 8 492 26
get: 1496270098.454171 2 0 37 0x7fc95d7fff30 0x7f55921104d8 1 -1 8 492 26
get: 1496270098.454240 2 0 37 0x7fc95d800380 0x7f5592111888 1 -1 16 1354 53
get: 1496270098.454295 2 0 37 0x7fc95d800340 0x7f5592051a10 1 -1 16 1354 53
get: 1496270098.454401 2 0 37 0x7fc95d800350 0x7f5592111840 1 -1 16 1354 53
get: 1496270098.454495 2 0 37 0x7fc95d7fff28 0x7f55921104e0 1 -1 8 492 26
get: 1496270098.454622 2 0 37 0x7fc95d7fff30 0x7f55921104d8 1 -1 8 492 26
get: 1496270098.454710 2 0 37 0x7fc95d800380 0x7f5592111888 1 -1 16 1354 53
get: 1496270098.454788 2 0 37 0x7fc95d800340 0x7f5592051a20 1 -1 16 1354 53
get: 1496270098.454842 2 0 37 0x7fc95d800350 0x7f5592111840 1 -1 16 1354 53
get: 1496270098.454890 2 0 37 0x7fc95d7fff28 0x7f55921104e0 1 -1 8 492 26
get: 1496270098.454938 2 0 37 0x7fc95d7fff30 0x7f55921104d8 1 -1 8 492 26
get: 1496270098.455010 2 0 37 0x7fc95d800380 0x7f5592111888 1 -1 16 1354 53
get: 1496270098.455081 2 0 37 0x7fc95d800340 0x7f5592051a30 1 -1 16 1354 53
get: 1496270098.455138 2 0 37 0x7fc95d800350 0x7f5592111840 1 -1 16 1354 53
get: 1496270098.455257 2 0 37 0x7fc95d7fff28 0x7f55921104e0 1 -1 8 492 26
get: 1496270098.455331 2 0 37 0x7fc95d7fff30 0x7f55921104d8 1 -1 8 492 26
get: 1496270098.455441 2 0 37 0x7fc95d800380 0x7f5592111888 1 -1 16 1354 53
get: 1496270098.455488 2 0 37 0x7fc95d800340 0x7f5592051a40 1 -1 16 1354 53
get: 1496270098.455540 2 0 37 0x7fc95d800350 0x7f5592111840 1 -1 16 1354 53
get: 1496270098.455610 2 0 37 0x7fc95d7fff28 0x7f55921104e0 1 -1 8 492 26
get: 1496270098.455687 2 0 37 0x7fc95d7fff30 0x7f55921104d8 1 -1 8 492 26
get: 1496270098.455742 2 0 37 0x7fc95d800380 0x7f5592111888 1 -1 16 1354 53
get: 1496270098.455857 2 0 37 0x7fc95d800340 0x7f5592051a50 1 -1 16 1354 53
get: 1496270098.455913 2 0 37 0x7fc95d800350 0x7f5592111840 1 -1 16 1354 53
get: 1496270098.456004 2 0 37 0x7fc95d7fff28 0x7f55921104e0 1 -1 8 492 26
get: 1496270098.456056 2 0 37 0x7fc95d7fff30 0x7f55921104d8 1 -1 8 492 26
get: 1496270098.456105 2 0 37 0x7fc95d800380 0x7f5592111888 1 -1 16 1354 53
get: 1496270098.456151 2 0 37 0x7fc95d800340 0x7f5592051a60 1 -1 16 1354 53
get: 1496270098.456201 2 0 37 0x7fc95d800350 0x7f5592111840 1 -1 16 1354 53
get: 1496270098.456266 2 0 37 0x7fc95d7fff28 0x7f55921104e0 1 -1 8 492 26
get: 1496270098.456397 2 0 37 0x7fc95d7fff30 0x7f55921104d8 1 -1 8 492 26
get: 1496270098.456458 2 0 37 0x7fc95d800380 0x7f5592111888 1 -1 16 1354 53
get: 1496270098.456555 2 0 37 0x7fc95d800340 0x7f5592051a70 1 -1 16 1354 53
get: 1496270098.456609 2 0 37 0x7fc95d800350 0x7f5592111840 1 -1 16 1354 53
get: 1496270098.456701 2 0 37 0x7fc95d7fff28 0x7f55921104e0 1 -1 8 492 26
get: 1496270098.456753 2 0 37 0x7fc95d7fff30 0x7f55921104d8 1 -1 8 492 26
get: 1496270098.456819 2 0 37 0x7fc95d800380 0x7f5592111888 1 -1 16 1354 53
get: 1496270098.456906 2 0 37 0x7fc95d800340 0x7f5592051a80 1 -1 16 1354 53
get: 1496270098.456992 2 0 37 0x7fc95d800350 0x7f5592111840 1 -1 16 1354 53
get: 1496270098.457067 2 0 37 0x7fc95d7fff28 0x7f55921104e0 1 -1 8 492 26
get: 1496270098.457145 2 0 37 0x7fc95d7fff30 0x7f55921104d8 1 -1 8 492 26
get: 1496270098.457198 2 0 37 0x7fc95d800380 0x7f5592111888 1 -1 16 1354 53
get: 1496270098.457300 2 0 37 0x7fc95d800340 0x7f5592051a90 1 -1 16 1354 53
get: 1496270098.457423 2 0 37 0x7fc95d800350 0x7f5592111840 1 -1 16 1354 53
get: 1496270098.457502 2 0 37 0x7fc95d7fff28 0x7f55921104e0 1 -1 8 492 26
get: 1496270098.457638 2 0 37 0x7fc95d7fff30 0x7f55921104d8 1 -1 8 492 26
get: 1496270098.457803 2 0 37 0x7fc95d800380 0x7f5592111888 1 -1 16 1354 53
get: 1496270098.457883 2 0 37 0x7fc95d800340 0x7f5592051aa0 1 -1 16 1354 53
get: 1496270098.457966 2 0 37 0x7fc95d800350 0x7f5592111840 1 -1 16 1354 53
get: 1496270098.458113 2 0 37 0x7fc95d7fff28 0x7f55921104e0 1 -1 8 492 26
get: 1496270098.458167 2 0 37 0x7fc95d7fff30 0x7f55921104d8 1 -1 8 492 26
get: 1496270098.458262 2 0 37 0x7fc95d800380 0x7f5592111888 1 -1 16 1354 53
get: 1496270098.458325 2 0 37 0x7fc95d800340 0x7f5592051ab0 1 -1 16 1354 53
get: 1496270098.458411 2 0 37 0x7fc95d800350 0x7f5592111840 1 -1 16 1354 53
get: 1496270098.458479 2 0 37 0x7fc95d7fff28 0x7f55921104e0 1 -1 8 492 26
get: 1496270098.458574 2 0 37 0x7fc95d7fff30 0x7f55921104d8 1 -1 8 492 26
get: 1496270098.458624 2 0 37 0x7fc95d800380 0x7f5592111888 1 -1 16 1354 53
get: 1496270098.458700 2 0 37 0x7fc95d800340 0x7f5592051ac0 1 -1 16 1354 53
get: 1496270098.458751 2 0 37 0x7fc95d800350 0x7f5592111840 1 -1 16 1354 53
get: 1496270098.458810 2 0 37 0x7fc95d7fff28 0x7f55921104e0 1 -1 8 492 26
get: 1496270098.458893 2 0 37 0x7fc95d7fff30 0x7f55921104d8 1 -1 8 492 26
get: 1496270098.458971 2 0 37 0x7fc95d800380 0x7f5592111888 1 -1 16 1354 53
get: 1496270098.459077 2 0 37 0x7fc95d800340 0x7f5592051ad0 1 -1 16 1354 53
get: 1496270098.459147 2 0 37 0x7fc95d800350 0x7f5592111840 1 -1 16 1354 53
get: 1496270098.459271 2 0 37 0x7fc95d7fff28 0x7f55921104e0 1 -1 8 492 26
get: 1496270098.459354 2 0 37 0x7fc95d7fff30 0x7f55921104d8 1 -1 8 492 26
get: 1496270098.459502 2 0 37 0x7fc95d800380 0x7f5592111888 1 -1 16 1354 53
get: 1496270098.459560 2 0 37 0x7fc95d800340 0x7f5592051ae0 1 -1 16 1354 53
get: 1496270098.459619 2 0 37 0x7fc95d800350 0x7f5592111840 1 -1 16 1354 53
get: 1496270098.459685 2 0 37 0x7fc95d7fff28 0x7f55921104e0 1 -1 8 492 26
get: 1496270098.459795 2 0 37 0x7fc95d7fff30 0x7f55921104d8 1 -1 8 492 26
get: 1496270098.459860 2 0 37 0x7fc95d800380 0x7f5592111888 1 -1 16 1354 53
get: 1496270098.459909 2 0 37 0x7fc95d800340 0x7f5592051af0 1 -1 16 1354 53
task: 1496270098.460006 2 38 37 L 215 28 24
task: 1496270098.460013 2 39 37 L 218 28 31
Btask: 1496270098.460049 2 39
fork: 1496270098.460060 2 6 -2 32 0x7fc993003e10 136 39 
Btask: 1496270098.460070 2 38
fork: 1496270098.460086 2 5 -2 28 0x7fc992800e10 136 38 
Etask: 1496270098.481974 2 38
Etask: 1496270098.516618 2 39
Etask: 1496270098.516650 2 37
task: 1496270098.517297 2 40 4 O 0 -5 158
Btask: 1496270098.517451 2 40
VdbMark: 1496270098.517461 2 40
task: 1496270098.517470 2 41 40 L 98 52 157
Btask: 1496270098.517513 2 41
fork: 1496270098.517527 2 3 -2 158 0x7fc98d800dd0 168 41 
Etask: 1496270098.517808 2 41
Tag: 1496270098.517811 2.292000 1.020000 2 40 2
Etask: 1496270098.517853 2 40
task: 1496270098.525375 2 42 1 O 0 -5 164
Btask: 1496270098.525424 2 42
f_executeOn: 1496270098.525501 2 0 -2 18 0x7fc992800e20 112 42
Etask: 1496270098.525653 2 42
task: 1496270098.532663 2 43 1 O 0 -5 158
Btask: 1496270098.532685 2 43
VdbMark: 1496270098.532691 2 43
task: 1496270098.532713 2 44 43 L 98 52 157
Btask: 1496270098.532772 2 44
fork: 1496270098.532786 2 3 -2 158 0x7fc992800dd0 168 44 
Etask: 1496270098.532970 2 44
Tag: 1496270098.532972 2.312000 1.036000 2 43 3
Etask: 1496270098.533043 2 43
task: 1496270098.576900 2 45 1 O 0 -5 158
Btask: 1496270098.576943 2 45
VdbMark: 1496270098.576953 2 45
task: 1496270098.576968 2 46 45 L 98 52 157
Btask: 1496270098.576992 2 46
fork: 1496270098.576999 2 3 -2 158 0x7fc98e003dd0 168 46 
Etask: 1496270098.577325 2 46
Tag: 1496270098.577384 2.372000 1.072000 2 45 4
Etask: 1496270098.577411 2 45
task: 1496270098.584761 2 47 4 O 0 -5 162
Btask: 1496270098.584797 2 47
task: 1496270098.584833 2 48 47 L 30 51 159
task: 1496270098.584845 2 49 47 L 32 51 161
Btask: 1496270098.584895 2 48
Btask: 1496270098.584908 2 49
fork: 1496270098.584911 2 5 -2 160 0x7fc992800e60 104 48 
fork: 1496270098.584921 2 6 -2 162 0x7fc993003e60 104 49 
Etask: 1496270098.587063 2 48
Etask: 1496270098.592354 2 49
Etask: 1496270098.592387 2 47
task: 1496270098.592606 2 50 1 O 0 -5 158
Btask: 1496270098.592643 2 50
VdbMark: 1496270098.592647 2 50
task: 1496270098.592655 2 51 50 L 98 52 157
Btask: 1496270098.592668 2 51
fork: 1496270098.592675 2 3 -2 158 0x7fc988800dd0 168 51 
Etask: 1496270098.593606 2 51
Tag: 1496270098.593607 2.404000 1.088000 2 50 5
Etask: 1496270098.593651 2 50
task: 1496270098.603051 2 52 4 O 0 -5 158
Btask: 1496270098.603096 2 52
VdbMark: 1496270098.603109 2 52
task: 1496270098.603119 2 53 52 L 98 52 157
Btask: 1496270098.603139 2 53
fork: 1496270098.603155 2 3 -2 158 0x7fc993003dd0 168 53 
Etask: 1496270098.603349 2 53
Tag: 1496270098.603359 2.420000 1.100000 2 52 6
Etask: 1496270098.603382 2 52
task: 1496270098.607594 2 54 1 O 0 -5 168
Btask: 1496270098.607667 2 54
task: 1496270098.607684 2 55 54 L 76 51 165
task: 1496270098.607703 2 56 54 L 78 51 167
task: 1496270098.607709 2 57 54 L 80 51 169
Btask: 1496270098.607717 2 55
fork: 1496270098.607725 2 5 -2 166 0x7fc98d800e90 72 55 
Btask: 1496270098.607738 2 56
Btask: 1496270098.607740 2 57
fork: 1496270098.607748 2 6 -2 168 0x7fc988800e90 72 56 
Etask: 1496270098.607755 2 57
Etask: 1496270098.608645 2 55
Etask: 1496270098.616485 2 56
Etask: 1496270098.616508 2 54
task: 1496270098.619667 2 58 1 O 0 -5 158
Btask: 1496270098.619733 2 58
VdbMark: 1496270098.619745 2 58
task: 1496270098.619752 2 59 58 L 98 52 157
Btask: 1496270098.619780 2 59
fork: 1496270098.619787 2 3 -2 158 0x7fc98d800dd0 168 59 
Etask: 1496270098.620351 2 59
Tag: 1496270098.620353 2.476000 1.108000 2 58 7
Etask: 1496270098.620382 2 58
task: 1496270098.667882 2 60 4 O 0 -5 158
Btask: 1496270098.667930 2 60
VdbMark: 1496270098.667942 2 60
task: 1496270098.667948 2 61 60 L 98 52 157
Btask: 1496270098.667992 2 61
fork: 1496270098.668017 2 3 -2 158 0x7fc98d800dd0 168 61 
Etask: 1496270098.668252 2 61
Tag: 1496270098.668254 2.560000 1.124000 2 60 8
Etask: 1496270098.668284 2 60
task: 1496270098.677516 2 62 4 O 0 -5 171
Btask: 1496270098.677578 2 62
task: 1496270098.677594 2 63 62 L 113 51 170
Btask: 1496270098.677706 2 63
fork: 1496270098.677722 2 3 -2 171 0x7fc98d800e60 96 63 
Etask: 1496270098.677951 2 63
Etask: 1496270098.677976 2 62
task: 1496270098.684661 2 64 4 O 0 -5 158
Btask: 1496270098.684725 2 64
VdbMark: 1496270098.684737 2 64
task: 1496270098.684744 2 65 64 L 98 52 157
Btask: 1496270098.684802 2 65
fork: 1496270098.684817 2 3 -2 158 0x7fc98d800dd0 168 65 
Etask: 1496270098.685060 2 65
Tag: 1496270098.685061 2.580000 1.148000 2 64 9
Etask: 1496270098.685090 2 64
task: 1496270098.720989 2 66 1 O 0 -5 158
Btask: 1496270098.721033 2 66
VdbMark: 1496270098.721044 2 66
task: 1496270098.721052 2 67 66 L 98 52 157
Btask: 1496270098.721106 2 67
fork: 1496270098.721133 2 3 -2 158 0x7fc988800dd0 168 67 
Etask: 1496270098.721489 2 67
Pause: 1496270098.721492 2.608000 1.200000 2 66 9
VdbMark: 1496270098.723882 2 68
Tag: 1496270098.724220 2.616000 1.204000 2 68 10
Etask: 1496270098.724258 2 68
task: 1496270098.755365 2 70 1 O 0 -5 172
Btask: 1496270098.755441 2 70
get: 1496270098.755473 2 0 70 0x7fc993003e80 0x7f55537ffd58 1 -1 8 157 51
get: 1496270098.755721 2 0 70 0x7fc993003e88 0x7f55537ffd58 1 -1 8 157 51
fork: 1496270098.755897 2 3 -2 172 0x7fc993003d90 120 70 
Etask: 1496270098.756801 2 70
task: 1496270098.757995 2 71 4 O 0 -5 158
Btask: 1496270098.758052 2 71
VdbMark: 1496270098.758065 2 71
task: 1496270098.758075 2 72 71 L 98 52 157
Btask: 1496270098.758102 2 72
fork: 1496270098.758112 2 3 -2 158 0x7fc988800dd0 168 72 
Etask: 1496270098.758291 2 72
Tag: 1496270098.758292 2.668000 1.224000 2 71 11
Etask: 1496270098.758325 2 71
task: 1496270098.781860 2 73 4 O 0 -5 158
Btask: 1496270098.781899 2 73
VdbMark: 1496270098.781914 2 73
task: 1496270098.781927 2 74 73 L 98 52 157
Btask: 1496270098.781977 2 74
fork: 1496270098.781990 2 3 -2 158 0x7fc98d800dd0 168 74 
Etask: 1496270098.782207 2 74
Pause: 1496270098.782210 2.696000 1.252000 2 73 11
VdbMark: 1496270098.786139 2 75
Tag: 1496270098.786397 2.700000 1.260000 2 75 12
Etask: 1496270098.786422 2 75
task: 1496270098.791684 2 77 1 O 0 -5 174
Btask: 1496270098.791719 2 77
task: 1496270098.791738 2 78 77 L 201 51 173
Btask: 1496270098.791786 2 78
fork: 1496270098.791799 2 3 -2 174 0x7fc98d800e30 120 78 
Etask: 1496270098.792358 2 78
Etask: 1496270098.792376 2 77
task: 1496270098.804201 2 79 4 O 0 -5 158
Btask: 1496270098.804239 2 79
VdbMark: 1496270098.804244 2 79
task: 1496270098.804265 2 80 79 L 98 52 157
Btask: 1496270098.804362 2 80
fork: 1496270098.804379 2 3 -2 158 0x7fc97e800dd0 168 80 
Etask: 1496270098.806840 2 80
End: 1496270098.806843 2.720000 1.296000 2 79
