ChplVdebug: ver 1.2 nodes 16 nid 10 tid 2 seq 56097699490.000 1496270097.705480 0.308000 0.160000 
Etask: 1496270097.706945 10 2
task: 1496270097.730457 10 3 1 O 0 -5 158
Btask: 1496270097.731015 10 3
VdbMark: 1496270097.731469 10 3
task: 1496270097.731481 10 4 3 L 98 52 157
Btask: 1496270097.731535 10 4
fork: 1496270097.732004 10 11 -2 158 0x7f727e800dd0 168 4 
Etask: 1496270097.733877 10 4
Tag: 1496270097.733879 0.352000 0.180000 10 3 0
Etask: 1496270097.733915 10 3
task: 1496270097.753070 10 5 1 O 0 -5 123
Btask: 1496270097.753616 10 5
get: 1496270097.754077 10 0 5 0x7f7264800c50 0x7f5592184348 1 -1 16 451 53
get: 1496270097.754430 10 0 5 0x7f7264800c60 0x7f55921113e0 1 -1 16 451 53
get: 1496270097.754560 10 0 5 0x7f7264800b08 0x7f55921104e0 1 -1 8 492 26
get: 1496270097.754750 10 0 5 0x7f7264800b10 0x7f55921104d8 1 -1 8 492 26
get: 1496270097.754927 10 0 5 0x7f7264800c90 0x7f5592111428 1 -1 16 451 53
put: 1496270097.755515 10 0 5 0x7f7264800cb0 0x7f55920514a0 1 -1 16 451 53
f_executeOn: 1496270097.755718 10 0 -2 18 0x7f7264800df0 112 5
Etask: 1496270097.755889 10 5
task: 1496270097.810349 10 6 7 O 0 -5 33
Btask: 1496270097.810943 10 6
get: 1496270097.811525 10 4 6 0x7f725f7fff30 0x7f893080f0a8 1 -1 16 1295 53
get: 1496270097.811718 10 4 6 0x7f725f7ffe30 0x7f893080f088 1 -1 16 1294 53
get: 1496270097.811906 10 4 6 0x7f725f7ffe50 0x7f8930817020 1 -1 16 1294 53
get: 1496270097.812166 10 4 6 0x7f725f7ff9a8 0x7f893080e160 1 -1 8 492 26
get: 1496270097.812410 10 4 6 0x7f725f7ff9b0 0x7f893080e158 1 -1 8 492 26
get: 1496270097.812679 10 4 6 0x7f725f7ffe80 0x7f8930817068 1 -1 16 1294 53
get: 1496270097.812906 10 4 6 0x7f725f7ffe40 0x7f8930820000 1 -1 16 1294 53
get: 1496270097.813097 10 4 6 0x7f725f7fff50 0x7f89308170c0 1 -1 16 1295 53
get: 1496270097.813289 10 4 6 0x7f725f7ff9a8 0x7f893080e160 1 -1 8 492 26
get: 1496270097.813443 10 4 6 0x7f725f7ff9b0 0x7f893080e158 1 -1 8 492 26
get: 1496270097.813572 10 4 6 0x7f725f7fff80 0x7f8930817108 1 -1 16 1295 53
get: 1496270097.813682 10 4 6 0x7f725f7fff40 0x7f8930820100 1 -1 16 1295 53
get: 1496270097.813844 10 4 6 0x7f725f7ffe50 0x7f8930817020 1 -1 16 1294 53
get: 1496270097.813990 10 4 6 0x7f725f7ff9a8 0x7f893080e160 1 -1 8 492 26
get: 1496270097.814163 10 4 6 0x7f725f7ff9b0 0x7f893080e158 1 -1 8 492 26
get: 1496270097.814363 10 4 6 0x7f725f7ffe80 0x7f8930817068 1 -1 16 1294 53
get: 1496270097.814526 10 4 6 0x7f725f7ffe40 0x7f8930820010 1 -1 16 1294 53
get: 1496270097.814655 10 4 6 0x7f725f7fff50 0x7f89308170c0 1 -1 16 1295 53
get: 1496270097.814744 10 4 6 0x7f725f7ff9a8 0x7f893080e160 1 -1 8 492 26
get: 1496270097.814835 10 4 6 0x7f725f7ff9b0 0x7f893080e158 1 -1 8 492 26
get: 1496270097.814956 10 4 6 0x7f725f7fff80 0x7f8930817108 1 -1 16 1295 53
get: 1496270097.815146 10 4 6 0x7f725f7fff40 0x7f8930820110 1 -1 16 1295 53
get: 1496270097.815301 10 4 6 0x7f725f7ffe50 0x7f8930817020 1 -1 16 1294 53
get: 1496270097.815424 10 4 6 0x7f725f7ff9a8 0x7f893080e160 1 -1 8 492 26
get: 1496270097.815530 10 4 6 0x7f725f7ff9b0 0x7f893080e158 1 -1 8 492 26
get: 1496270097.815658 10 4 6 0x7f725f7ffe80 0x7f8930817068 1 -1 16 1294 53
get: 1496270097.815792 10 4 6 0x7f725f7ffe40 0x7f8930820020 1 -1 16 1294 53
get: 1496270097.815926 10 4 6 0x7f725f7fff50 0x7f89308170c0 1 -1 16 1295 53
get: 1496270097.816016 10 4 6 0x7f725f7ff9a8 0x7f893080e160 1 -1 8 492 26
get: 1496270097.816083 10 4 6 0x7f725f7ff9b0 0x7f893080e158 1 -1 8 492 26
get: 1496270097.816208 10 4 6 0x7f725f7fff80 0x7f8930817108 1 -1 16 1295 53
get: 1496270097.816337 10 4 6 0x7f725f7fff40 0x7f8930820120 1 -1 16 1295 53
get: 1496270097.816428 10 4 6 0x7f725f7ffe50 0x7f8930817020 1 -1 16 1294 53
get: 1496270097.816555 10 4 6 0x7f725f7ff9a8 0x7f893080e160 1 -1 8 492 26
get: 1496270097.816684 10 4 6 0x7f725f7ff9b0 0x7f893080e158 1 -1 8 492 26
get: 1496270097.816790 10 4 6 0x7f725f7ffe80 0x7f8930817068 1 -1 16 1294 53
get: 1496270097.816882 10 4 6 0x7f725f7ffe40 0x7f8930820030 1 -1 16 1294 53
get: 1496270097.817055 10 4 6 0x7f725f7fff50 0x7f89308170c0 1 -1 16 1295 53
get: 1496270097.817209 10 4 6 0x7f725f7ff9a8 0x7f893080e160 1 -1 8 492 26
get: 1496270097.817326 10 4 6 0x7f725f7ff9b0 0x7f893080e158 1 -1 8 492 26
get: 1496270097.817500 10 4 6 0x7f725f7fff80 0x7f8930817108 1 -1 16 1295 53
get: 1496270097.817646 10 4 6 0x7f725f7fff40 0x7f8930820130 1 -1 16 1295 53
get: 1496270097.817776 10 4 6 0x7f725f7ffe50 0x7f8930817020 1 -1 16 1294 53
get: 1496270097.817916 10 4 6 0x7f725f7ff9a8 0x7f893080e160 1 -1 8 492 26
get: 1496270097.817998 10 4 6 0x7f725f7ff9b0 0x7f893080e158 1 -1 8 492 26
get: 1496270097.818121 10 4 6 0x7f725f7ffe80 0x7f8930817068 1 -1 16 1294 53
get: 1496270097.818217 10 4 6 0x7f725f7ffe40 0x7f8930820040 1 -1 16 1294 53
get: 1496270097.818271 10 4 6 0x7f725f7fff50 0x7f89308170c0 1 -1 16 1295 53
get: 1496270097.818328 10 4 6 0x7f725f7ff9a8 0x7f893080e160 1 -1 8 492 26
get: 1496270097.818383 10 4 6 0x7f725f7ff9b0 0x7f893080e158 1 -1 8 492 26
get: 1496270097.818473 10 4 6 0x7f725f7fff80 0x7f8930817108 1 -1 16 1295 53
get: 1496270097.818607 10 4 6 0x7f725f7fff40 0x7f8930820140 1 -1 16 1295 53
get: 1496270097.818744 10 4 6 0x7f725f7ffe50 0x7f8930817020 1 -1 16 1294 53
get: 1496270097.818837 10 4 6 0x7f725f7ff9a8 0x7f893080e160 1 -1 8 492 26
get: 1496270097.818945 10 4 6 0x7f725f7ff9b0 0x7f893080e158 1 -1 8 492 26
get: 1496270097.819045 10 4 6 0x7f725f7ffe80 0x7f8930817068 1 -1 16 1294 53
get: 1496270097.819137 10 4 6 0x7f725f7ffe40 0x7f8930820050 1 -1 16 1294 53
get: 1496270097.819247 10 4 6 0x7f725f7fff50 0x7f89308170c0 1 -1 16 1295 53
get: 1496270097.819369 10 4 6 0x7f725f7ff9a8 0x7f893080e160 1 -1 8 492 26
get: 1496270097.819522 10 4 6 0x7f725f7ff9b0 0x7f893080e158 1 -1 8 492 26
get: 1496270097.819628 10 4 6 0x7f725f7fff80 0x7f8930817108 1 -1 16 1295 53
get: 1496270097.819762 10 4 6 0x7f725f7fff40 0x7f8930820150 1 -1 16 1295 53
get: 1496270097.819910 10 4 6 0x7f725f7ffe50 0x7f8930817020 1 -1 16 1294 53
get: 1496270097.820041 10 4 6 0x7f725f7ff9a8 0x7f893080e160 1 -1 8 492 26
get: 1496270097.820103 10 4 6 0x7f725f7ff9b0 0x7f893080e158 1 -1 8 492 26
get: 1496270097.820158 10 4 6 0x7f725f7ffe80 0x7f8930817068 1 -1 16 1294 53
get: 1496270097.820232 10 4 6 0x7f725f7ffe40 0x7f8930820060 1 -1 16 1294 53
get: 1496270097.820323 10 4 6 0x7f725f7fff50 0x7f89308170c0 1 -1 16 1295 53
get: 1496270097.820416 10 4 6 0x7f725f7ff9a8 0x7f893080e160 1 -1 8 492 26
get: 1496270097.820563 10 4 6 0x7f725f7ff9b0 0x7f893080e158 1 -1 8 492 26
get: 1496270097.820705 10 4 6 0x7f725f7fff80 0x7f8930817108 1 -1 16 1295 53
get: 1496270097.820824 10 4 6 0x7f725f7fff40 0x7f8930820160 1 -1 16 1295 53
get: 1496270097.820894 10 4 6 0x7f725f7ffe50 0x7f8930817020 1 -1 16 1294 53
get: 1496270097.821064 10 4 6 0x7f725f7ff9a8 0x7f893080e160 1 -1 8 492 26
get: 1496270097.821190 10 4 6 0x7f725f7ff9b0 0x7f893080e158 1 -1 8 492 26
get: 1496270097.821311 10 4 6 0x7f725f7ffe80 0x7f8930817068 1 -1 16 1294 53
get: 1496270097.821431 10 4 6 0x7f725f7ffe40 0x7f8930820070 1 -1 16 1294 53
get: 1496270097.821561 10 4 6 0x7f725f7fff50 0x7f89308170c0 1 -1 16 1295 53
get: 1496270097.821681 10 4 6 0x7f725f7ff9a8 0x7f893080e160 1 -1 8 492 26
get: 1496270097.821799 10 4 6 0x7f725f7ff9b0 0x7f893080e158 1 -1 8 492 26
get: 1496270097.821883 10 4 6 0x7f725f7fff80 0x7f8930817108 1 -1 16 1295 53
get: 1496270097.822037 10 4 6 0x7f725f7fff40 0x7f8930820170 1 -1 16 1295 53
get: 1496270097.822167 10 4 6 0x7f725f7ffe50 0x7f8930817020 1 -1 16 1294 53
get: 1496270097.822293 10 4 6 0x7f725f7ff9a8 0x7f893080e160 1 -1 8 492 26
get: 1496270097.822420 10 4 6 0x7f725f7ff9b0 0x7f893080e158 1 -1 8 492 26
get: 1496270097.822539 10 4 6 0x7f725f7ffe80 0x7f8930817068 1 -1 16 1294 53
get: 1496270097.822661 10 4 6 0x7f725f7ffe40 0x7f8930820080 1 -1 16 1294 53
get: 1496270097.822823 10 4 6 0x7f725f7fff50 0x7f89308170c0 1 -1 16 1295 53
get: 1496270097.822944 10 4 6 0x7f725f7ff9a8 0x7f893080e160 1 -1 8 492 26
get: 1496270097.823098 10 4 6 0x7f725f7ff9b0 0x7f893080e158 1 -1 8 492 26
get: 1496270097.823223 10 4 6 0x7f725f7fff80 0x7f8930817108 1 -1 16 1295 53
get: 1496270097.823389 10 4 6 0x7f725f7fff40 0x7f8930820180 1 -1 16 1295 53
get: 1496270097.823481 10 4 6 0x7f725f7ffe50 0x7f8930817020 1 -1 16 1294 53
get: 1496270097.823579 10 4 6 0x7f725f7ff9a8 0x7f893080e160 1 -1 8 492 26
get: 1496270097.823678 10 4 6 0x7f725f7ff9b0 0x7f893080e158 1 -1 8 492 26
get: 1496270097.823766 10 4 6 0x7f725f7ffe80 0x7f8930817068 1 -1 16 1294 53
get: 1496270097.823861 10 4 6 0x7f725f7ffe40 0x7f8930820090 1 -1 16 1294 53
get: 1496270097.823966 10 4 6 0x7f725f7fff50 0x7f89308170c0 1 -1 16 1295 53
get: 1496270097.824109 10 4 6 0x7f725f7ff9a8 0x7f893080e160 1 -1 8 492 26
get: 1496270097.824240 10 4 6 0x7f725f7ff9b0 0x7f893080e158 1 -1 8 492 26
get: 1496270097.824362 10 4 6 0x7f725f7fff80 0x7f8930817108 1 -1 16 1295 53
get: 1496270097.824465 10 4 6 0x7f725f7fff40 0x7f8930820190 1 -1 16 1295 53
get: 1496270097.824560 10 4 6 0x7f725f7ffe50 0x7f8930817020 1 -1 16 1294 53
get: 1496270097.824691 10 4 6 0x7f725f7ff9a8 0x7f893080e160 1 -1 8 492 26
get: 1496270097.824786 10 4 6 0x7f725f7ff9b0 0x7f893080e158 1 -1 8 492 26
get: 1496270097.824915 10 4 6 0x7f725f7ffe80 0x7f8930817068 1 -1 16 1294 53
get: 1496270097.825045 10 4 6 0x7f725f7ffe40 0x7f89308200a0 1 -1 16 1294 53
get: 1496270097.825175 10 4 6 0x7f725f7fff50 0x7f89308170c0 1 -1 16 1295 53
get: 1496270097.825295 10 4 6 0x7f725f7ff9a8 0x7f893080e160 1 -1 8 492 26
get: 1496270097.825390 10 4 6 0x7f725f7ff9b0 0x7f893080e158 1 -1 8 492 26
get: 1496270097.825486 10 4 6 0x7f725f7fff80 0x7f8930817108 1 -1 16 1295 53
get: 1496270097.825574 10 4 6 0x7f725f7fff40 0x7f89308201a0 1 -1 16 1295 53
get: 1496270097.825629 10 4 6 0x7f725f7ffe50 0x7f8930817020 1 -1 16 1294 53
get: 1496270097.825723 10 4 6 0x7f725f7ff9a8 0x7f893080e160 1 -1 8 492 26
get: 1496270097.825854 10 4 6 0x7f725f7ff9b0 0x7f893080e158 1 -1 8 492 26
get: 1496270097.825950 10 4 6 0x7f725f7ffe80 0x7f8930817068 1 -1 16 1294 53
get: 1496270097.826045 10 4 6 0x7f725f7ffe40 0x7f89308200b0 1 -1 16 1294 53
get: 1496270097.826157 10 4 6 0x7f725f7fff50 0x7f89308170c0 1 -1 16 1295 53
get: 1496270097.826291 10 4 6 0x7f725f7ff9a8 0x7f893080e160 1 -1 8 492 26
get: 1496270097.826405 10 4 6 0x7f725f7ff9b0 0x7f893080e158 1 -1 8 492 26
get: 1496270097.826499 10 4 6 0x7f725f7fff80 0x7f8930817108 1 -1 16 1295 53
get: 1496270097.826599 10 4 6 0x7f725f7fff40 0x7f89308201b0 1 -1 16 1295 53
get: 1496270097.826716 10 4 6 0x7f725f7ffe50 0x7f8930817020 1 -1 16 1294 53
get: 1496270097.826833 10 4 6 0x7f725f7ff9a8 0x7f893080e160 1 -1 8 492 26
get: 1496270097.826932 10 4 6 0x7f725f7ff9b0 0x7f893080e158 1 -1 8 492 26
get: 1496270097.827027 10 4 6 0x7f725f7ffe80 0x7f8930817068 1 -1 16 1294 53
get: 1496270097.827179 10 4 6 0x7f725f7ffe40 0x7f89308200c0 1 -1 16 1294 53
get: 1496270097.827299 10 4 6 0x7f725f7fff50 0x7f89308170c0 1 -1 16 1295 53
get: 1496270097.827356 10 4 6 0x7f725f7ff9a8 0x7f893080e160 1 -1 8 492 26
get: 1496270097.827444 10 4 6 0x7f725f7ff9b0 0x7f893080e158 1 -1 8 492 26
get: 1496270097.827573 10 4 6 0x7f725f7fff80 0x7f8930817108 1 -1 16 1295 53
get: 1496270097.827701 10 4 6 0x7f725f7fff40 0x7f89308201c0 1 -1 16 1295 53
get: 1496270097.827815 10 4 6 0x7f725f7ffe50 0x7f8930817020 1 -1 16 1294 53
get: 1496270097.827907 10 4 6 0x7f725f7ff9a8 0x7f893080e160 1 -1 8 492 26
get: 1496270097.828107 10 4 6 0x7f725f7ff9b0 0x7f893080e158 1 -1 8 492 26
get: 1496270097.828239 10 4 6 0x7f725f7ffe80 0x7f8930817068 1 -1 16 1294 53
get: 1496270097.828337 10 4 6 0x7f725f7ffe40 0x7f89308200d0 1 -1 16 1294 53
get: 1496270097.828432 10 4 6 0x7f725f7fff50 0x7f89308170c0 1 -1 16 1295 53
get: 1496270097.828546 10 4 6 0x7f725f7ff9a8 0x7f893080e160 1 -1 8 492 26
get: 1496270097.828657 10 4 6 0x7f725f7ff9b0 0x7f893080e158 1 -1 8 492 26
get: 1496270097.828810 10 4 6 0x7f725f7fff80 0x7f8930817108 1 -1 16 1295 53
get: 1496270097.828933 10 4 6 0x7f725f7fff40 0x7f89308201d0 1 -1 16 1295 53
get: 1496270097.829028 10 4 6 0x7f725f7ffe50 0x7f8930817020 1 -1 16 1294 53
get: 1496270097.829166 10 4 6 0x7f725f7ff9a8 0x7f893080e160 1 -1 8 492 26
get: 1496270097.829270 10 4 6 0x7f725f7ff9b0 0x7f893080e158 1 -1 8 492 26
get: 1496270097.829364 10 4 6 0x7f725f7ffe80 0x7f8930817068 1 -1 16 1294 53
get: 1496270097.829458 10 4 6 0x7f725f7ffe40 0x7f89308200e0 1 -1 16 1294 53
get: 1496270097.829553 10 4 6 0x7f725f7fff50 0x7f89308170c0 1 -1 16 1295 53
get: 1496270097.829691 10 4 6 0x7f725f7ff9a8 0x7f893080e160 1 -1 8 492 26
get: 1496270097.829778 10 4 6 0x7f725f7ff9b0 0x7f893080e158 1 -1 8 492 26
get: 1496270097.829937 10 4 6 0x7f725f7fff80 0x7f8930817108 1 -1 16 1295 53
get: 1496270097.830090 10 4 6 0x7f725f7fff40 0x7f89308201e0 1 -1 16 1295 53
get: 1496270097.830199 10 4 6 0x7f725f7ffe50 0x7f8930817020 1 -1 16 1294 53
get: 1496270097.830297 10 4 6 0x7f725f7ff9a8 0x7f893080e160 1 -1 8 492 26
get: 1496270097.830388 10 4 6 0x7f725f7ff9b0 0x7f893080e158 1 -1 8 492 26
get: 1496270097.830511 10 4 6 0x7f725f7ffe80 0x7f8930817068 1 -1 16 1294 53
get: 1496270097.830651 10 4 6 0x7f725f7ffe40 0x7f89308200f0 1 -1 16 1294 53
get: 1496270097.830803 10 4 6 0x7f725f7fff50 0x7f89308170c0 1 -1 16 1295 53
get: 1496270097.830899 10 4 6 0x7f725f7ff9a8 0x7f893080e160 1 -1 8 492 26
get: 1496270097.830985 10 4 6 0x7f725f7ff9b0 0x7f893080e158 1 -1 8 492 26
get: 1496270097.831107 10 4 6 0x7f725f7fff80 0x7f8930817108 1 -1 16 1295 53
get: 1496270097.831193 10 4 6 0x7f725f7fff40 0x7f89308201f0 1 -1 16 1295 53
task: 1496270097.831308 10 8 6 L 215 28 23
task: 1496270097.831327 10 9 6 L 218 28 30
Btask: 1496270097.831404 10 8
Etask: 1496270097.831420 10 8
Btask: 1496270097.831423 10 9
Etask: 1496270097.831455 10 9
Etask: 1496270097.831472 10 6
task: 1496270097.898761 10 10 7 O 0 -5 125
Btask: 1496270097.899350 10 10
get: 1496270097.899796 10 0 10 0x7f725a800b50 0x7f55921114c0 1 -1 16 933 53
get: 1496270097.900009 10 0 10 0x7f725a800b60 0x7f5592111520 1 -1 16 933 53
get: 1496270097.900160 10 0 10 0x7f725a8009c8 0x7f55921104e0 1 -1 8 492 26
get: 1496270097.900426 10 0 10 0x7f725a8009d0 0x7f55921104d8 1 -1 8 492 26
get: 1496270097.900658 10 0 10 0x7f725a800b90 0x7f5592111568 1 -1 16 933 53
get: 1496270097.900880 10 0 10 0x7f725a800be0 0x7f55921114a8 1 -1 16 934 53
get: 1496270097.901070 10 0 10 0x7f725a800770 0x7f5592184348 1 -1 16 588 53
get: 1496270097.901195 10 0 10 0x7f725a800790 0x7f55921113e0 1 -1 16 588 53
get: 1496270097.901375 10 0 10 0x7f725a800628 0x7f55921104e0 1 -1 8 492 26
get: 1496270097.901508 10 0 10 0x7f725a800630 0x7f55921104d8 1 -1 8 492 26
get: 1496270097.901653 10 0 10 0x7f725a8007c0 0x7f5592111428 1 -1 16 588 53
get: 1496270097.901795 10 0 10 0x7f725a800780 0x7f55920514a0 1 -1 16 588 53
get: 1496270097.901862 10 0 10 0x7f725a800640 0x7f55921114e0 1 -1 16 1609 28
get: 1496270097.901950 10 0 10 0x7f725a8005b0 0x7f5592110558 1 -1 32 145 26
put: 1496270097.902040 10 0 10 0x7f725a800c20 0x7f55920515a0 1 -1 16 933 53
f_executeOn: 1496270097.902173 10 0 -2 18 0x7f725a800e70 112 10
Etask: 1496270097.902311 10 10
task: 1496270097.933047 10 11 7 O 0 -5 34
Btask: 1496270097.933643 10 11
get: 1496270097.934159 10 4 11 0x7f7255800400 0x7f893040f060 1 -1 16 1332 53
get: 1496270097.934405 10 4 11 0x7f7255800420 0x7f893040f0c0 1 -1 16 1332 53
get: 1496270097.934625 10 4 11 0x7f7255800048 0x7f893080e160 1 -1 8 492 26
get: 1496270097.934858 10 4 11 0x7f7255800050 0x7f893080e158 1 -1 8 492 26
get: 1496270097.935065 10 4 11 0x7f7255800450 0x7f893040f108 1 -1 16 1332 53
get: 1496270097.935303 10 4 11 0x7f7255800410 0x7f8930414000 1 -1 16 1332 53
get: 1496270097.935513 10 4 11 0x7f7255800420 0x7f893040f0c0 1 -1 16 1332 53
get: 1496270097.935710 10 4 11 0x7f7255800048 0x7f893080e160 1 -1 8 492 26
get: 1496270097.935890 10 4 11 0x7f7255800050 0x7f893080e158 1 -1 8 492 26
get: 1496270097.936051 10 4 11 0x7f7255800450 0x7f893040f108 1 -1 16 1332 53
get: 1496270097.936196 10 4 11 0x7f7255800410 0x7f8930414010 1 -1 16 1332 53
get: 1496270097.936342 10 4 11 0x7f7255800420 0x7f893040f0c0 1 -1 16 1332 53
get: 1496270097.936481 10 4 11 0x7f7255800048 0x7f893080e160 1 -1 8 492 26
get: 1496270097.936676 10 4 11 0x7f7255800050 0x7f893080e158 1 -1 8 492 26
get: 1496270097.936806 10 4 11 0x7f7255800450 0x7f893040f108 1 -1 16 1332 53
get: 1496270097.936994 10 4 11 0x7f7255800410 0x7f8930414020 1 -1 16 1332 53
get: 1496270097.937088 10 4 11 0x7f7255800420 0x7f893040f0c0 1 -1 16 1332 53
get: 1496270097.937201 10 4 11 0x7f7255800048 0x7f893080e160 1 -1 8 492 26
get: 1496270097.937304 10 4 11 0x7f7255800050 0x7f893080e158 1 -1 8 492 26
get: 1496270097.937427 10 4 11 0x7f7255800450 0x7f893040f108 1 -1 16 1332 53
get: 1496270097.937543 10 4 11 0x7f7255800410 0x7f8930414030 1 -1 16 1332 53
get: 1496270097.937633 10 4 11 0x7f7255800420 0x7f893040f0c0 1 -1 16 1332 53
get: 1496270097.937718 10 4 11 0x7f7255800048 0x7f893080e160 1 -1 8 492 26
get: 1496270097.937807 10 4 11 0x7f7255800050 0x7f893080e158 1 -1 8 492 26
get: 1496270097.937854 10 4 11 0x7f7255800450 0x7f893040f108 1 -1 16 1332 53
get: 1496270097.937906 10 4 11 0x7f7255800410 0x7f8930414040 1 -1 16 1332 53
get: 1496270097.937970 10 4 11 0x7f7255800420 0x7f893040f0c0 1 -1 16 1332 53
get: 1496270097.938017 10 4 11 0x7f7255800048 0x7f893080e160 1 -1 8 492 26
get: 1496270097.938070 10 4 11 0x7f7255800050 0x7f893080e158 1 -1 8 492 26
get: 1496270097.938121 10 4 11 0x7f7255800450 0x7f893040f108 1 -1 16 1332 53
get: 1496270097.938210 10 4 11 0x7f7255800410 0x7f8930414050 1 -1 16 1332 53
get: 1496270097.938295 10 4 11 0x7f7255800420 0x7f893040f0c0 1 -1 16 1332 53
get: 1496270097.938374 10 4 11 0x7f7255800048 0x7f893080e160 1 -1 8 492 26
get: 1496270097.938463 10 4 11 0x7f7255800050 0x7f893080e158 1 -1 8 492 26
get: 1496270097.938549 10 4 11 0x7f7255800450 0x7f893040f108 1 -1 16 1332 53
get: 1496270097.938635 10 4 11 0x7f7255800410 0x7f8930414060 1 -1 16 1332 53
get: 1496270097.938732 10 4 11 0x7f7255800420 0x7f893040f0c0 1 -1 16 1332 53
get: 1496270097.938816 10 4 11 0x7f7255800048 0x7f893080e160 1 -1 8 492 26
get: 1496270097.938876 10 4 11 0x7f7255800050 0x7f893080e158 1 -1 8 492 26
get: 1496270097.938962 10 4 11 0x7f7255800450 0x7f893040f108 1 -1 16 1332 53
get: 1496270097.939016 10 4 11 0x7f7255800410 0x7f8930414070 1 -1 16 1332 53
get: 1496270097.939072 10 4 11 0x7f7255800420 0x7f893040f0c0 1 -1 16 1332 53
get: 1496270097.939126 10 4 11 0x7f7255800048 0x7f893080e160 1 -1 8 492 26
get: 1496270097.939179 10 4 11 0x7f7255800050 0x7f893080e158 1 -1 8 492 26
get: 1496270097.939294 10 4 11 0x7f7255800450 0x7f893040f108 1 -1 16 1332 53
get: 1496270097.939347 10 4 11 0x7f7255800410 0x7f8930414080 1 -1 16 1332 53
get: 1496270097.939406 10 4 11 0x7f7255800420 0x7f893040f0c0 1 -1 16 1332 53
get: 1496270097.939475 10 4 11 0x7f7255800048 0x7f893080e160 1 -1 8 492 26
get: 1496270097.939524 10 4 11 0x7f7255800050 0x7f893080e158 1 -1 8 492 26
get: 1496270097.939577 10 4 11 0x7f7255800450 0x7f893040f108 1 -1 16 1332 53
get: 1496270097.939740 10 4 11 0x7f7255800410 0x7f8930414090 1 -1 16 1332 53
get: 1496270097.939860 10 4 11 0x7f7255800420 0x7f893040f0c0 1 -1 16 1332 53
get: 1496270097.939943 10 4 11 0x7f7255800048 0x7f893080e160 1 -1 8 492 26
get: 1496270097.940026 10 4 11 0x7f7255800050 0x7f893080e158 1 -1 8 492 26
get: 1496270097.940080 10 4 11 0x7f7255800450 0x7f893040f108 1 -1 16 1332 53
get: 1496270097.940141 10 4 11 0x7f7255800410 0x7f89304140a0 1 -1 16 1332 53
get: 1496270097.940280 10 4 11 0x7f7255800420 0x7f893040f0c0 1 -1 16 1332 53
get: 1496270097.940374 10 4 11 0x7f7255800048 0x7f893080e160 1 -1 8 492 26
get: 1496270097.940473 10 4 11 0x7f7255800050 0x7f893080e158 1 -1 8 492 26
get: 1496270097.940608 10 4 11 0x7f7255800450 0x7f893040f108 1 -1 16 1332 53
get: 1496270097.940693 10 4 11 0x7f7255800410 0x7f89304140b0 1 -1 16 1332 53
get: 1496270097.940878 10 4 11 0x7f7255800420 0x7f893040f0c0 1 -1 16 1332 53
get: 1496270097.940963 10 4 11 0x7f7255800048 0x7f893080e160 1 -1 8 492 26
get: 1496270097.941133 10 4 11 0x7f7255800050 0x7f893080e158 1 -1 8 492 26
get: 1496270097.941252 10 4 11 0x7f7255800450 0x7f893040f108 1 -1 16 1332 53
get: 1496270097.941372 10 4 11 0x7f7255800410 0x7f89304140c0 1 -1 16 1332 53
get: 1496270097.941492 10 4 11 0x7f7255800420 0x7f893040f0c0 1 -1 16 1332 53
get: 1496270097.941617 10 4 11 0x7f7255800048 0x7f893080e160 1 -1 8 492 26
get: 1496270097.941701 10 4 11 0x7f7255800050 0x7f893080e158 1 -1 8 492 26
get: 1496270097.941834 10 4 11 0x7f7255800450 0x7f893040f108 1 -1 16 1332 53
get: 1496270097.942012 10 4 11 0x7f7255800410 0x7f89304140d0 1 -1 16 1332 53
get: 1496270097.942160 10 4 11 0x7f7255800420 0x7f893040f0c0 1 -1 16 1332 53
get: 1496270097.942293 10 4 11 0x7f7255800048 0x7f893080e160 1 -1 8 492 26
get: 1496270097.942442 10 4 11 0x7f7255800050 0x7f893080e158 1 -1 8 492 26
get: 1496270097.942573 10 4 11 0x7f7255800450 0x7f893040f108 1 -1 16 1332 53
get: 1496270097.942728 10 4 11 0x7f7255800410 0x7f89304140e0 1 -1 16 1332 53
get: 1496270097.942870 10 4 11 0x7f7255800420 0x7f893040f0c0 1 -1 16 1332 53
get: 1496270097.942995 10 4 11 0x7f7255800048 0x7f893080e160 1 -1 8 492 26
get: 1496270097.943113 10 4 11 0x7f7255800050 0x7f893080e158 1 -1 8 492 26
get: 1496270097.943230 10 4 11 0x7f7255800450 0x7f893040f108 1 -1 16 1332 53
get: 1496270097.943354 10 4 11 0x7f7255800410 0x7f89304140f0 1 -1 16 1332 53
task: 1496270097.943513 10 12 11 L 215 28 25
task: 1496270097.943527 10 13 11 L 218 28 29
Btask: 1496270097.943601 10 12
Btask: 1496270097.943626 10 13
Etask: 1496270097.943631 10 12
Etask: 1496270097.943640 10 13
Etask: 1496270097.943657 10 11
task: 1496270097.950637 10 14 1 O 0 -5 126
Btask: 1496270097.951202 10 14
get: 1496270097.951663 10 0 14 0x7f7250800c60 0x7f55921114c0 1 -1 16 939 53
get: 1496270097.951910 10 0 14 0x7f7250800c80 0x7f5592111520 1 -1 16 939 53
get: 1496270097.952124 10 0 14 0x7f7250800b18 0x7f55921104e0 1 -1 8 492 26
get: 1496270097.952304 10 0 14 0x7f7250800b20 0x7f55921104d8 1 -1 8 492 26
get: 1496270097.952515 10 0 14 0x7f7250800cb0 0x7f5592111568 1 -1 16 939 53
get: 1496270097.952695 10 0 14 0x7f7250800c70 0x7f55920515a0 1 -1 16 939 53
get: 1496270097.952897 10 0 14 0x7f7250800d20 0x7f55921114a8 1 -1 16 939 53
get: 1496270097.953085 10 0 14 0x7f72508008c0 0x7f5592184348 1 -1 16 588 53
get: 1496270097.953250 10 0 14 0x7f72508008e0 0x7f55921113e0 1 -1 16 588 53
get: 1496270097.953338 10 0 14 0x7f7250800778 0x7f55921104e0 1 -1 8 492 26
get: 1496270097.953439 10 0 14 0x7f7250800780 0x7f55921104d8 1 -1 8 492 26
get: 1496270097.953498 10 0 14 0x7f7250800910 0x7f5592111428 1 -1 16 588 53
get: 1496270097.953597 10 0 14 0x7f72508008d0 0x7f55920514a0 1 -1 16 588 53
get: 1496270097.953645 10 0 14 0x7f7250800790 0x7f55921114e0 1 -1 16 1609 28
get: 1496270097.953693 10 0 14 0x7f7250800700 0x7f5592110558 1 -1 32 145 26
f_executeOn: 1496270097.953828 10 0 -2 18 0x7f7250800e70 112 14
Etask: 1496270097.953979 10 14
task: 1496270097.984413 10 15 7 O 0 -5 44
Btask: 1496270097.985003 10 15
get: 1496270097.985477 10 4 15 0x7f724b800720 0x7f893040f060 1 -1 16 1341 53
get: 1496270097.985760 10 4 15 0x7f724b800740 0x7f893040f0c0 1 -1 16 1341 53
get: 1496270097.986026 10 4 15 0x7f724b8004a8 0x7f893080e160 1 -1 8 492 26
get: 1496270097.986268 10 4 15 0x7f724b8004b0 0x7f893080e158 1 -1 8 492 26
get: 1496270097.986518 10 4 15 0x7f724b800770 0x7f893040f108 1 -1 16 1341 53
get: 1496270097.986786 10 4 15 0x7f724b800730 0x7f8930414000 1 -1 16 1341 53
get: 1496270097.987024 10 4 15 0x7f724b800740 0x7f893040f0c0 1 -1 16 1341 53
get: 1496270097.987270 10 4 15 0x7f724b8004a8 0x7f893080e160 1 -1 8 492 26
get: 1496270097.987387 10 4 15 0x7f724b8004b0 0x7f893080e158 1 -1 8 492 26
get: 1496270097.987447 10 4 15 0x7f724b800770 0x7f893040f108 1 -1 16 1341 53
get: 1496270097.987722 10 4 15 0x7f724b800730 0x7f8930414010 1 -1 16 1341 53
get: 1496270097.987931 10 4 15 0x7f724b800740 0x7f893040f0c0 1 -1 16 1341 53
get: 1496270097.988191 10 4 15 0x7f724b8004a8 0x7f893080e160 1 -1 8 492 26
get: 1496270097.988366 10 4 15 0x7f724b8004b0 0x7f893080e158 1 -1 8 492 26
get: 1496270097.988513 10 4 15 0x7f724b800770 0x7f893040f108 1 -1 16 1341 53
get: 1496270097.988622 10 4 15 0x7f724b800730 0x7f8930414020 1 -1 16 1341 53
get: 1496270097.988770 10 4 15 0x7f724b800740 0x7f893040f0c0 1 -1 16 1341 53
get: 1496270097.988929 10 4 15 0x7f724b8004a8 0x7f893080e160 1 -1 8 492 26
get: 1496270097.989021 10 4 15 0x7f724b8004b0 0x7f893080e158 1 -1 8 492 26
get: 1496270097.989112 10 4 15 0x7f724b800770 0x7f893040f108 1 -1 16 1341 53
get: 1496270097.989260 10 4 15 0x7f724b800730 0x7f8930414030 1 -1 16 1341 53
get: 1496270097.989358 10 4 15 0x7f724b800740 0x7f893040f0c0 1 -1 16 1341 53
get: 1496270097.989459 10 4 15 0x7f724b8004a8 0x7f893080e160 1 -1 8 492 26
get: 1496270097.989543 10 4 15 0x7f724b8004b0 0x7f893080e158 1 -1 8 492 26
get: 1496270097.989600 10 4 15 0x7f724b800770 0x7f893040f108 1 -1 16 1341 53
get: 1496270097.989689 10 4 15 0x7f724b800730 0x7f8930414040 1 -1 16 1341 53
get: 1496270097.989812 10 4 15 0x7f724b800740 0x7f893040f0c0 1 -1 16 1341 53
get: 1496270097.989929 10 4 15 0x7f724b8004a8 0x7f893080e160 1 -1 8 492 26
get: 1496270097.990062 10 4 15 0x7f724b8004b0 0x7f893080e158 1 -1 8 492 26
get: 1496270097.990148 10 4 15 0x7f724b800770 0x7f893040f108 1 -1 16 1341 53
get: 1496270097.990232 10 4 15 0x7f724b800730 0x7f8930414050 1 -1 16 1341 53
get: 1496270097.990363 10 4 15 0x7f724b800740 0x7f893040f0c0 1 -1 16 1341 53
get: 1496270097.990470 10 4 15 0x7f724b8004a8 0x7f893080e160 1 -1 8 492 26
get: 1496270097.990560 10 4 15 0x7f724b8004b0 0x7f893080e158 1 -1 8 492 26
get: 1496270097.990668 10 4 15 0x7f724b800770 0x7f893040f108 1 -1 16 1341 53
get: 1496270097.990759 10 4 15 0x7f724b800730 0x7f8930414060 1 -1 16 1341 53
get: 1496270097.990847 10 4 15 0x7f724b800740 0x7f893040f0c0 1 -1 16 1341 53
get: 1496270097.990931 10 4 15 0x7f724b8004a8 0x7f893080e160 1 -1 8 492 26
get: 1496270097.991042 10 4 15 0x7f724b8004b0 0x7f893080e158 1 -1 8 492 26
get: 1496270097.991165 10 4 15 0x7f724b800770 0x7f893040f108 1 -1 16 1341 53
get: 1496270097.991253 10 4 15 0x7f724b800730 0x7f8930414070 1 -1 16 1341 53
get: 1496270097.991340 10 4 15 0x7f724b800740 0x7f893040f0c0 1 -1 16 1341 53
get: 1496270097.991458 10 4 15 0x7f724b8004a8 0x7f893080e160 1 -1 8 492 26
get: 1496270097.991599 10 4 15 0x7f724b8004b0 0x7f893080e158 1 -1 8 492 26
get: 1496270097.991685 10 4 15 0x7f724b800770 0x7f893040f108 1 -1 16 1341 53
get: 1496270097.991783 10 4 15 0x7f724b800730 0x7f8930414080 1 -1 16 1341 53
get: 1496270097.991872 10 4 15 0x7f724b800740 0x7f893040f0c0 1 -1 16 1341 53
get: 1496270097.992006 10 4 15 0x7f724b8004a8 0x7f893080e160 1 -1 8 492 26
get: 1496270097.992128 10 4 15 0x7f724b8004b0 0x7f893080e158 1 -1 8 492 26
get: 1496270097.992263 10 4 15 0x7f724b800770 0x7f893040f108 1 -1 16 1341 53
get: 1496270097.992379 10 4 15 0x7f724b800730 0x7f8930414090 1 -1 16 1341 53
get: 1496270097.992510 10 4 15 0x7f724b800740 0x7f893040f0c0 1 -1 16 1341 53
get: 1496270097.992614 10 4 15 0x7f724b8004a8 0x7f893080e160 1 -1 8 492 26
get: 1496270097.992729 10 4 15 0x7f724b8004b0 0x7f893080e158 1 -1 8 492 26
get: 1496270097.992849 10 4 15 0x7f724b800770 0x7f893040f108 1 -1 16 1341 53
get: 1496270097.992968 10 4 15 0x7f724b800730 0x7f89304140a0 1 -1 16 1341 53
get: 1496270097.993090 10 4 15 0x7f724b800740 0x7f893040f0c0 1 -1 16 1341 53
get: 1496270097.993214 10 4 15 0x7f724b8004a8 0x7f893080e160 1 -1 8 492 26
get: 1496270097.993336 10 4 15 0x7f724b8004b0 0x7f893080e158 1 -1 8 492 26
get: 1496270097.993496 10 4 15 0x7f724b800770 0x7f893040f108 1 -1 16 1341 53
get: 1496270097.993585 10 4 15 0x7f724b800730 0x7f89304140b0 1 -1 16 1341 53
get: 1496270097.993674 10 4 15 0x7f724b800740 0x7f893040f0c0 1 -1 16 1341 53
get: 1496270097.993793 10 4 15 0x7f724b8004a8 0x7f893080e160 1 -1 8 492 26
get: 1496270097.993928 10 4 15 0x7f724b8004b0 0x7f893080e158 1 -1 8 492 26
get: 1496270097.994071 10 4 15 0x7f724b800770 0x7f893040f108 1 -1 16 1341 53
get: 1496270097.994237 10 4 15 0x7f724b800730 0x7f89304140c0 1 -1 16 1341 53
get: 1496270097.994327 10 4 15 0x7f724b800740 0x7f893040f0c0 1 -1 16 1341 53
get: 1496270097.994442 10 4 15 0x7f724b8004a8 0x7f893080e160 1 -1 8 492 26
get: 1496270097.994562 10 4 15 0x7f724b8004b0 0x7f893080e158 1 -1 8 492 26
get: 1496270097.994654 10 4 15 0x7f724b800770 0x7f893040f108 1 -1 16 1341 53
get: 1496270097.994737 10 4 15 0x7f724b800730 0x7f89304140d0 1 -1 16 1341 53
get: 1496270097.994841 10 4 15 0x7f724b800740 0x7f893040f0c0 1 -1 16 1341 53
get: 1496270097.994934 10 4 15 0x7f724b8004a8 0x7f893080e160 1 -1 8 492 26
get: 1496270097.995026 10 4 15 0x7f724b8004b0 0x7f893080e158 1 -1 8 492 26
get: 1496270097.995121 10 4 15 0x7f724b800770 0x7f893040f108 1 -1 16 1341 53
get: 1496270097.995245 10 4 15 0x7f724b800730 0x7f89304140e0 1 -1 16 1341 53
get: 1496270097.995359 10 4 15 0x7f724b800740 0x7f893040f0c0 1 -1 16 1341 53
get: 1496270097.995476 10 4 15 0x7f724b8004a8 0x7f893080e160 1 -1 8 492 26
get: 1496270097.995624 10 4 15 0x7f724b8004b0 0x7f893080e158 1 -1 8 492 26
get: 1496270097.995744 10 4 15 0x7f724b800770 0x7f893040f108 1 -1 16 1341 53
get: 1496270097.995866 10 4 15 0x7f724b800730 0x7f89304140f0 1 -1 16 1341 53
task: 1496270097.996007 10 16 15 L 271 28 41
task: 1496270097.996023 10 17 15 L 274 28 43
Btask: 1496270097.996065 10 16
Etask: 1496270097.996090 10 16
Btask: 1496270097.996106 10 17
Etask: 1496270097.996132 10 17
Etask: 1496270097.996147 10 15
task: 1496270098.006436 10 18 1 O 0 -5 158
Btask: 1496270098.007009 10 18
VdbMark: 1496270098.007492 10 18
task: 1496270098.007514 10 19 18 L 98 52 157
Btask: 1496270098.007598 10 19
fork: 1496270098.007623 10 11 -2 158 0x7f727e800dd0 168 19 
Etask: 1496270098.009049 10 19
Tag: 1496270098.009052 0.708000 0.460000 10 18 1
Etask: 1496270098.009093 10 18
task: 1496270098.024218 10 20 7 O 0 -5 129
Btask: 1496270098.024323 10 20
get: 1496270098.024344 10 0 20 0x7f727e800930 0x7f559201d4f8 1 -1 16 1002 53
get: 1496270098.024555 10 0 20 0x7f727e800650 0x7f55921114c0 1 -1 16 753 53
get: 1496270098.024734 10 0 20 0x7f727e800670 0x7f5592111520 1 -1 16 753 53
get: 1496270098.024926 10 0 20 0x7f727e800528 0x7f55921104e0 1 -1 8 492 26
get: 1496270098.025120 10 0 20 0x7f727e800530 0x7f55921104d8 1 -1 8 492 26
get: 1496270098.025330 10 0 20 0x7f727e8006a0 0x7f5592111568 1 -1 16 753 53
get: 1496270098.025528 10 0 20 0x7f727e800660 0x7f55920515a0 1 -1 16 753 53
get: 1496270098.025692 10 0 20 0x7f727e800970 0x7f559201d510 1 -1 16 1003 53
get: 1496270098.025876 10 0 20 0x7f727e800980 0x7f55921115c0 1 -1 16 1003 53
get: 1496270098.025967 10 0 20 0x7f727e800768 0x7f55921104e0 1 -1 8 492 26
get: 1496270098.026113 10 0 20 0x7f727e800770 0x7f55921104d8 1 -1 8 492 26
get: 1496270098.026258 10 0 20 0x7f727e8009b0 0x7f5592111608 1 -1 16 1003 53
put: 1496270098.026403 10 0 20 0x7f727e800a50 0x7f55920516a0 1 -1 16 1003 53
f_executeOn: 1496270098.026544 10 0 -2 18 0x7f727e800e70 112 20
Etask: 1496270098.026733 10 20
task: 1496270098.047134 10 21 7 O 0 -5 32
Btask: 1496270098.047193 10 21
get: 1496270098.047270 10 4 21 0x7f727f003330 0x7f896c431040 1 -1 16 1354 53
get: 1496270098.047538 10 4 21 0x7f727f003350 0x7f896c438020 1 -1 16 1354 53
get: 1496270098.047751 10 4 21 0x7f727f002f28 0x7f893080e160 1 -1 8 492 26
get: 1496270098.047962 10 4 21 0x7f727f002f30 0x7f893080e158 1 -1 8 492 26
get: 1496270098.048228 10 4 21 0x7f727f003380 0x7f896c438068 1 -1 16 1354 53
get: 1496270098.048495 10 4 21 0x7f727f003340 0x7f896c43d000 1 -1 16 1354 53
get: 1496270098.048737 10 4 21 0x7f727f003350 0x7f896c438020 1 -1 16 1354 53
get: 1496270098.048981 10 4 21 0x7f727f002f28 0x7f893080e160 1 -1 8 492 26
get: 1496270098.049230 10 4 21 0x7f727f002f30 0x7f893080e158 1 -1 8 492 26
get: 1496270098.049490 10 4 21 0x7f727f003380 0x7f896c438068 1 -1 16 1354 53
get: 1496270098.049628 10 4 21 0x7f727f003340 0x7f896c43d010 1 -1 16 1354 53
get: 1496270098.049766 10 4 21 0x7f727f003350 0x7f896c438020 1 -1 16 1354 53
get: 1496270098.050005 10 4 21 0x7f727f002f28 0x7f893080e160 1 -1 8 492 26
get: 1496270098.050242 10 4 21 0x7f727f002f30 0x7f893080e158 1 -1 8 492 26
get: 1496270098.050450 10 4 21 0x7f727f003380 0x7f896c438068 1 -1 16 1354 53
get: 1496270098.050586 10 4 21 0x7f727f003340 0x7f896c43d020 1 -1 16 1354 53
get: 1496270098.050695 10 4 21 0x7f727f003350 0x7f896c438020 1 -1 16 1354 53
get: 1496270098.050869 10 4 21 0x7f727f002f28 0x7f893080e160 1 -1 8 492 26
get: 1496270098.050966 10 4 21 0x7f727f002f30 0x7f893080e158 1 -1 8 492 26
get: 1496270098.051068 10 4 21 0x7f727f003380 0x7f896c438068 1 -1 16 1354 53
get: 1496270098.051169 10 4 21 0x7f727f003340 0x7f896c43d030 1 -1 16 1354 53
get: 1496270098.051294 10 4 21 0x7f727f003350 0x7f896c438020 1 -1 16 1354 53
get: 1496270098.051387 10 4 21 0x7f727f002f28 0x7f893080e160 1 -1 8 492 26
get: 1496270098.051500 10 4 21 0x7f727f002f30 0x7f893080e158 1 -1 8 492 26
get: 1496270098.051599 10 4 21 0x7f727f003380 0x7f896c438068 1 -1 16 1354 53
get: 1496270098.051686 10 4 21 0x7f727f003340 0x7f896c43d040 1 -1 16 1354 53
get: 1496270098.051787 10 4 21 0x7f727f003350 0x7f896c438020 1 -1 16 1354 53
get: 1496270098.051934 10 4 21 0x7f727f002f28 0x7f893080e160 1 -1 8 492 26
get: 1496270098.052031 10 4 21 0x7f727f002f30 0x7f893080e158 1 -1 8 492 26
get: 1496270098.052114 10 4 21 0x7f727f003380 0x7f896c438068 1 -1 16 1354 53
get: 1496270098.052227 10 4 21 0x7f727f003340 0x7f896c43d050 1 -1 16 1354 53
get: 1496270098.052347 10 4 21 0x7f727f003350 0x7f896c438020 1 -1 16 1354 53
get: 1496270098.052484 10 4 21 0x7f727f002f28 0x7f893080e160 1 -1 8 492 26
get: 1496270098.052581 10 4 21 0x7f727f002f30 0x7f893080e158 1 -1 8 492 26
get: 1496270098.052674 10 4 21 0x7f727f003380 0x7f896c438068 1 -1 16 1354 53
get: 1496270098.052795 10 4 21 0x7f727f003340 0x7f896c43d060 1 -1 16 1354 53
get: 1496270098.052917 10 4 21 0x7f727f003350 0x7f896c438020 1 -1 16 1354 53
get: 1496270098.053028 10 4 21 0x7f727f002f28 0x7f893080e160 1 -1 8 492 26
get: 1496270098.053140 10 4 21 0x7f727f002f30 0x7f893080e158 1 -1 8 492 26
get: 1496270098.053279 10 4 21 0x7f727f003380 0x7f896c438068 1 -1 16 1354 53
get: 1496270098.053395 10 4 21 0x7f727f003340 0x7f896c43d070 1 -1 16 1354 53
get: 1496270098.053536 10 4 21 0x7f727f003350 0x7f896c438020 1 -1 16 1354 53
get: 1496270098.053633 10 4 21 0x7f727f002f28 0x7f893080e160 1 -1 8 492 26
get: 1496270098.053808 10 4 21 0x7f727f002f30 0x7f893080e158 1 -1 8 492 26
get: 1496270098.053960 10 4 21 0x7f727f003380 0x7f896c438068 1 -1 16 1354 53
get: 1496270098.054140 10 4 21 0x7f727f003340 0x7f896c43d080 1 -1 16 1354 53
get: 1496270098.054276 10 4 21 0x7f727f003350 0x7f896c438020 1 -1 16 1354 53
get: 1496270098.054375 10 4 21 0x7f727f002f28 0x7f893080e160 1 -1 8 492 26
get: 1496270098.054461 10 4 21 0x7f727f002f30 0x7f893080e158 1 -1 8 492 26
get: 1496270098.054605 10 4 21 0x7f727f003380 0x7f896c438068 1 -1 16 1354 53
get: 1496270098.054740 10 4 21 0x7f727f003340 0x7f896c43d090 1 -1 16 1354 53
get: 1496270098.054878 10 4 21 0x7f727f003350 0x7f896c438020 1 -1 16 1354 53
get: 1496270098.054979 10 4 21 0x7f727f002f28 0x7f893080e160 1 -1 8 492 26
get: 1496270098.055066 10 4 21 0x7f727f002f30 0x7f893080e158 1 -1 8 492 26
get: 1496270098.055125 10 4 21 0x7f727f003380 0x7f896c438068 1 -1 16 1354 53
get: 1496270098.055266 10 4 21 0x7f727f003340 0x7f896c43d0a0 1 -1 16 1354 53
get: 1496270098.055360 10 4 21 0x7f727f003350 0x7f896c438020 1 -1 16 1354 53
get: 1496270098.055497 10 4 21 0x7f727f002f28 0x7f893080e160 1 -1 8 492 26
get: 1496270098.055632 10 4 21 0x7f727f002f30 0x7f893080e158 1 -1 8 492 26
get: 1496270098.055790 10 4 21 0x7f727f003380 0x7f896c438068 1 -1 16 1354 53
get: 1496270098.055934 10 4 21 0x7f727f003340 0x7f896c43d0b0 1 -1 16 1354 53
get: 1496270098.056080 10 4 21 0x7f727f003350 0x7f896c438020 1 -1 16 1354 53
get: 1496270098.056214 10 4 21 0x7f727f002f28 0x7f893080e160 1 -1 8 492 26
get: 1496270098.056353 10 4 21 0x7f727f002f30 0x7f893080e158 1 -1 8 492 26
get: 1496270098.056498 10 4 21 0x7f727f003380 0x7f896c438068 1 -1 16 1354 53
get: 1496270098.056629 10 4 21 0x7f727f003340 0x7f896c43d0c0 1 -1 16 1354 53
get: 1496270098.056765 10 4 21 0x7f727f003350 0x7f896c438020 1 -1 16 1354 53
get: 1496270098.056887 10 4 21 0x7f727f002f28 0x7f893080e160 1 -1 8 492 26
get: 1496270098.057018 10 4 21 0x7f727f002f30 0x7f893080e158 1 -1 8 492 26
get: 1496270098.057141 10 4 21 0x7f727f003380 0x7f896c438068 1 -1 16 1354 53
get: 1496270098.057253 10 4 21 0x7f727f003340 0x7f896c43d0d0 1 -1 16 1354 53
get: 1496270098.057348 10 4 21 0x7f727f003350 0x7f896c438020 1 -1 16 1354 53
get: 1496270098.057451 10 4 21 0x7f727f002f28 0x7f893080e160 1 -1 8 492 26
get: 1496270098.057547 10 4 21 0x7f727f002f30 0x7f893080e158 1 -1 8 492 26
get: 1496270098.057679 10 4 21 0x7f727f003380 0x7f896c438068 1 -1 16 1354 53
get: 1496270098.057810 10 4 21 0x7f727f003340 0x7f896c43d0e0 1 -1 16 1354 53
get: 1496270098.057933 10 4 21 0x7f727f003350 0x7f896c438020 1 -1 16 1354 53
get: 1496270098.058027 10 4 21 0x7f727f002f28 0x7f893080e160 1 -1 8 492 26
get: 1496270098.058120 10 4 21 0x7f727f002f30 0x7f893080e158 1 -1 8 492 26
get: 1496270098.058258 10 4 21 0x7f727f003380 0x7f896c438068 1 -1 16 1354 53
get: 1496270098.058353 10 4 21 0x7f727f003340 0x7f896c43d0f0 1 -1 16 1354 53
task: 1496270098.058478 10 22 21 L 215 28 24
task: 1496270098.058493 10 23 21 L 218 28 31
Btask: 1496270098.058525 10 23
Etask: 1496270098.058535 10 23
Btask: 1496270098.058581 10 22
Etask: 1496270098.058601 10 22
Etask: 1496270098.058625 10 21
task: 1496270098.065856 10 24 7 O 0 -5 129
Btask: 1496270098.066023 10 24
get: 1496270098.066637 10 0 24 0x7f7273800930 0x7f559201d568 1 -1 16 1002 53
get: 1496270098.066842 10 0 24 0x7f7273800650 0x7f55921114c0 1 -1 16 753 53
get: 1496270098.067074 10 0 24 0x7f7273800670 0x7f5592111520 1 -1 16 753 53
get: 1496270098.067375 10 0 24 0x7f7273800528 0x7f55921104e0 1 -1 8 492 26
get: 1496270098.067719 10 0 24 0x7f7273800530 0x7f55921104d8 1 -1 8 492 26
get: 1496270098.068019 10 0 24 0x7f72738006a0 0x7f5592111568 1 -1 16 753 53
get: 1496270098.068169 10 0 24 0x7f7273800660 0x7f55920515a0 1 -1 16 753 53
get: 1496270098.068308 10 0 24 0x7f7273800970 0x7f559201d580 1 -1 16 1003 53
get: 1496270098.068449 10 0 24 0x7f7273800980 0x7f5592111660 1 -1 16 1003 53
get: 1496270098.068729 10 0 24 0x7f7273800768 0x7f55921104e0 1 -1 8 492 26
get: 1496270098.068935 10 0 24 0x7f7273800770 0x7f55921104d8 1 -1 8 492 26
get: 1496270098.069126 10 0 24 0x7f72738009b0 0x7f55921116a8 1 -1 16 1003 53
put: 1496270098.069322 10 0 24 0x7f7273800a50 0x7f55920517a0 1 -1 16 1003 53
f_executeOn: 1496270098.069475 10 0 -2 18 0x7f7273800e70 112 24
Etask: 1496270098.069620 10 24
task: 1496270098.093370 10 25 1 O 0 -5 32
Btask: 1496270098.093525 10 25
get: 1496270098.093567 10 4 25 0x7f726e800330 0x7f8930e4b040 1 -1 16 1354 53
get: 1496270098.093721 10 4 25 0x7f726e800350 0x7f8930e52020 1 -1 16 1354 53
get: 1496270098.093849 10 4 25 0x7f726e7fff28 0x7f893080e160 1 -1 8 492 26
get: 1496270098.094037 10 4 25 0x7f726e7fff30 0x7f893080e158 1 -1 8 492 26
get: 1496270098.094269 10 4 25 0x7f726e800380 0x7f8930e52068 1 -1 16 1354 53
get: 1496270098.094479 10 4 25 0x7f726e800340 0x7f8930e57000 1 -1 16 1354 53
get: 1496270098.094668 10 4 25 0x7f726e800350 0x7f8930e52020 1 -1 16 1354 53
get: 1496270098.094810 10 4 25 0x7f726e7fff28 0x7f893080e160 1 -1 8 492 26
get: 1496270098.095011 10 4 25 0x7f726e7fff30 0x7f893080e158 1 -1 8 492 26
get: 1496270098.095218 10 4 25 0x7f726e800380 0x7f8930e52068 1 -1 16 1354 53
get: 1496270098.095411 10 4 25 0x7f726e800340 0x7f8930e57010 1 -1 16 1354 53
get: 1496270098.095512 10 4 25 0x7f726e800350 0x7f8930e52020 1 -1 16 1354 53
get: 1496270098.095611 10 4 25 0x7f726e7fff28 0x7f893080e160 1 -1 8 492 26
get: 1496270098.095761 10 4 25 0x7f726e7fff30 0x7f893080e158 1 -1 8 492 26
get: 1496270098.095892 10 4 25 0x7f726e800380 0x7f8930e52068 1 -1 16 1354 53
get: 1496270098.095999 10 4 25 0x7f726e800340 0x7f8930e57020 1 -1 16 1354 53
get: 1496270098.096117 10 4 25 0x7f726e800350 0x7f8930e52020 1 -1 16 1354 53
get: 1496270098.096210 10 4 25 0x7f726e7fff28 0x7f893080e160 1 -1 8 492 26
get: 1496270098.096303 10 4 25 0x7f726e7fff30 0x7f893080e158 1 -1 8 492 26
get: 1496270098.096370 10 4 25 0x7f726e800380 0x7f8930e52068 1 -1 16 1354 53
get: 1496270098.096470 10 4 25 0x7f726e800340 0x7f8930e57030 1 -1 16 1354 53
get: 1496270098.096587 10 4 25 0x7f726e800350 0x7f8930e52020 1 -1 16 1354 53
get: 1496270098.096704 10 4 25 0x7f726e7fff28 0x7f893080e160 1 -1 8 492 26
get: 1496270098.096827 10 4 25 0x7f726e7fff30 0x7f893080e158 1 -1 8 492 26
get: 1496270098.096919 10 4 25 0x7f726e800380 0x7f8930e52068 1 -1 16 1354 53
get: 1496270098.097011 10 4 25 0x7f726e800340 0x7f8930e57040 1 -1 16 1354 53
get: 1496270098.097127 10 4 25 0x7f726e800350 0x7f8930e52020 1 -1 16 1354 53
get: 1496270098.097243 10 4 25 0x7f726e7fff28 0x7f893080e160 1 -1 8 492 26
get: 1496270098.097341 10 4 25 0x7f726e7fff30 0x7f893080e158 1 -1 8 492 26
get: 1496270098.097464 10 4 25 0x7f726e800380 0x7f8930e52068 1 -1 16 1354 53
get: 1496270098.097557 10 4 25 0x7f726e800340 0x7f8930e57050 1 -1 16 1354 53
get: 1496270098.097666 10 4 25 0x7f726e800350 0x7f8930e52020 1 -1 16 1354 53
get: 1496270098.097795 10 4 25 0x7f726e7fff28 0x7f893080e160 1 -1 8 492 26
get: 1496270098.097917 10 4 25 0x7f726e7fff30 0x7f893080e158 1 -1 8 492 26
get: 1496270098.098022 10 4 25 0x7f726e800380 0x7f8930e52068 1 -1 16 1354 53
get: 1496270098.098111 10 4 25 0x7f726e800340 0x7f8930e57060 1 -1 16 1354 53
get: 1496270098.098212 10 4 25 0x7f726e800350 0x7f8930e52020 1 -1 16 1354 53
get: 1496270098.098290 10 4 25 0x7f726e7fff28 0x7f893080e160 1 -1 8 492 26
get: 1496270098.098400 10 4 25 0x7f726e7fff30 0x7f893080e158 1 -1 8 492 26
get: 1496270098.098527 10 4 25 0x7f726e800380 0x7f8930e52068 1 -1 16 1354 53
get: 1496270098.098621 10 4 25 0x7f726e800340 0x7f8930e57070 1 -1 16 1354 53
get: 1496270098.098702 10 4 25 0x7f726e800350 0x7f8930e52020 1 -1 16 1354 53
get: 1496270098.098826 10 4 25 0x7f726e7fff28 0x7f893080e160 1 -1 8 492 26
get: 1496270098.098905 10 4 25 0x7f726e7fff30 0x7f893080e158 1 -1 8 492 26
get: 1496270098.098992 10 4 25 0x7f726e800380 0x7f8930e52068 1 -1 16 1354 53
get: 1496270098.099085 10 4 25 0x7f726e800340 0x7f8930e57080 1 -1 16 1354 53
get: 1496270098.099209 10 4 25 0x7f726e800350 0x7f8930e52020 1 -1 16 1354 53
get: 1496270098.099324 10 4 25 0x7f726e7fff28 0x7f893080e160 1 -1 8 492 26
get: 1496270098.099443 10 4 25 0x7f726e7fff30 0x7f893080e158 1 -1 8 492 26
get: 1496270098.099561 10 4 25 0x7f726e800380 0x7f8930e52068 1 -1 16 1354 53
get: 1496270098.099645 10 4 25 0x7f726e800340 0x7f8930e57090 1 -1 16 1354 53
get: 1496270098.099706 10 4 25 0x7f726e800350 0x7f8930e52020 1 -1 16 1354 53
get: 1496270098.099798 10 4 25 0x7f726e7fff28 0x7f893080e160 1 -1 8 492 26
get: 1496270098.099853 10 4 25 0x7f726e7fff30 0x7f893080e158 1 -1 8 492 26
get: 1496270098.099902 10 4 25 0x7f726e800380 0x7f8930e52068 1 -1 16 1354 53
get: 1496270098.099963 10 4 25 0x7f726e800340 0x7f8930e570a0 1 -1 16 1354 53
get: 1496270098.100057 10 4 25 0x7f726e800350 0x7f8930e52020 1 -1 16 1354 53
get: 1496270098.100187 10 4 25 0x7f726e7fff28 0x7f893080e160 1 -1 8 492 26
get: 1496270098.100307 10 4 25 0x7f726e7fff30 0x7f893080e158 1 -1 8 492 26
get: 1496270098.100488 10 4 25 0x7f726e800380 0x7f8930e52068 1 -1 16 1354 53
get: 1496270098.100610 10 4 25 0x7f726e800340 0x7f8930e570b0 1 -1 16 1354 53
get: 1496270098.100739 10 4 25 0x7f726e800350 0x7f8930e52020 1 -1 16 1354 53
get: 1496270098.100872 10 4 25 0x7f726e7fff28 0x7f893080e160 1 -1 8 492 26
get: 1496270098.101046 10 4 25 0x7f726e7fff30 0x7f893080e158 1 -1 8 492 26
get: 1496270098.101169 10 4 25 0x7f726e800380 0x7f8930e52068 1 -1 16 1354 53
get: 1496270098.101301 10 4 25 0x7f726e800340 0x7f8930e570c0 1 -1 16 1354 53
get: 1496270098.101417 10 4 25 0x7f726e800350 0x7f8930e52020 1 -1 16 1354 53
get: 1496270098.101541 10 4 25 0x7f726e7fff28 0x7f893080e160 1 -1 8 492 26
get: 1496270098.101679 10 4 25 0x7f726e7fff30 0x7f893080e158 1 -1 8 492 26
get: 1496270098.101779 10 4 25 0x7f726e800380 0x7f8930e52068 1 -1 16 1354 53
get: 1496270098.101842 10 4 25 0x7f726e800340 0x7f8930e570d0 1 -1 16 1354 53
get: 1496270098.101896 10 4 25 0x7f726e800350 0x7f8930e52020 1 -1 16 1354 53
get: 1496270098.101984 10 4 25 0x7f726e7fff28 0x7f893080e160 1 -1 8 492 26
get: 1496270098.102091 10 4 25 0x7f726e7fff30 0x7f893080e158 1 -1 8 492 26
get: 1496270098.102264 10 4 25 0x7f726e800380 0x7f8930e52068 1 -1 16 1354 53
get: 1496270098.102525 10 4 25 0x7f726e800340 0x7f8930e570e0 1 -1 16 1354 53
get: 1496270098.102619 10 4 25 0x7f726e800350 0x7f8930e52020 1 -1 16 1354 53
get: 1496270098.102708 10 4 25 0x7f726e7fff28 0x7f893080e160 1 -1 8 492 26
get: 1496270098.103246 10 4 25 0x7f726e7fff30 0x7f893080e158 1 -1 8 492 26
get: 1496270098.103469 10 4 25 0x7f726e800380 0x7f8930e52068 1 -1 16 1354 53
get: 1496270098.103595 10 4 25 0x7f726e800340 0x7f8930e570f0 1 -1 16 1354 53
task: 1496270098.103727 10 26 25 L 215 28 24
task: 1496270098.103740 10 27 25 L 218 28 31
Btask: 1496270098.103782 10 26
Btask: 1496270098.103785 10 27
Etask: 1496270098.103801 10 26
Etask: 1496270098.103812 10 27
Etask: 1496270098.103832 10 25
task: 1496270098.113853 10 28 7 O 0 -5 129
Btask: 1496270098.114005 10 28
get: 1496270098.114024 10 0 28 0x7f7269800930 0x7f559201d5d8 1 -1 16 1002 53
get: 1496270098.114255 10 0 28 0x7f7269800650 0x7f55921114c0 1 -1 16 753 53
get: 1496270098.114470 10 0 28 0x7f7269800670 0x7f5592111520 1 -1 16 753 53
get: 1496270098.114623 10 0 28 0x7f7269800528 0x7f55921104e0 1 -1 8 492 26
get: 1496270098.114757 10 0 28 0x7f7269800530 0x7f55921104d8 1 -1 8 492 26
get: 1496270098.114937 10 0 28 0x7f72698006a0 0x7f5592111568 1 -1 16 753 53
get: 1496270098.115037 10 0 28 0x7f7269800660 0x7f55920515a0 1 -1 16 753 53
get: 1496270098.115141 10 0 28 0x7f7269800970 0x7f559201d5f0 1 -1 16 1003 53
get: 1496270098.115375 10 0 28 0x7f7269800980 0x7f5592111700 1 -1 16 1003 53
get: 1496270098.115684 10 0 28 0x7f7269800768 0x7f55921104e0 1 -1 8 492 26
get: 1496270098.115819 10 0 28 0x7f7269800770 0x7f55921104d8 1 -1 8 492 26
get: 1496270098.115913 10 0 28 0x7f72698009b0 0x7f5592111748 1 -1 16 1003 53
put: 1496270098.116133 10 0 28 0x7f7269800a50 0x7f55920518a0 1 -1 16 1003 53
f_executeOn: 1496270098.116285 10 0 -2 18 0x7f7269800e70 112 28
Etask: 1496270098.116378 10 28
task: 1496270098.149249 10 29 7 O 0 -5 32
Btask: 1496270098.149373 10 29
get: 1496270098.149406 10 4 29 0x7f7264800330 0x7f8930a13040 1 -1 16 1354 53
get: 1496270098.149533 10 4 29 0x7f7264800350 0x7f8930a1a020 1 -1 16 1354 53
get: 1496270098.149646 10 4 29 0x7f72647fff28 0x7f893080e160 1 -1 8 492 26
get: 1496270098.149732 10 4 29 0x7f72647fff30 0x7f893080e158 1 -1 8 492 26
get: 1496270098.149818 10 4 29 0x7f7264800380 0x7f8930a1a068 1 -1 16 1354 53
get: 1496270098.149973 10 4 29 0x7f7264800340 0x7f8930a1f000 1 -1 16 1354 53
get: 1496270098.150529 10 4 29 0x7f7264800350 0x7f8930a1a020 1 -1 16 1354 53
get: 1496270098.150658 10 4 29 0x7f72647fff28 0x7f893080e160 1 -1 8 492 26
get: 1496270098.150752 10 4 29 0x7f72647fff30 0x7f893080e158 1 -1 8 492 26
get: 1496270098.151140 10 4 29 0x7f7264800380 0x7f8930a1a068 1 -1 16 1354 53
get: 1496270098.151402 10 4 29 0x7f7264800340 0x7f8930a1f010 1 -1 16 1354 53
get: 1496270098.151487 10 4 29 0x7f7264800350 0x7f8930a1a020 1 -1 16 1354 53
get: 1496270098.151584 10 4 29 0x7f72647fff28 0x7f893080e160 1 -1 8 492 26
get: 1496270098.151716 10 4 29 0x7f72647fff30 0x7f893080e158 1 -1 8 492 26
get: 1496270098.151805 10 4 29 0x7f7264800380 0x7f8930a1a068 1 -1 16 1354 53
get: 1496270098.151922 10 4 29 0x7f7264800340 0x7f8930a1f020 1 -1 16 1354 53
get: 1496270098.152077 10 4 29 0x7f7264800350 0x7f8930a1a020 1 -1 16 1354 53
get: 1496270098.152236 10 4 29 0x7f72647fff28 0x7f893080e160 1 -1 8 492 26
get: 1496270098.152407 10 4 29 0x7f72647fff30 0x7f893080e158 1 -1 8 492 26
get: 1496270098.152563 10 4 29 0x7f7264800380 0x7f8930a1a068 1 -1 16 1354 53
get: 1496270098.152689 10 4 29 0x7f7264800340 0x7f8930a1f030 1 -1 16 1354 53
get: 1496270098.152826 10 4 29 0x7f7264800350 0x7f8930a1a020 1 -1 16 1354 53
get: 1496270098.153118 10 4 29 0x7f72647fff28 0x7f893080e160 1 -1 8 492 26
get: 1496270098.153252 10 4 29 0x7f72647fff30 0x7f893080e158 1 -1 8 492 26
get: 1496270098.153541 10 4 29 0x7f7264800380 0x7f8930a1a068 1 -1 16 1354 53
get: 1496270098.153679 10 4 29 0x7f7264800340 0x7f8930a1f040 1 -1 16 1354 53
get: 1496270098.153821 10 4 29 0x7f7264800350 0x7f8930a1a020 1 -1 16 1354 53
get: 1496270098.153958 10 4 29 0x7f72647fff28 0x7f893080e160 1 -1 8 492 26
get: 1496270098.154099 10 4 29 0x7f72647fff30 0x7f893080e158 1 -1 8 492 26
get: 1496270098.154197 10 4 29 0x7f7264800380 0x7f8930a1a068 1 -1 16 1354 53
get: 1496270098.154274 10 4 29 0x7f7264800340 0x7f8930a1f050 1 -1 16 1354 53
get: 1496270098.154662 10 4 29 0x7f7264800350 0x7f8930a1a020 1 -1 16 1354 53
get: 1496270098.154924 10 4 29 0x7f72647fff28 0x7f893080e160 1 -1 8 492 26
get: 1496270098.155047 10 4 29 0x7f72647fff30 0x7f893080e158 1 -1 8 492 26
get: 1496270098.155163 10 4 29 0x7f7264800380 0x7f8930a1a068 1 -1 16 1354 53
get: 1496270098.155290 10 4 29 0x7f7264800340 0x7f8930a1f060 1 -1 16 1354 53
get: 1496270098.155923 10 4 29 0x7f7264800350 0x7f8930a1a020 1 -1 16 1354 53
get: 1496270098.156044 10 4 29 0x7f72647fff28 0x7f893080e160 1 -1 8 492 26
get: 1496270098.156164 10 4 29 0x7f72647fff30 0x7f893080e158 1 -1 8 492 26
get: 1496270098.156506 10 4 29 0x7f7264800380 0x7f8930a1a068 1 -1 16 1354 53
get: 1496270098.156634 10 4 29 0x7f7264800340 0x7f8930a1f070 1 -1 16 1354 53
get: 1496270098.156770 10 4 29 0x7f7264800350 0x7f8930a1a020 1 -1 16 1354 53
get: 1496270098.156896 10 4 29 0x7f72647fff28 0x7f893080e160 1 -1 8 492 26
get: 1496270098.156984 10 4 29 0x7f72647fff30 0x7f893080e158 1 -1 8 492 26
get: 1496270098.157076 10 4 29 0x7f7264800380 0x7f8930a1a068 1 -1 16 1354 53
get: 1496270098.157160 10 4 29 0x7f7264800340 0x7f8930a1f080 1 -1 16 1354 53
get: 1496270098.157287 10 4 29 0x7f7264800350 0x7f8930a1a020 1 -1 16 1354 53
get: 1496270098.157715 10 4 29 0x7f72647fff28 0x7f893080e160 1 -1 8 492 26
get: 1496270098.157834 10 4 29 0x7f72647fff30 0x7f893080e158 1 -1 8 492 26
get: 1496270098.157921 10 4 29 0x7f7264800380 0x7f8930a1a068 1 -1 16 1354 53
get: 1496270098.157977 10 4 29 0x7f7264800340 0x7f8930a1f090 1 -1 16 1354 53
get: 1496270098.158080 10 4 29 0x7f7264800350 0x7f8930a1a020 1 -1 16 1354 53
get: 1496270098.159065 10 4 29 0x7f72647fff28 0x7f893080e160 1 -1 8 492 26
get: 1496270098.159162 10 4 29 0x7f72647fff30 0x7f893080e158 1 -1 8 492 26
get: 1496270098.159313 10 4 29 0x7f7264800380 0x7f8930a1a068 1 -1 16 1354 53
get: 1496270098.159440 10 4 29 0x7f7264800340 0x7f8930a1f0a0 1 -1 16 1354 53
get: 1496270098.159991 10 4 29 0x7f7264800350 0x7f8930a1a020 1 -1 16 1354 53
get: 1496270098.160151 10 4 29 0x7f72647fff28 0x7f893080e160 1 -1 8 492 26
get: 1496270098.160250 10 4 29 0x7f72647fff30 0x7f893080e158 1 -1 8 492 26
get: 1496270098.160339 10 4 29 0x7f7264800380 0x7f8930a1a068 1 -1 16 1354 53
get: 1496270098.160774 10 4 29 0x7f7264800340 0x7f8930a1f0b0 1 -1 16 1354 53
get: 1496270098.161134 10 4 29 0x7f7264800350 0x7f8930a1a020 1 -1 16 1354 53
get: 1496270098.161296 10 4 29 0x7f72647fff28 0x7f893080e160 1 -1 8 492 26
get: 1496270098.161442 10 4 29 0x7f72647fff30 0x7f893080e158 1 -1 8 492 26
get: 1496270098.161606 10 4 29 0x7f7264800380 0x7f8930a1a068 1 -1 16 1354 53
get: 1496270098.161701 10 4 29 0x7f7264800340 0x7f8930a1f0c0 1 -1 16 1354 53
get: 1496270098.161826 10 4 29 0x7f7264800350 0x7f8930a1a020 1 -1 16 1354 53
get: 1496270098.161934 10 4 29 0x7f72647fff28 0x7f893080e160 1 -1 8 492 26
get: 1496270098.162348 10 4 29 0x7f72647fff30 0x7f893080e158 1 -1 8 492 26
get: 1496270098.162485 10 4 29 0x7f7264800380 0x7f8930a1a068 1 -1 16 1354 53
get: 1496270098.162629 10 4 29 0x7f7264800340 0x7f8930a1f0d0 1 -1 16 1354 53
get: 1496270098.162761 10 4 29 0x7f7264800350 0x7f8930a1a020 1 -1 16 1354 53
get: 1496270098.162861 10 4 29 0x7f72647fff28 0x7f893080e160 1 -1 8 492 26
get: 1496270098.162987 10 4 29 0x7f72647fff30 0x7f893080e158 1 -1 8 492 26
get: 1496270098.163801 10 4 29 0x7f7264800380 0x7f8930a1a068 1 -1 16 1354 53
get: 1496270098.163961 10 4 29 0x7f7264800340 0x7f8930a1f0e0 1 -1 16 1354 53
get: 1496270098.164048 10 4 29 0x7f7264800350 0x7f8930a1a020 1 -1 16 1354 53
get: 1496270098.164887 10 4 29 0x7f72647fff28 0x7f893080e160 1 -1 8 492 26
get: 1496270098.164979 10 4 29 0x7f72647fff30 0x7f893080e158 1 -1 8 492 26
get: 1496270098.165294 10 4 29 0x7f7264800380 0x7f8930a1a068 1 -1 16 1354 53
get: 1496270098.165427 10 4 29 0x7f7264800340 0x7f8930a1f0f0 1 -1 16 1354 53
task: 1496270098.165528 10 30 29 L 215 28 24
task: 1496270098.165539 10 31 29 L 218 28 31
Btask: 1496270098.165554 10 30
Etask: 1496270098.165568 10 30
Btask: 1496270098.165592 10 31
Etask: 1496270098.165606 10 31
Etask: 1496270098.165619 10 29
task: 1496270098.192224 10 32 1 O 0 -5 129
Btask: 1496270098.192363 10 32
get: 1496270098.192391 10 0 32 0x7f725f800930 0x7f559201d648 1 -1 16 1002 53
get: 1496270098.192678 10 0 32 0x7f725f800650 0x7f55921114c0 1 -1 16 753 53
get: 1496270098.192975 10 0 32 0x7f725f800670 0x7f5592111520 1 -1 16 753 53
get: 1496270098.193188 10 0 32 0x7f725f800528 0x7f55921104e0 1 -1 8 492 26
get: 1496270098.193305 10 0 32 0x7f725f800530 0x7f55921104d8 1 -1 8 492 26
get: 1496270098.193476 10 0 32 0x7f725f8006a0 0x7f5592111568 1 -1 16 753 53
get: 1496270098.193596 10 0 32 0x7f725f800660 0x7f55920515a0 1 -1 16 753 53
get: 1496270098.193786 10 0 32 0x7f725f800970 0x7f559201d660 1 -1 16 1003 53
get: 1496270098.193967 10 0 32 0x7f725f800980 0x7f55921117a0 1 -1 16 1003 53
get: 1496270098.194146 10 0 32 0x7f725f800768 0x7f55921104e0 1 -1 8 492 26
get: 1496270098.194361 10 0 32 0x7f725f800770 0x7f55921104d8 1 -1 8 492 26
get: 1496270098.194468 10 0 32 0x7f725f8009b0 0x7f55921117e8 1 -1 16 1003 53
put: 1496270098.194627 10 0 32 0x7f725f800a50 0x7f55920519a0 1 -1 16 1003 53
f_executeOn: 1496270098.194761 10 0 -2 18 0x7f725f800e70 112 32
Etask: 1496270098.195104 10 32
task: 1496270098.236333 10 33 7 O 0 -5 32
Btask: 1496270098.236467 10 33
get: 1496270098.236521 10 4 33 0x7f725a800330 0x7f8930613040 1 -1 16 1354 53
get: 1496270098.236741 10 4 33 0x7f725a800350 0x7f893061a020 1 -1 16 1354 53
get: 1496270098.236986 10 4 33 0x7f725a7fff28 0x7f893080e160 1 -1 8 492 26
get: 1496270098.237175 10 4 33 0x7f725a7fff30 0x7f893080e158 1 -1 8 492 26
get: 1496270098.237435 10 4 33 0x7f725a800380 0x7f893061a068 1 -1 16 1354 53
get: 1496270098.237631 10 4 33 0x7f725a800340 0x7f893061f000 1 -1 16 1354 53
get: 1496270098.237850 10 4 33 0x7f725a800350 0x7f893061a020 1 -1 16 1354 53
get: 1496270098.238028 10 4 33 0x7f725a7fff28 0x7f893080e160 1 -1 8 492 26
get: 1496270098.238280 10 4 33 0x7f725a7fff30 0x7f893080e158 1 -1 8 492 26
get: 1496270098.238435 10 4 33 0x7f725a800380 0x7f893061a068 1 -1 16 1354 53
get: 1496270098.238616 10 4 33 0x7f725a800340 0x7f893061f010 1 -1 16 1354 53
get: 1496270098.238799 10 4 33 0x7f725a800350 0x7f893061a020 1 -1 16 1354 53
get: 1496270098.238921 10 4 33 0x7f725a7fff28 0x7f893080e160 1 -1 8 492 26
get: 1496270098.239042 10 4 33 0x7f725a7fff30 0x7f893080e158 1 -1 8 492 26
get: 1496270098.239205 10 4 33 0x7f725a800380 0x7f893061a068 1 -1 16 1354 53
get: 1496270098.239404 10 4 33 0x7f725a800340 0x7f893061f020 1 -1 16 1354 53
get: 1496270098.239573 10 4 33 0x7f725a800350 0x7f893061a020 1 -1 16 1354 53
get: 1496270098.239746 10 4 33 0x7f725a7fff28 0x7f893080e160 1 -1 8 492 26
get: 1496270098.239860 10 4 33 0x7f725a7fff30 0x7f893080e158 1 -1 8 492 26
get: 1496270098.240013 10 4 33 0x7f725a800380 0x7f893061a068 1 -1 16 1354 53
get: 1496270098.240130 10 4 33 0x7f725a800340 0x7f893061f030 1 -1 16 1354 53
get: 1496270098.240190 10 4 33 0x7f725a800350 0x7f893061a020 1 -1 16 1354 53
get: 1496270098.240278 10 4 33 0x7f725a7fff28 0x7f893080e160 1 -1 8 492 26
get: 1496270098.240332 10 4 33 0x7f725a7fff30 0x7f893080e158 1 -1 8 492 26
get: 1496270098.240419 10 4 33 0x7f725a800380 0x7f893061a068 1 -1 16 1354 53
get: 1496270098.240572 10 4 33 0x7f725a800340 0x7f893061f040 1 -1 16 1354 53
get: 1496270098.240694 10 4 33 0x7f725a800350 0x7f893061a020 1 -1 16 1354 53
get: 1496270098.240776 10 4 33 0x7f725a7fff28 0x7f893080e160 1 -1 8 492 26
get: 1496270098.240900 10 4 33 0x7f725a7fff30 0x7f893080e158 1 -1 8 492 26
get: 1496270098.240985 10 4 33 0x7f725a800380 0x7f893061a068 1 -1 16 1354 53
get: 1496270098.241145 10 4 33 0x7f725a800340 0x7f893061f050 1 -1 16 1354 53
get: 1496270098.241260 10 4 33 0x7f725a800350 0x7f893061a020 1 -1 16 1354 53
get: 1496270098.241379 10 4 33 0x7f725a7fff28 0x7f893080e160 1 -1 8 492 26
get: 1496270098.241505 10 4 33 0x7f725a7fff30 0x7f893080e158 1 -1 8 492 26
get: 1496270098.241615 10 4 33 0x7f725a800380 0x7f893061a068 1 -1 16 1354 53
get: 1496270098.241695 10 4 33 0x7f725a800340 0x7f893061f060 1 -1 16 1354 53
get: 1496270098.241807 10 4 33 0x7f725a800350 0x7f893061a020 1 -1 16 1354 53
get: 1496270098.241920 10 4 33 0x7f725a7fff28 0x7f893080e160 1 -1 8 492 26
get: 1496270098.242063 10 4 33 0x7f725a7fff30 0x7f893080e158 1 -1 8 492 26
get: 1496270098.242187 10 4 33 0x7f725a800380 0x7f893061a068 1 -1 16 1354 53
get: 1496270098.242308 10 4 33 0x7f725a800340 0x7f893061f070 1 -1 16 1354 53
get: 1496270098.242429 10 4 33 0x7f725a800350 0x7f893061a020 1 -1 16 1354 53
get: 1496270098.242552 10 4 33 0x7f725a7fff28 0x7f893080e160 1 -1 8 492 26
get: 1496270098.242680 10 4 33 0x7f725a7fff30 0x7f893080e158 1 -1 8 492 26
get: 1496270098.242789 10 4 33 0x7f725a800380 0x7f893061a068 1 -1 16 1354 53
get: 1496270098.242878 10 4 33 0x7f725a800340 0x7f893061f080 1 -1 16 1354 53
get: 1496270098.242972 10 4 33 0x7f725a800350 0x7f893061a020 1 -1 16 1354 53
get: 1496270098.243105 10 4 33 0x7f725a7fff28 0x7f893080e160 1 -1 8 492 26
get: 1496270098.243204 10 4 33 0x7f725a7fff30 0x7f893080e158 1 -1 8 492 26
get: 1496270098.243262 10 4 33 0x7f725a800380 0x7f893061a068 1 -1 16 1354 53
get: 1496270098.243336 10 4 33 0x7f725a800340 0x7f893061f090 1 -1 16 1354 53
get: 1496270098.243420 10 4 33 0x7f725a800350 0x7f893061a020 1 -1 16 1354 53
get: 1496270098.243537 10 4 33 0x7f725a7fff28 0x7f893080e160 1 -1 8 492 26
get: 1496270098.243630 10 4 33 0x7f725a7fff30 0x7f893080e158 1 -1 8 492 26
get: 1496270098.243753 10 4 33 0x7f725a800380 0x7f893061a068 1 -1 16 1354 53
get: 1496270098.243881 10 4 33 0x7f725a800340 0x7f893061f0a0 1 -1 16 1354 53
get: 1496270098.243977 10 4 33 0x7f725a800350 0x7f893061a020 1 -1 16 1354 53
get: 1496270098.244073 10 4 33 0x7f725a7fff28 0x7f893080e160 1 -1 8 492 26
get: 1496270098.244212 10 4 33 0x7f725a7fff30 0x7f893080e158 1 -1 8 492 26
get: 1496270098.244330 10 4 33 0x7f725a800380 0x7f893061a068 1 -1 16 1354 53
get: 1496270098.244415 10 4 33 0x7f725a800340 0x7f893061f0b0 1 -1 16 1354 53
get: 1496270098.244524 10 4 33 0x7f725a800350 0x7f893061a020 1 -1 16 1354 53
get: 1496270098.244614 10 4 33 0x7f725a7fff28 0x7f893080e160 1 -1 8 492 26
get: 1496270098.244663 10 4 33 0x7f725a7fff30 0x7f893080e158 1 -1 8 492 26
get: 1496270098.244745 10 4 33 0x7f725a800380 0x7f893061a068 1 -1 16 1354 53
get: 1496270098.244867 10 4 33 0x7f725a800340 0x7f893061f0c0 1 -1 16 1354 53
get: 1496270098.244997 10 4 33 0x7f725a800350 0x7f893061a020 1 -1 16 1354 53
get: 1496270098.245114 10 4 33 0x7f725a7fff28 0x7f893080e160 1 -1 8 492 26
get: 1496270098.245200 10 4 33 0x7f725a7fff30 0x7f893080e158 1 -1 8 492 26
get: 1496270098.245301 10 4 33 0x7f725a800380 0x7f893061a068 1 -1 16 1354 53
get: 1496270098.245425 10 4 33 0x7f725a800340 0x7f893061f0d0 1 -1 16 1354 53
get: 1496270098.245543 10 4 33 0x7f725a800350 0x7f893061a020 1 -1 16 1354 53
get: 1496270098.245627 10 4 33 0x7f725a7fff28 0x7f893080e160 1 -1 8 492 26
get: 1496270098.245714 10 4 33 0x7f725a7fff30 0x7f893080e158 1 -1 8 492 26
get: 1496270098.245830 10 4 33 0x7f725a800380 0x7f893061a068 1 -1 16 1354 53
get: 1496270098.245914 10 4 33 0x7f725a800340 0x7f893061f0e0 1 -1 16 1354 53
get: 1496270098.245969 10 4 33 0x7f725a800350 0x7f893061a020 1 -1 16 1354 53
get: 1496270098.246055 10 4 33 0x7f725a7fff28 0x7f893080e160 1 -1 8 492 26
get: 1496270098.246237 10 4 33 0x7f725a7fff30 0x7f893080e158 1 -1 8 492 26
get: 1496270098.246459 10 4 33 0x7f725a800380 0x7f893061a068 1 -1 16 1354 53
get: 1496270098.246576 10 4 33 0x7f725a800340 0x7f893061f0f0 1 -1 16 1354 53
task: 1496270098.246705 10 34 33 L 215 28 24
task: 1496270098.246714 10 35 33 L 218 28 31
Btask: 1496270098.246764 10 34
Etask: 1496270098.246782 10 34
Btask: 1496270098.246779 10 35
Etask: 1496270098.246797 10 35
Etask: 1496270098.246811 10 33
task: 1496270098.451099 10 36 7 O 0 -5 129
Btask: 1496270098.451234 10 36
get: 1496270098.451246 10 0 36 0x7f7255800930 0x7f559201d6b8 1 -1 16 1002 53
get: 1496270098.451475 10 0 36 0x7f7255800650 0x7f55921114c0 1 -1 16 753 53
get: 1496270098.451655 10 0 36 0x7f7255800670 0x7f5592111520 1 -1 16 753 53
get: 1496270098.451862 10 0 36 0x7f7255800528 0x7f55921104e0 1 -1 8 492 26
get: 1496270098.452177 10 0 36 0x7f7255800530 0x7f55921104d8 1 -1 8 492 26
get: 1496270098.452372 10 0 36 0x7f72558006a0 0x7f5592111568 1 -1 16 753 53
get: 1496270098.452530 10 0 36 0x7f7255800660 0x7f55920515a0 1 -1 16 753 53
get: 1496270098.452726 10 0 36 0x7f7255800970 0x7f559201d6d0 1 -1 16 1003 53
get: 1496270098.452867 10 0 36 0x7f7255800980 0x7f5592111840 1 -1 16 1003 53
get: 1496270098.453009 10 0 36 0x7f7255800768 0x7f55921104e0 1 -1 8 492 26
get: 1496270098.453145 10 0 36 0x7f7255800770 0x7f55921104d8 1 -1 8 492 26
get: 1496270098.453309 10 0 36 0x7f72558009b0 0x7f5592111888 1 -1 16 1003 53
put: 1496270098.453518 10 0 36 0x7f7255800a50 0x7f5592051aa0 1 -1 16 1003 53
f_executeOn: 1496270098.453728 10 0 -2 18 0x7f7255800e70 112 36
Etask: 1496270098.453832 10 36
task: 1496270098.472141 10 37 7 O 0 -5 32
Btask: 1496270098.472252 10 37
get: 1496270098.472301 10 4 37 0x7f7250800330 0x7f8930210040 1 -1 16 1354 53
get: 1496270098.472609 10 4 37 0x7f7250800350 0x7f8930217020 1 -1 16 1354 53
get: 1496270098.472868 10 4 37 0x7f72507fff28 0x7f893080e160 1 -1 8 492 26
get: 1496270098.473081 10 4 37 0x7f72507fff30 0x7f893080e158 1 -1 8 492 26
get: 1496270098.473286 10 4 37 0x7f7250800380 0x7f8930217068 1 -1 16 1354 53
get: 1496270098.473567 10 4 37 0x7f7250800340 0x7f893021c000 1 -1 16 1354 53
get: 1496270098.473875 10 4 37 0x7f7250800350 0x7f8930217020 1 -1 16 1354 53
get: 1496270098.474091 10 4 37 0x7f72507fff28 0x7f893080e160 1 -1 8 492 26
get: 1496270098.474331 10 4 37 0x7f72507fff30 0x7f893080e158 1 -1 8 492 26
get: 1496270098.474612 10 4 37 0x7f7250800380 0x7f8930217068 1 -1 16 1354 53
get: 1496270098.474806 10 4 37 0x7f7250800340 0x7f893021c010 1 -1 16 1354 53
get: 1496270098.474956 10 4 37 0x7f7250800350 0x7f8930217020 1 -1 16 1354 53
get: 1496270098.475140 10 4 37 0x7f72507fff28 0x7f893080e160 1 -1 8 492 26
get: 1496270098.475339 10 4 37 0x7f72507fff30 0x7f893080e158 1 -1 8 492 26
get: 1496270098.475458 10 4 37 0x7f7250800380 0x7f8930217068 1 -1 16 1354 53
get: 1496270098.475564 10 4 37 0x7f7250800340 0x7f893021c020 1 -1 16 1354 53
get: 1496270098.475654 10 4 37 0x7f7250800350 0x7f8930217020 1 -1 16 1354 53
get: 1496270098.475710 10 4 37 0x7f72507fff28 0x7f893080e160 1 -1 8 492 26
get: 1496270098.475759 10 4 37 0x7f72507fff30 0x7f893080e158 1 -1 8 492 26
get: 1496270098.475843 10 4 37 0x7f7250800380 0x7f8930217068 1 -1 16 1354 53
get: 1496270098.475943 10 4 37 0x7f7250800340 0x7f893021c030 1 -1 16 1354 53
get: 1496270098.476068 10 4 37 0x7f7250800350 0x7f8930217020 1 -1 16 1354 53
get: 1496270098.476191 10 4 37 0x7f72507fff28 0x7f893080e160 1 -1 8 492 26
get: 1496270098.476318 10 4 37 0x7f72507fff30 0x7f893080e158 1 -1 8 492 26
get: 1496270098.476439 10 4 37 0x7f7250800380 0x7f8930217068 1 -1 16 1354 53
get: 1496270098.476552 10 4 37 0x7f7250800340 0x7f893021c040 1 -1 16 1354 53
get: 1496270098.476601 10 4 37 0x7f7250800350 0x7f8930217020 1 -1 16 1354 53
get: 1496270098.476652 10 4 37 0x7f72507fff28 0x7f893080e160 1 -1 8 492 26
get: 1496270098.476738 10 4 37 0x7f72507fff30 0x7f893080e158 1 -1 8 492 26
get: 1496270098.476823 10 4 37 0x7f7250800380 0x7f8930217068 1 -1 16 1354 53
get: 1496270098.476917 10 4 37 0x7f7250800340 0x7f893021c050 1 -1 16 1354 53
get: 1496270098.477023 10 4 37 0x7f7250800350 0x7f8930217020 1 -1 16 1354 53
get: 1496270098.477139 10 4 37 0x7f72507fff28 0x7f893080e160 1 -1 8 492 26
get: 1496270098.477254 10 4 37 0x7f72507fff30 0x7f893080e158 1 -1 8 492 26
get: 1496270098.477345 10 4 37 0x7f7250800380 0x7f8930217068 1 -1 16 1354 53
get: 1496270098.477433 10 4 37 0x7f7250800340 0x7f893021c060 1 -1 16 1354 53
get: 1496270098.477578 10 4 37 0x7f7250800350 0x7f8930217020 1 -1 16 1354 53
get: 1496270098.477673 10 4 37 0x7f72507fff28 0x7f893080e160 1 -1 8 492 26
get: 1496270098.477835 10 4 37 0x7f72507fff30 0x7f893080e158 1 -1 8 492 26
get: 1496270098.477926 10 4 37 0x7f7250800380 0x7f8930217068 1 -1 16 1354 53
get: 1496270098.477984 10 4 37 0x7f7250800340 0x7f893021c070 1 -1 16 1354 53
get: 1496270098.478107 10 4 37 0x7f7250800350 0x7f8930217020 1 -1 16 1354 53
get: 1496270098.478165 10 4 37 0x7f72507fff28 0x7f893080e160 1 -1 8 492 26
get: 1496270098.478251 10 4 37 0x7f72507fff30 0x7f893080e158 1 -1 8 492 26
get: 1496270098.478387 10 4 37 0x7f7250800380 0x7f8930217068 1 -1 16 1354 53
get: 1496270098.478524 10 4 37 0x7f7250800340 0x7f893021c080 1 -1 16 1354 53
get: 1496270098.478619 10 4 37 0x7f7250800350 0x7f8930217020 1 -1 16 1354 53
get: 1496270098.478718 10 4 37 0x7f72507fff28 0x7f893080e160 1 -1 8 492 26
get: 1496270098.478893 10 4 37 0x7f72507fff30 0x7f893080e158 1 -1 8 492 26
get: 1496270098.479018 10 4 37 0x7f7250800380 0x7f8930217068 1 -1 16 1354 53
get: 1496270098.479112 10 4 37 0x7f7250800340 0x7f893021c090 1 -1 16 1354 53
get: 1496270098.479243 10 4 37 0x7f7250800350 0x7f8930217020 1 -1 16 1354 53
get: 1496270098.479339 10 4 37 0x7f72507fff28 0x7f893080e160 1 -1 8 492 26
get: 1496270098.479458 10 4 37 0x7f72507fff30 0x7f893080e158 1 -1 8 492 26
get: 1496270098.479569 10 4 37 0x7f7250800380 0x7f8930217068 1 -1 16 1354 53
get: 1496270098.479707 10 4 37 0x7f7250800340 0x7f893021c0a0 1 -1 16 1354 53
get: 1496270098.479840 10 4 37 0x7f7250800350 0x7f8930217020 1 -1 16 1354 53
get: 1496270098.479948 10 4 37 0x7f72507fff28 0x7f893080e160 1 -1 8 492 26
get: 1496270098.480079 10 4 37 0x7f72507fff30 0x7f893080e158 1 -1 8 492 26
get: 1496270098.480166 10 4 37 0x7f7250800380 0x7f8930217068 1 -1 16 1354 53
get: 1496270098.480218 10 4 37 0x7f7250800340 0x7f893021c0b0 1 -1 16 1354 53
get: 1496270098.480310 10 4 37 0x7f7250800350 0x7f8930217020 1 -1 16 1354 53
get: 1496270098.480367 10 4 37 0x7f72507fff28 0x7f893080e160 1 -1 8 492 26
get: 1496270098.480499 10 4 37 0x7f72507fff30 0x7f893080e158 1 -1 8 492 26
get: 1496270098.480620 10 4 37 0x7f7250800380 0x7f8930217068 1 -1 16 1354 53
get: 1496270098.480753 10 4 37 0x7f7250800340 0x7f893021c0c0 1 -1 16 1354 53
get: 1496270098.480846 10 4 37 0x7f7250800350 0x7f8930217020 1 -1 16 1354 53
get: 1496270098.480939 10 4 37 0x7f72507fff28 0x7f893080e160 1 -1 8 492 26
get: 1496270098.481034 10 4 37 0x7f72507fff30 0x7f893080e158 1 -1 8 492 26
get: 1496270098.481090 10 4 37 0x7f7250800380 0x7f8930217068 1 -1 16 1354 53
get: 1496270098.481178 10 4 37 0x7f7250800340 0x7f893021c0d0 1 -1 16 1354 53
get: 1496270098.481305 10 4 37 0x7f7250800350 0x7f8930217020 1 -1 16 1354 53
get: 1496270098.481428 10 4 37 0x7f72507fff28 0x7f893080e160 1 -1 8 492 26
get: 1496270098.481548 10 4 37 0x7f72507fff30 0x7f893080e158 1 -1 8 492 26
get: 1496270098.481666 10 4 37 0x7f7250800380 0x7f8930217068 1 -1 16 1354 53
get: 1496270098.481783 10 4 37 0x7f7250800340 0x7f893021c0e0 1 -1 16 1354 53
get: 1496270098.481869 10 4 37 0x7f7250800350 0x7f8930217020 1 -1 16 1354 53
get: 1496270098.481930 10 4 37 0x7f72507fff28 0x7f893080e160 1 -1 8 492 26
get: 1496270098.482063 10 4 37 0x7f72507fff30 0x7f893080e158 1 -1 8 492 26
get: 1496270098.482196 10 4 37 0x7f7250800380 0x7f8930217068 1 -1 16 1354 53
get: 1496270098.482317 10 4 37 0x7f7250800340 0x7f893021c0f0 1 -1 16 1354 53
task: 1496270098.482456 10 38 37 L 215 28 24
task: 1496270098.482467 10 39 37 L 218 28 31
Btask: 1496270098.482533 10 38
Btask: 1496270098.482555 10 39
Etask: 1496270098.482560 10 38
Etask: 1496270098.482578 10 39
Etask: 1496270098.482592 10 37
task: 1496270098.519688 10 40 1 O 0 -5 158
Btask: 1496270098.519817 10 40
VdbMark: 1496270098.519824 10 40
task: 1496270098.519838 10 41 40 L 98 52 157
Btask: 1496270098.519953 10 41
fork: 1496270098.519990 10 11 -2 158 0x7f7273800dd0 168 41 
Etask: 1496270098.524609 10 41
Tag: 1496270098.524613 1.296000 1.004000 10 40 2
Etask: 1496270098.524654 10 40
task: 1496270098.527408 10 42 1 O 0 -5 164
Btask: 1496270098.527528 10 42
f_executeOn: 1496270098.527605 10 0 -2 18 0x7f7246800e20 112 42
Etask: 1496270098.527752 10 42
task: 1496270098.534962 10 43 1 O 0 -5 158
Btask: 1496270098.535051 10 43
VdbMark: 1496270098.535072 10 43
task: 1496270098.535084 10 44 43 L 98 52 157
Btask: 1496270098.535158 10 44
fork: 1496270098.535180 10 11 -2 158 0x7f727f003dd0 168 44 
Etask: 1496270098.535622 10 44
Tag: 1496270098.535623 1.316000 1.016000 10 43 3
Etask: 1496270098.535673 10 43
task: 1496270098.579235 10 45 7 O 0 -5 158
Btask: 1496270098.579354 10 45
VdbMark: 1496270098.579376 10 45
task: 1496270098.579387 10 46 45 L 98 52 157
Btask: 1496270098.579420 10 46
fork: 1496270098.579437 10 11 -2 158 0x7f7273800dd0 168 46 
Etask: 1496270098.579906 10 46
Tag: 1496270098.579910 1.392000 1.036000 10 45 4
Etask: 1496270098.579961 10 45
task: 1496270098.587615 10 47 1 O 0 -5 162
Btask: 1496270098.587656 10 47
get: 1496270098.587676 10 4 47 0x7f7273800a80 0x7f896c01d020 1 -1 8 33 51
get: 1496270098.587800 10 4 47 0x7f7273800a90 0x7f896c01d028 1 -1 16 33 51
get: 1496270098.587976 10 1 47 0x7f72738009c0 0x7f51dac1d020 1 -1 8 31 51
get: 1496270098.588180 10 1 47 0x7f72738009d0 0x7f51dac1d028 1 -1 16 31 51
task: 1496270098.588403 10 48 47 L 30 51 159
task: 1496270098.588417 10 49 47 L 32 51 161
Btask: 1496270098.588464 10 48
Etask: 1496270098.588481 10 48
Btask: 1496270098.588480 10 49
Etask: 1496270098.588498 10 49
Etask: 1496270098.588521 10 47
task: 1496270098.594881 10 50 1 O 0 -5 158
Btask: 1496270098.594988 10 50
VdbMark: 1496270098.595011 10 50
task: 1496270098.595024 10 51 50 L 98 52 157
Btask: 1496270098.595056 10 51
fork: 1496270098.595066 10 11 -2 158 0x7f726f003dd0 168 51 
Etask: 1496270098.595516 10 51
Tag: 1496270098.595550 1.412000 1.064000 10 50 5
Etask: 1496270098.595587 10 50
task: 1496270098.605412 10 52 1 O 0 -5 158
Btask: 1496270098.605482 10 52
VdbMark: 1496270098.605498 10 52
task: 1496270098.605508 10 53 52 L 98 52 157
Btask: 1496270098.605572 10 53
fork: 1496270098.605590 10 11 -2 158 0x7f727f003dd0 168 53 
Etask: 1496270098.606164 10 53
Tag: 1496270098.606166 1.432000 1.072000 10 52 6
Etask: 1496270098.606294 10 52
task: 1496270098.609848 10 54 7 O 0 -5 168
Btask: 1496270098.609978 10 54
task: 1496270098.610000 10 55 54 L 76 51 165
task: 1496270098.610010 10 56 54 L 78 51 167
task: 1496270098.610016 10 57 54 L 80 51 169
Btask: 1496270098.610036 10 55
Etask: 1496270098.610050 10 55
Btask: 1496270098.610094 10 56
Etask: 1496270098.610110 10 56
Btask: 1496270098.610139 10 57
Etask: 1496270098.610159 10 57
Etask: 1496270098.610188 10 54
task: 1496270098.621849 10 58 7 O 0 -5 158
Btask: 1496270098.621914 10 58
VdbMark: 1496270098.621937 10 58
task: 1496270098.621957 10 59 58 L 98 52 157
Btask: 1496270098.622005 10 59
fork: 1496270098.622016 10 11 -2 158 0x7f7273800dd0 168 59 
Etask: 1496270098.622599 10 59
Tag: 1496270098.622603 1.472000 1.084000 10 58 7
Etask: 1496270098.622657 10 58
task: 1496270098.669918 10 60 1 O 0 -5 158
Btask: 1496270098.669969 10 60
VdbMark: 1496270098.669995 10 60
task: 1496270098.670012 10 61 60 L 98 52 157
Btask: 1496270098.670046 10 61
fork: 1496270098.670057 10 11 -2 158 0x7f7273800dd0 168 61 
Etask: 1496270098.670322 10 61
Tag: 1496270098.670325 1.544000 1.116000 10 60 8
Etask: 1496270098.670484 10 60
task: 1496270098.679691 10 62 1 O 0 -5 171
Btask: 1496270098.679731 10 62
task: 1496270098.679747 10 63 62 L 113 51 170
Btask: 1496270098.679778 10 63
fork: 1496270098.679788 10 11 -2 171 0x7f7273800e60 96 63 
Etask: 1496270098.680049 10 63
Etask: 1496270098.680077 10 62
task: 1496270098.686863 10 64 1 O 0 -5 158
Btask: 1496270098.686902 10 64
VdbMark: 1496270098.686912 10 64
task: 1496270098.686919 10 65 64 L 98 52 157
Btask: 1496270098.686951 10 65
fork: 1496270098.686962 10 11 -2 158 0x7f7273800dd0 168 65 
Etask: 1496270098.687235 10 65
Tag: 1496270098.687236 1.588000 1.116000 10 64 9
Etask: 1496270098.687265 10 64
task: 1496270098.723158 10 66 1 O 0 -5 158
Btask: 1496270098.723217 10 66
VdbMark: 1496270098.723256 10 66
task: 1496270098.723272 10 67 66 L 98 52 157
Btask: 1496270098.723332 10 67
fork: 1496270098.723347 10 11 -2 158 0x7f726e800dd0 168 67 
Etask: 1496270098.723867 10 67
Pause: 1496270098.723870 1.640000 1.144000 10 66 9
VdbMark: 1496270098.726245 10 68
Tag: 1496270098.726801 1.648000 1.148000 10 68 10
Etask: 1496270098.726834 10 68
task: 1496270098.748551 10 70 7 O 0 -5 172
Btask: 1496270098.748620 10 70
get: 1496270098.748634 10 8 70 0x7f727e800e80 0x7f7186800a98 1 -1 8 157 51
get: 1496270098.748931 10 8 70 0x7f727e800e88 0x7f7186800a98 1 -1 8 157 51
get: 1496270098.749095 10 8 70 0x7f727e800930 0x7f71c9a19180 1 -1 8 157 51
get: 1496270098.749264 10 8 70 0x7f727e800940 0x7f71c9a19188 1 -1 16 157 51
fork: 1496270098.749662 10 11 -2 172 0x7f727e800d90 120 70 
Etask: 1496270098.751275 10 70
task: 1496270098.760011 10 71 1 O 0 -5 158
Btask: 1496270098.760049 10 71
VdbMark: 1496270098.760061 10 71
task: 1496270098.760069 10 72 71 L 98 52 157
Btask: 1496270098.760091 10 72
fork: 1496270098.760098 10 11 -2 158 0x7f726e800dd0 168 72 
Etask: 1496270098.760419 10 72
Tag: 1496270098.760421 1.704000 1.168000 10 71 11
Etask: 1496270098.760457 10 71
task: 1496270098.783866 10 73 7 O 0 -5 158
Btask: 1496270098.783925 10 73
VdbMark: 1496270098.783935 10 73
task: 1496270098.783945 10 74 73 L 98 52 157
Btask: 1496270098.783970 10 74
fork: 1496270098.783978 10 11 -2 158 0x7f7274003dd0 168 74 
Etask: 1496270098.784335 10 74
Pause: 1496270098.784357 1.748000 1.180000 10 73 11
VdbMark: 1496270098.787966 10 75
Tag: 1496270098.788355 1.752000 1.184000 10 75 12
Etask: 1496270098.788385 10 75
task: 1496270098.793887 10 77 1 O 0 -5 174
Btask: 1496270098.793947 10 77
get: 1496270098.793962 10 8 77 0x7f7269800a90 0x7f71be40f000 1 -1 8 204 51
get: 1496270098.794147 10 8 77 0x7f7269800aa0 0x7f71be40f008 1 -1 16 204 51
task: 1496270098.794414 10 78 77 L 201 51 173
Btask: 1496270098.794443 10 78
fork: 1496270098.794454 10 11 -2 174 0x7f7273800e30 120 78 
Etask: 1496270098.795852 10 78
Etask: 1496270098.795866 10 77
task: 1496270098.806281 10 79 7 O 0 -5 158
Btask: 1496270098.806361 10 79
VdbMark: 1496270098.806374 10 79
task: 1496270098.806382 10 80 79 L 98 52 157
Btask: 1496270098.806402 10 80
fork: 1496270098.806411 10 11 -2 158 0x7f7265003dd0 168 80 
Etask: 1496270098.808842 10 80
End: 1496270098.808862 1.804000 1.192000 10 79
