ChplVdebug: ver 1.2 nodes 16 nid 4 tid 2 seq 56097699490.000 1496270097.707264 0.328000 0.140000 
Etask: 1496270097.708278 4 2
task: 1496270097.728065 4 3 1 O 0 -5 158
Btask: 1496270097.728682 4 3
VdbMark: 1496270097.729100 4 3
task: 1496270097.729115 4 4 3 L 98 52 157
task: 1496270097.729124 4 5 3 L 98 52 157
Btask: 1496270097.729152 4 5
fork: 1496270097.729171 4 5 -2 158 0x7f8937003dd0 168 5 
Btask: 1496270097.729168 4 4
fork: 1496270097.729638 4 6 -2 158 0x7f8936800dd0 168 4 
Etask: 1496270097.730557 4 5
Etask: 1496270097.732516 4 4
Tag: 1496270097.732519 0.376000 0.156000 4 3 0
Etask: 1496270097.732554 4 3
task: 1496270097.753012 4 6 1 O 0 -5 123
Btask: 1496270097.753594 4 6
get: 1496270097.754016 4 0 6 0x7f891d800c50 0x7f5592184348 1 -1 16 451 53
get: 1496270097.754203 4 0 6 0x7f891d800c60 0x7f55921113e0 1 -1 16 451 53
get: 1496270097.754417 4 0 6 0x7f891d800b08 0x7f55921104e0 1 -1 8 492 26
get: 1496270097.754597 4 0 6 0x7f891d800b10 0x7f55921104d8 1 -1 8 492 26
get: 1496270097.754733 4 0 6 0x7f891d800c90 0x7f5592111428 1 -1 16 451 53
put: 1496270097.754936 4 0 6 0x7f891d800cb0 0x7f5592051440 1 -1 16 451 53
f_executeOn: 1496270097.755152 4 0 -2 18 0x7f891d800df0 112 6
Etask: 1496270097.755338 4 6
task: 1496270097.773524 4 7 1 O 0 -5 33
Btask: 1496270097.774012 4 7
get: 1496270097.774530 4 1 7 0x7f89187fff30 0x7f51da40f0a8 1 -1 16 1295 53
get: 1496270097.774717 4 1 7 0x7f89187ffe30 0x7f51da40f088 1 -1 16 1294 53
get: 1496270097.774859 4 1 7 0x7f89187ffe50 0x7f51da417020 1 -1 16 1294 53
get: 1496270097.775079 4 1 7 0x7f89187ff9a8 0x7f51da40e160 1 -1 8 492 26
get: 1496270097.775236 4 1 7 0x7f89187ff9b0 0x7f51da40e158 1 -1 8 492 26
get: 1496270097.775351 4 1 7 0x7f89187ffe80 0x7f51da417068 1 -1 16 1294 53
get: 1496270097.775516 4 1 7 0x7f89187ffe40 0x7f51da420000 1 -1 16 1294 53
get: 1496270097.775982 4 1 7 0x7f89187fff50 0x7f51da4170c0 1 -1 16 1295 53
get: 1496270097.776103 4 1 7 0x7f89187ff9a8 0x7f51da40e160 1 -1 8 492 26
get: 1496270097.776418 4 1 7 0x7f89187ff9b0 0x7f51da40e158 1 -1 8 492 26
get: 1496270097.776719 4 1 7 0x7f89187fff80 0x7f51da417108 1 -1 16 1295 53
get: 1496270097.776961 4 1 7 0x7f89187fff40 0x7f51da420100 1 -1 16 1295 53
get: 1496270097.777687 4 1 7 0x7f89187ffe50 0x7f51da417020 1 -1 16 1294 53
get: 1496270097.777798 4 1 7 0x7f89187ff9a8 0x7f51da40e160 1 -1 8 492 26
get: 1496270097.777920 4 1 7 0x7f89187ff9b0 0x7f51da40e158 1 -1 8 492 26
get: 1496270097.778137 4 1 7 0x7f89187ffe80 0x7f51da417068 1 -1 16 1294 53
get: 1496270097.778257 4 1 7 0x7f89187ffe40 0x7f51da420010 1 -1 16 1294 53
get: 1496270097.779257 4 1 7 0x7f89187fff50 0x7f51da4170c0 1 -1 16 1295 53
get: 1496270097.779448 4 1 7 0x7f89187ff9a8 0x7f51da40e160 1 -1 8 492 26
get: 1496270097.779919 4 1 7 0x7f89187ff9b0 0x7f51da40e158 1 -1 8 492 26
get: 1496270097.780449 4 1 7 0x7f89187fff80 0x7f51da417108 1 -1 16 1295 53
get: 1496270097.780625 4 1 7 0x7f89187fff40 0x7f51da420110 1 -1 16 1295 53
get: 1496270097.780740 4 1 7 0x7f89187ffe50 0x7f51da417020 1 -1 16 1294 53
get: 1496270097.781222 4 1 7 0x7f89187ff9a8 0x7f51da40e160 1 -1 8 492 26
get: 1496270097.781351 4 1 7 0x7f89187ff9b0 0x7f51da40e158 1 -1 8 492 26
get: 1496270097.781645 4 1 7 0x7f89187ffe80 0x7f51da417068 1 -1 16 1294 53
get: 1496270097.781761 4 1 7 0x7f89187ffe40 0x7f51da420020 1 -1 16 1294 53
get: 1496270097.782200 4 1 7 0x7f89187fff50 0x7f51da4170c0 1 -1 16 1295 53
get: 1496270097.782314 4 1 7 0x7f89187ff9a8 0x7f51da40e160 1 -1 8 492 26
get: 1496270097.782590 4 1 7 0x7f89187ff9b0 0x7f51da40e158 1 -1 8 492 26
get: 1496270097.782743 4 1 7 0x7f89187fff80 0x7f51da417108 1 -1 16 1295 53
get: 1496270097.783466 4 1 7 0x7f89187fff40 0x7f51da420120 1 -1 16 1295 53
get: 1496270097.783714 4 1 7 0x7f89187ffe50 0x7f51da417020 1 -1 16 1294 53
get: 1496270097.783837 4 1 7 0x7f89187ff9a8 0x7f51da40e160 1 -1 8 492 26
get: 1496270097.784213 4 1 7 0x7f89187ff9b0 0x7f51da40e158 1 -1 8 492 26
get: 1496270097.784581 4 1 7 0x7f89187ffe80 0x7f51da417068 1 -1 16 1294 53
get: 1496270097.784699 4 1 7 0x7f89187ffe40 0x7f51da420030 1 -1 16 1294 53
get: 1496270097.784820 4 1 7 0x7f89187fff50 0x7f51da4170c0 1 -1 16 1295 53
get: 1496270097.784941 4 1 7 0x7f89187ff9a8 0x7f51da40e160 1 -1 8 492 26
get: 1496270097.785049 4 1 7 0x7f89187ff9b0 0x7f51da40e158 1 -1 8 492 26
get: 1496270097.785266 4 1 7 0x7f89187fff80 0x7f51da417108 1 -1 16 1295 53
get: 1496270097.785378 4 1 7 0x7f89187fff40 0x7f51da420130 1 -1 16 1295 53
get: 1496270097.785649 4 1 7 0x7f89187ffe50 0x7f51da417020 1 -1 16 1294 53
get: 1496270097.785766 4 1 7 0x7f89187ff9a8 0x7f51da40e160 1 -1 8 492 26
get: 1496270097.786074 4 1 7 0x7f89187ff9b0 0x7f51da40e158 1 -1 8 492 26
get: 1496270097.786206 4 1 7 0x7f89187ffe80 0x7f51da417068 1 -1 16 1294 53
get: 1496270097.786517 4 1 7 0x7f89187ffe40 0x7f51da420040 1 -1 16 1294 53
get: 1496270097.786629 4 1 7 0x7f89187fff50 0x7f51da4170c0 1 -1 16 1295 53
get: 1496270097.786728 4 1 7 0x7f89187ff9a8 0x7f51da40e160 1 -1 8 492 26
get: 1496270097.786835 4 1 7 0x7f89187ff9b0 0x7f51da40e158 1 -1 8 492 26
get: 1496270097.786951 4 1 7 0x7f89187fff80 0x7f51da417108 1 -1 16 1295 53
get: 1496270097.787065 4 1 7 0x7f89187fff40 0x7f51da420140 1 -1 16 1295 53
get: 1496270097.787861 4 1 7 0x7f89187ffe50 0x7f51da417020 1 -1 16 1294 53
get: 1496270097.788105 4 1 7 0x7f89187ff9a8 0x7f51da40e160 1 -1 8 492 26
get: 1496270097.788232 4 1 7 0x7f89187ff9b0 0x7f51da40e158 1 -1 8 492 26
get: 1496270097.788352 4 1 7 0x7f89187ffe80 0x7f51da417068 1 -1 16 1294 53
get: 1496270097.788492 4 1 7 0x7f89187ffe40 0x7f51da420050 1 -1 16 1294 53
get: 1496270097.788771 4 1 7 0x7f89187fff50 0x7f51da4170c0 1 -1 16 1295 53
get: 1496270097.789340 4 1 7 0x7f89187ff9a8 0x7f51da40e160 1 -1 8 492 26
get: 1496270097.789661 4 1 7 0x7f89187ff9b0 0x7f51da40e158 1 -1 8 492 26
get: 1496270097.789786 4 1 7 0x7f89187fff80 0x7f51da417108 1 -1 16 1295 53
get: 1496270097.790287 4 1 7 0x7f89187fff40 0x7f51da420150 1 -1 16 1295 53
get: 1496270097.790450 4 1 7 0x7f89187ffe50 0x7f51da417020 1 -1 16 1294 53
get: 1496270097.790568 4 1 7 0x7f89187ff9a8 0x7f51da40e160 1 -1 8 492 26
get: 1496270097.790699 4 1 7 0x7f89187ff9b0 0x7f51da40e158 1 -1 8 492 26
get: 1496270097.790818 4 1 7 0x7f89187ffe80 0x7f51da417068 1 -1 16 1294 53
get: 1496270097.790950 4 1 7 0x7f89187ffe40 0x7f51da420060 1 -1 16 1294 53
get: 1496270097.791074 4 1 7 0x7f89187fff50 0x7f51da4170c0 1 -1 16 1295 53
get: 1496270097.791210 4 1 7 0x7f89187ff9a8 0x7f51da40e160 1 -1 8 492 26
get: 1496270097.791339 4 1 7 0x7f89187ff9b0 0x7f51da40e158 1 -1 8 492 26
get: 1496270097.791467 4 1 7 0x7f89187fff80 0x7f51da417108 1 -1 16 1295 53
get: 1496270097.791583 4 1 7 0x7f89187fff40 0x7f51da420160 1 -1 16 1295 53
get: 1496270097.792175 4 1 7 0x7f89187ffe50 0x7f51da417020 1 -1 16 1294 53
get: 1496270097.792347 4 1 7 0x7f89187ff9a8 0x7f51da40e160 1 -1 8 492 26
get: 1496270097.792619 4 1 7 0x7f89187ff9b0 0x7f51da40e158 1 -1 8 492 26
get: 1496270097.792743 4 1 7 0x7f89187ffe80 0x7f51da417068 1 -1 16 1294 53
get: 1496270097.793206 4 1 7 0x7f89187ffe40 0x7f51da420070 1 -1 16 1294 53
get: 1496270097.793335 4 1 7 0x7f89187fff50 0x7f51da4170c0 1 -1 16 1295 53
get: 1496270097.793608 4 1 7 0x7f89187ff9a8 0x7f51da40e160 1 -1 8 492 26
get: 1496270097.793737 4 1 7 0x7f89187ff9b0 0x7f51da40e158 1 -1 8 492 26
get: 1496270097.793896 4 1 7 0x7f89187fff80 0x7f51da417108 1 -1 16 1295 53
get: 1496270097.794018 4 1 7 0x7f89187fff40 0x7f51da420170 1 -1 16 1295 53
get: 1496270097.794185 4 1 7 0x7f89187ffe50 0x7f51da417020 1 -1 16 1294 53
get: 1496270097.794320 4 1 7 0x7f89187ff9a8 0x7f51da40e160 1 -1 8 492 26
get: 1496270097.794611 4 1 7 0x7f89187ff9b0 0x7f51da40e158 1 -1 8 492 26
get: 1496270097.795335 4 1 7 0x7f89187ffe80 0x7f51da417068 1 -1 16 1294 53
get: 1496270097.795475 4 1 7 0x7f89187ffe40 0x7f51da420080 1 -1 16 1294 53
get: 1496270097.795596 4 1 7 0x7f89187fff50 0x7f51da4170c0 1 -1 16 1295 53
get: 1496270097.795815 4 1 7 0x7f89187ff9a8 0x7f51da40e160 1 -1 8 492 26
get: 1496270097.796347 4 1 7 0x7f89187ff9b0 0x7f51da40e158 1 -1 8 492 26
get: 1496270097.796476 4 1 7 0x7f89187fff80 0x7f51da417108 1 -1 16 1295 53
get: 1496270097.796602 4 1 7 0x7f89187fff40 0x7f51da420180 1 -1 16 1295 53
get: 1496270097.796738 4 1 7 0x7f89187ffe50 0x7f51da417020 1 -1 16 1294 53
get: 1496270097.796868 4 1 7 0x7f89187ff9a8 0x7f51da40e160 1 -1 8 492 26
get: 1496270097.797003 4 1 7 0x7f89187ff9b0 0x7f51da40e158 1 -1 8 492 26
get: 1496270097.797121 4 1 7 0x7f89187ffe80 0x7f51da417068 1 -1 16 1294 53
get: 1496270097.797287 4 1 7 0x7f89187ffe40 0x7f51da420090 1 -1 16 1294 53
get: 1496270097.797414 4 1 7 0x7f89187fff50 0x7f51da4170c0 1 -1 16 1295 53
get: 1496270097.797596 4 1 7 0x7f89187ff9a8 0x7f51da40e160 1 -1 8 492 26
get: 1496270097.797721 4 1 7 0x7f89187ff9b0 0x7f51da40e158 1 -1 8 492 26
get: 1496270097.798254 4 1 7 0x7f89187fff80 0x7f51da417108 1 -1 16 1295 53
get: 1496270097.798740 4 1 7 0x7f89187fff40 0x7f51da420190 1 -1 16 1295 53
get: 1496270097.798869 4 1 7 0x7f89187ffe50 0x7f51da417020 1 -1 16 1294 53
get: 1496270097.798998 4 1 7 0x7f89187ff9a8 0x7f51da40e160 1 -1 8 492 26
get: 1496270097.799138 4 1 7 0x7f89187ff9b0 0x7f51da40e158 1 -1 8 492 26
get: 1496270097.799264 4 1 7 0x7f89187ffe80 0x7f51da417068 1 -1 16 1294 53
get: 1496270097.799399 4 1 7 0x7f89187ffe40 0x7f51da4200a0 1 -1 16 1294 53
get: 1496270097.799517 4 1 7 0x7f89187fff50 0x7f51da4170c0 1 -1 16 1295 53
get: 1496270097.799685 4 1 7 0x7f89187ff9a8 0x7f51da40e160 1 -1 8 492 26
get: 1496270097.799825 4 1 7 0x7f89187ff9b0 0x7f51da40e158 1 -1 8 492 26
get: 1496270097.799948 4 1 7 0x7f89187fff80 0x7f51da417108 1 -1 16 1295 53
get: 1496270097.800205 4 1 7 0x7f89187fff40 0x7f51da4201a0 1 -1 16 1295 53
get: 1496270097.800327 4 1 7 0x7f89187ffe50 0x7f51da417020 1 -1 16 1294 53
get: 1496270097.800547 4 1 7 0x7f89187ff9a8 0x7f51da40e160 1 -1 8 492 26
get: 1496270097.800695 4 1 7 0x7f89187ff9b0 0x7f51da40e158 1 -1 8 492 26
get: 1496270097.801069 4 1 7 0x7f89187ffe80 0x7f51da417068 1 -1 16 1294 53
get: 1496270097.801201 4 1 7 0x7f89187ffe40 0x7f51da4200b0 1 -1 16 1294 53
get: 1496270097.801325 4 1 7 0x7f89187fff50 0x7f51da4170c0 1 -1 16 1295 53
get: 1496270097.801663 4 1 7 0x7f89187ff9a8 0x7f51da40e160 1 -1 8 492 26
get: 1496270097.801869 4 1 7 0x7f89187ff9b0 0x7f51da40e158 1 -1 8 492 26
get: 1496270097.802253 4 1 7 0x7f89187fff80 0x7f51da417108 1 -1 16 1295 53
get: 1496270097.802404 4 1 7 0x7f89187fff40 0x7f51da4201b0 1 -1 16 1295 53
get: 1496270097.802534 4 1 7 0x7f89187ffe50 0x7f51da417020 1 -1 16 1294 53
get: 1496270097.802822 4 1 7 0x7f89187ff9a8 0x7f51da40e160 1 -1 8 492 26
get: 1496270097.802952 4 1 7 0x7f89187ff9b0 0x7f51da40e158 1 -1 8 492 26
get: 1496270097.803071 4 1 7 0x7f89187ffe80 0x7f51da417068 1 -1 16 1294 53
get: 1496270097.803325 4 1 7 0x7f89187ffe40 0x7f51da4200c0 1 -1 16 1294 53
get: 1496270097.803447 4 1 7 0x7f89187fff50 0x7f51da4170c0 1 -1 16 1295 53
get: 1496270097.803578 4 1 7 0x7f89187ff9a8 0x7f51da40e160 1 -1 8 492 26
get: 1496270097.803695 4 1 7 0x7f89187ff9b0 0x7f51da40e158 1 -1 8 492 26
get: 1496270097.804089 4 1 7 0x7f89187fff80 0x7f51da417108 1 -1 16 1295 53
get: 1496270097.804218 4 1 7 0x7f89187fff40 0x7f51da4201c0 1 -1 16 1295 53
get: 1496270097.804349 4 1 7 0x7f89187ffe50 0x7f51da417020 1 -1 16 1294 53
get: 1496270097.804475 4 1 7 0x7f89187ff9a8 0x7f51da40e160 1 -1 8 492 26
get: 1496270097.804609 4 1 7 0x7f89187ff9b0 0x7f51da40e158 1 -1 8 492 26
get: 1496270097.804729 4 1 7 0x7f89187ffe80 0x7f51da417068 1 -1 16 1294 53
get: 1496270097.804862 4 1 7 0x7f89187ffe40 0x7f51da4200d0 1 -1 16 1294 53
get: 1496270097.804986 4 1 7 0x7f89187fff50 0x7f51da4170c0 1 -1 16 1295 53
get: 1496270097.805359 4 1 7 0x7f89187ff9a8 0x7f51da40e160 1 -1 8 492 26
get: 1496270097.805728 4 1 7 0x7f89187ff9b0 0x7f51da40e158 1 -1 8 492 26
get: 1496270097.805985 4 1 7 0x7f89187fff80 0x7f51da417108 1 -1 16 1295 53
get: 1496270097.806107 4 1 7 0x7f89187fff40 0x7f51da4201d0 1 -1 16 1295 53
get: 1496270097.806241 4 1 7 0x7f89187ffe50 0x7f51da417020 1 -1 16 1294 53
get: 1496270097.806364 4 1 7 0x7f89187ff9a8 0x7f51da40e160 1 -1 8 492 26
get: 1496270097.806716 4 1 7 0x7f89187ff9b0 0x7f51da40e158 1 -1 8 492 26
get: 1496270097.806846 4 1 7 0x7f89187ffe80 0x7f51da417068 1 -1 16 1294 53
get: 1496270097.806971 4 1 7 0x7f89187ffe40 0x7f51da4200e0 1 -1 16 1294 53
get: 1496270097.807096 4 1 7 0x7f89187fff50 0x7f51da4170c0 1 -1 16 1295 53
get: 1496270097.807222 4 1 7 0x7f89187ff9a8 0x7f51da40e160 1 -1 8 492 26
get: 1496270097.807352 4 1 7 0x7f89187ff9b0 0x7f51da40e158 1 -1 8 492 26
get: 1496270097.807722 4 1 7 0x7f89187fff80 0x7f51da417108 1 -1 16 1295 53
get: 1496270097.807847 4 1 7 0x7f89187fff40 0x7f51da4201e0 1 -1 16 1295 53
get: 1496270097.807993 4 1 7 0x7f89187ffe50 0x7f51da417020 1 -1 16 1294 53
get: 1496270097.808111 4 1 7 0x7f89187ff9a8 0x7f51da40e160 1 -1 8 492 26
get: 1496270097.808250 4 1 7 0x7f89187ff9b0 0x7f51da40e158 1 -1 8 492 26
get: 1496270097.808369 4 1 7 0x7f89187ffe80 0x7f51da417068 1 -1 16 1294 53
get: 1496270097.808687 4 1 7 0x7f89187ffe40 0x7f51da4200f0 1 -1 16 1294 53
get: 1496270097.808968 4 1 7 0x7f89187fff50 0x7f51da4170c0 1 -1 16 1295 53
get: 1496270097.809134 4 1 7 0x7f89187ff9a8 0x7f51da40e160 1 -1 8 492 26
get: 1496270097.809298 4 1 7 0x7f89187ff9b0 0x7f51da40e158 1 -1 8 492 26
get: 1496270097.809438 4 1 7 0x7f89187fff80 0x7f51da417108 1 -1 16 1295 53
get: 1496270097.809938 4 1 7 0x7f89187fff40 0x7f51da4201f0 1 -1 16 1295 53
task: 1496270097.810135 4 8 7 L 215 28 23
task: 1496270097.810145 4 9 7 L 218 28 30
Btask: 1496270097.810184 4 9
Btask: 1496270097.810194 4 8
fork: 1496270097.810209 4 10 -2 33 0x7f8937003dc0 216 9 
fork: 1496270097.810215 4 9 -2 27 0x7f8936800dc0 216 8 
Etask: 1496270097.831545 4 9
Etask: 1496270097.836660 4 8
Etask: 1496270097.836673 4 7
task: 1496270097.898693 4 10 11 O 0 -5 125
Btask: 1496270097.899242 4 10
get: 1496270097.899666 4 0 10 0x7f8913800b50 0x7f55921114c0 1 -1 16 933 53
get: 1496270097.899915 4 0 10 0x7f8913800b60 0x7f5592111520 1 -1 16 933 53
get: 1496270097.900148 4 0 10 0x7f89138009c8 0x7f55921104e0 1 -1 8 492 26
get: 1496270097.900388 4 0 10 0x7f89138009d0 0x7f55921104d8 1 -1 8 492 26
get: 1496270097.900511 4 0 10 0x7f8913800b90 0x7f5592111568 1 -1 16 933 53
get: 1496270097.900678 4 0 10 0x7f8913800be0 0x7f55921114a8 1 -1 16 934 53
get: 1496270097.900823 4 0 10 0x7f8913800770 0x7f5592184348 1 -1 16 588 53
get: 1496270097.901010 4 0 10 0x7f8913800790 0x7f55921113e0 1 -1 16 588 53
get: 1496270097.901190 4 0 10 0x7f8913800628 0x7f55921104e0 1 -1 8 492 26
get: 1496270097.901379 4 0 10 0x7f8913800630 0x7f55921104d8 1 -1 8 492 26
get: 1496270097.901516 4 0 10 0x7f89138007c0 0x7f5592111428 1 -1 16 588 53
get: 1496270097.901635 4 0 10 0x7f8913800780 0x7f5592051440 1 -1 16 588 53
get: 1496270097.901785 4 0 10 0x7f8913800640 0x7f55921114e0 1 -1 16 1609 28
get: 1496270097.901977 4 0 10 0x7f89138005b0 0x7f5592110558 1 -1 32 145 26
put: 1496270097.902092 4 0 10 0x7f8913800c20 0x7f5592051540 1 -1 16 933 53
f_executeOn: 1496270097.902249 4 0 -2 18 0x7f8913800e70 112 10
Etask: 1496270097.902335 4 10
task: 1496270097.921012 4 12 1 O 0 -5 34
Btask: 1496270097.921514 4 12
get: 1496270097.921979 4 1 12 0x7f890e800400 0x7f51da00f060 1 -1 16 1332 53
get: 1496270097.922138 4 1 12 0x7f890e800420 0x7f51da00f0c0 1 -1 16 1332 53
get: 1496270097.922248 4 1 12 0x7f890e800048 0x7f51da40e160 1 -1 8 492 26
get: 1496270097.922370 4 1 12 0x7f890e800050 0x7f51da40e158 1 -1 8 492 26
get: 1496270097.922452 4 1 12 0x7f890e800450 0x7f51da00f108 1 -1 16 1332 53
get: 1496270097.922504 4 1 12 0x7f890e800410 0x7f51da014000 1 -1 16 1332 53
get: 1496270097.922628 4 1 12 0x7f890e800420 0x7f51da00f0c0 1 -1 16 1332 53
get: 1496270097.922803 4 1 12 0x7f890e800048 0x7f51da40e160 1 -1 8 492 26
get: 1496270097.922907 4 1 12 0x7f890e800050 0x7f51da40e158 1 -1 8 492 26
get: 1496270097.923027 4 1 12 0x7f890e800450 0x7f51da00f108 1 -1 16 1332 53
get: 1496270097.923184 4 1 12 0x7f890e800410 0x7f51da014010 1 -1 16 1332 53
get: 1496270097.923301 4 1 12 0x7f890e800420 0x7f51da00f0c0 1 -1 16 1332 53
get: 1496270097.923437 4 1 12 0x7f890e800048 0x7f51da40e160 1 -1 8 492 26
get: 1496270097.923547 4 1 12 0x7f890e800050 0x7f51da40e158 1 -1 8 492 26
get: 1496270097.923740 4 1 12 0x7f890e800450 0x7f51da00f108 1 -1 16 1332 53
get: 1496270097.923843 4 1 12 0x7f890e800410 0x7f51da014020 1 -1 16 1332 53
get: 1496270097.924048 4 1 12 0x7f890e800420 0x7f51da00f0c0 1 -1 16 1332 53
get: 1496270097.924155 4 1 12 0x7f890e800048 0x7f51da40e160 1 -1 8 492 26
get: 1496270097.924259 4 1 12 0x7f890e800050 0x7f51da40e158 1 -1 8 492 26
get: 1496270097.924441 4 1 12 0x7f890e800450 0x7f51da00f108 1 -1 16 1332 53
get: 1496270097.924579 4 1 12 0x7f890e800410 0x7f51da014030 1 -1 16 1332 53
get: 1496270097.924689 4 1 12 0x7f890e800420 0x7f51da00f0c0 1 -1 16 1332 53
get: 1496270097.924793 4 1 12 0x7f890e800048 0x7f51da40e160 1 -1 8 492 26
get: 1496270097.924898 4 1 12 0x7f890e800050 0x7f51da40e158 1 -1 8 492 26
get: 1496270097.925001 4 1 12 0x7f890e800450 0x7f51da00f108 1 -1 16 1332 53
get: 1496270097.925111 4 1 12 0x7f890e800410 0x7f51da014040 1 -1 16 1332 53
get: 1496270097.925246 4 1 12 0x7f890e800420 0x7f51da00f0c0 1 -1 16 1332 53
get: 1496270097.925352 4 1 12 0x7f890e800048 0x7f51da40e160 1 -1 8 492 26
get: 1496270097.925454 4 1 12 0x7f890e800050 0x7f51da40e158 1 -1 8 492 26
get: 1496270097.925564 4 1 12 0x7f890e800450 0x7f51da00f108 1 -1 16 1332 53
get: 1496270097.925691 4 1 12 0x7f890e800410 0x7f51da014050 1 -1 16 1332 53
get: 1496270097.925854 4 1 12 0x7f890e800420 0x7f51da00f0c0 1 -1 16 1332 53
get: 1496270097.925971 4 1 12 0x7f890e800048 0x7f51da40e160 1 -1 8 492 26
get: 1496270097.926136 4 1 12 0x7f890e800050 0x7f51da40e158 1 -1 8 492 26
get: 1496270097.926251 4 1 12 0x7f890e800450 0x7f51da00f108 1 -1 16 1332 53
get: 1496270097.926362 4 1 12 0x7f890e800410 0x7f51da014060 1 -1 16 1332 53
get: 1496270097.926472 4 1 12 0x7f890e800420 0x7f51da00f0c0 1 -1 16 1332 53
get: 1496270097.926628 4 1 12 0x7f890e800048 0x7f51da40e160 1 -1 8 492 26
get: 1496270097.926756 4 1 12 0x7f890e800050 0x7f51da40e158 1 -1 8 492 26
get: 1496270097.926863 4 1 12 0x7f890e800450 0x7f51da00f108 1 -1 16 1332 53
get: 1496270097.927045 4 1 12 0x7f890e800410 0x7f51da014070 1 -1 16 1332 53
get: 1496270097.927174 4 1 12 0x7f890e800420 0x7f51da00f0c0 1 -1 16 1332 53
get: 1496270097.927316 4 1 12 0x7f890e800048 0x7f51da40e160 1 -1 8 492 26
get: 1496270097.927443 4 1 12 0x7f890e800050 0x7f51da40e158 1 -1 8 492 26
get: 1496270097.927634 4 1 12 0x7f890e800450 0x7f51da00f108 1 -1 16 1332 53
get: 1496270097.927785 4 1 12 0x7f890e800410 0x7f51da014080 1 -1 16 1332 53
get: 1496270097.927939 4 1 12 0x7f890e800420 0x7f51da00f0c0 1 -1 16 1332 53
get: 1496270097.928123 4 1 12 0x7f890e800048 0x7f51da40e160 1 -1 8 492 26
get: 1496270097.928260 4 1 12 0x7f890e800050 0x7f51da40e158 1 -1 8 492 26
get: 1496270097.928374 4 1 12 0x7f890e800450 0x7f51da00f108 1 -1 16 1332 53
get: 1496270097.928500 4 1 12 0x7f890e800410 0x7f51da014090 1 -1 16 1332 53
get: 1496270097.928678 4 1 12 0x7f890e800420 0x7f51da00f0c0 1 -1 16 1332 53
get: 1496270097.928868 4 1 12 0x7f890e800048 0x7f51da40e160 1 -1 8 492 26
get: 1496270097.929010 4 1 12 0x7f890e800050 0x7f51da40e158 1 -1 8 492 26
get: 1496270097.929202 4 1 12 0x7f890e800450 0x7f51da00f108 1 -1 16 1332 53
get: 1496270097.929321 4 1 12 0x7f890e800410 0x7f51da0140a0 1 -1 16 1332 53
get: 1496270097.929453 4 1 12 0x7f890e800420 0x7f51da00f0c0 1 -1 16 1332 53
get: 1496270097.929576 4 1 12 0x7f890e800048 0x7f51da40e160 1 -1 8 492 26
get: 1496270097.929696 4 1 12 0x7f890e800050 0x7f51da40e158 1 -1 8 492 26
get: 1496270097.929820 4 1 12 0x7f890e800450 0x7f51da00f108 1 -1 16 1332 53
get: 1496270097.929971 4 1 12 0x7f890e800410 0x7f51da0140b0 1 -1 16 1332 53
get: 1496270097.930093 4 1 12 0x7f890e800420 0x7f51da00f0c0 1 -1 16 1332 53
get: 1496270097.930260 4 1 12 0x7f890e800048 0x7f51da40e160 1 -1 8 492 26
get: 1496270097.930382 4 1 12 0x7f890e800050 0x7f51da40e158 1 -1 8 492 26
get: 1496270097.930507 4 1 12 0x7f890e800450 0x7f51da00f108 1 -1 16 1332 53
get: 1496270097.930608 4 1 12 0x7f890e800410 0x7f51da0140c0 1 -1 16 1332 53
get: 1496270097.930731 4 1 12 0x7f890e800420 0x7f51da00f0c0 1 -1 16 1332 53
get: 1496270097.930850 4 1 12 0x7f890e800048 0x7f51da40e160 1 -1 8 492 26
get: 1496270097.931001 4 1 12 0x7f890e800050 0x7f51da40e158 1 -1 8 492 26
get: 1496270097.931123 4 1 12 0x7f890e800450 0x7f51da00f108 1 -1 16 1332 53
get: 1496270097.931240 4 1 12 0x7f890e800410 0x7f51da0140d0 1 -1 16 1332 53
get: 1496270097.931371 4 1 12 0x7f890e800420 0x7f51da00f0c0 1 -1 16 1332 53
get: 1496270097.931488 4 1 12 0x7f890e800048 0x7f51da40e160 1 -1 8 492 26
get: 1496270097.931636 4 1 12 0x7f890e800050 0x7f51da40e158 1 -1 8 492 26
get: 1496270097.931778 4 1 12 0x7f890e800450 0x7f51da00f108 1 -1 16 1332 53
get: 1496270097.931894 4 1 12 0x7f890e800410 0x7f51da0140e0 1 -1 16 1332 53
get: 1496270097.932048 4 1 12 0x7f890e800420 0x7f51da00f0c0 1 -1 16 1332 53
get: 1496270097.932174 4 1 12 0x7f890e800048 0x7f51da40e160 1 -1 8 492 26
get: 1496270097.932362 4 1 12 0x7f890e800050 0x7f51da40e158 1 -1 8 492 26
get: 1496270097.932488 4 1 12 0x7f890e800450 0x7f51da00f108 1 -1 16 1332 53
get: 1496270097.932622 4 1 12 0x7f890e800410 0x7f51da0140f0 1 -1 16 1332 53
task: 1496270097.932777 4 13 12 L 215 28 25
task: 1496270097.932787 4 14 12 L 218 28 29
Btask: 1496270097.932854 4 14
Btask: 1496270097.932855 4 13
fork: 1496270097.932882 4 10 -2 34 0x7f8937003df0 168 14 
fork: 1496270097.932888 4 9 -2 26 0x7f8936800df0 168 13 
Etask: 1496270097.940965 4 13
Etask: 1496270097.943745 4 14
Etask: 1496270097.943759 4 12
task: 1496270097.950556 4 15 11 O 0 -5 126
Btask: 1496270097.951063 4 15
get: 1496270097.951491 4 0 15 0x7f8909800c60 0x7f55921114c0 1 -1 16 939 53
get: 1496270097.951637 4 0 15 0x7f8909800c80 0x7f5592111520 1 -1 16 939 53
get: 1496270097.951821 4 0 15 0x7f8909800b18 0x7f55921104e0 1 -1 8 492 26
get: 1496270097.952031 4 0 15 0x7f8909800b20 0x7f55921104d8 1 -1 8 492 26
get: 1496270097.952187 4 0 15 0x7f8909800cb0 0x7f5592111568 1 -1 16 939 53
get: 1496270097.952332 4 0 15 0x7f8909800c70 0x7f5592051540 1 -1 16 939 53
get: 1496270097.952518 4 0 15 0x7f8909800d20 0x7f55921114a8 1 -1 16 939 53
get: 1496270097.952678 4 0 15 0x7f89098008c0 0x7f5592184348 1 -1 16 588 53
get: 1496270097.952818 4 0 15 0x7f89098008e0 0x7f55921113e0 1 -1 16 588 53
get: 1496270097.952931 4 0 15 0x7f8909800778 0x7f55921104e0 1 -1 8 492 26
get: 1496270097.953013 4 0 15 0x7f8909800780 0x7f55921104d8 1 -1 8 492 26
get: 1496270097.953061 4 0 15 0x7f8909800910 0x7f5592111428 1 -1 16 588 53
get: 1496270097.953133 4 0 15 0x7f89098008d0 0x7f5592051440 1 -1 16 588 53
get: 1496270097.953316 4 0 15 0x7f8909800790 0x7f55921114e0 1 -1 16 1609 28
get: 1496270097.953430 4 0 15 0x7f8909800700 0x7f5592110558 1 -1 32 145 26
f_executeOn: 1496270097.953569 4 0 -2 18 0x7f8909800e70 112 15
Etask: 1496270097.953720 4 15
task: 1496270097.975620 4 16 1 O 0 -5 44
Btask: 1496270097.976110 4 16
get: 1496270097.976555 4 1 16 0x7f8904800720 0x7f51da00f060 1 -1 16 1341 53
get: 1496270097.976738 4 1 16 0x7f8904800740 0x7f51da00f0c0 1 -1 16 1341 53
get: 1496270097.976861 4 1 16 0x7f89048004a8 0x7f51da40e160 1 -1 8 492 26
get: 1496270097.976965 4 1 16 0x7f89048004b0 0x7f51da40e158 1 -1 8 492 26
get: 1496270097.977073 4 1 16 0x7f8904800770 0x7f51da00f108 1 -1 16 1341 53
get: 1496270097.977179 4 1 16 0x7f8904800730 0x7f51da014000 1 -1 16 1341 53
get: 1496270097.977288 4 1 16 0x7f8904800740 0x7f51da00f0c0 1 -1 16 1341 53
get: 1496270097.977384 4 1 16 0x7f89048004a8 0x7f51da40e160 1 -1 8 492 26
get: 1496270097.977433 4 1 16 0x7f89048004b0 0x7f51da40e158 1 -1 8 492 26
get: 1496270097.977480 4 1 16 0x7f8904800770 0x7f51da00f108 1 -1 16 1341 53
get: 1496270097.977531 4 1 16 0x7f8904800730 0x7f51da014010 1 -1 16 1341 53
get: 1496270097.977578 4 1 16 0x7f8904800740 0x7f51da00f0c0 1 -1 16 1341 53
get: 1496270097.977627 4 1 16 0x7f89048004a8 0x7f51da40e160 1 -1 8 492 26
get: 1496270097.977676 4 1 16 0x7f89048004b0 0x7f51da40e158 1 -1 8 492 26
get: 1496270097.977724 4 1 16 0x7f8904800770 0x7f51da00f108 1 -1 16 1341 53
get: 1496270097.977776 4 1 16 0x7f8904800730 0x7f51da014020 1 -1 16 1341 53
get: 1496270097.977825 4 1 16 0x7f8904800740 0x7f51da00f0c0 1 -1 16 1341 53
get: 1496270097.977871 4 1 16 0x7f89048004a8 0x7f51da40e160 1 -1 8 492 26
get: 1496270097.977923 4 1 16 0x7f89048004b0 0x7f51da40e158 1 -1 8 492 26
get: 1496270097.977972 4 1 16 0x7f8904800770 0x7f51da00f108 1 -1 16 1341 53
get: 1496270097.978018 4 1 16 0x7f8904800730 0x7f51da014030 1 -1 16 1341 53
get: 1496270097.978070 4 1 16 0x7f8904800740 0x7f51da00f0c0 1 -1 16 1341 53
get: 1496270097.978182 4 1 16 0x7f89048004a8 0x7f51da40e160 1 -1 8 492 26
get: 1496270097.978295 4 1 16 0x7f89048004b0 0x7f51da40e158 1 -1 8 492 26
get: 1496270097.978413 4 1 16 0x7f8904800770 0x7f51da00f108 1 -1 16 1341 53
get: 1496270097.978521 4 1 16 0x7f8904800730 0x7f51da014040 1 -1 16 1341 53
get: 1496270097.978638 4 1 16 0x7f8904800740 0x7f51da00f0c0 1 -1 16 1341 53
get: 1496270097.978740 4 1 16 0x7f89048004a8 0x7f51da40e160 1 -1 8 492 26
get: 1496270097.978850 4 1 16 0x7f89048004b0 0x7f51da40e158 1 -1 8 492 26
get: 1496270097.978951 4 1 16 0x7f8904800770 0x7f51da00f108 1 -1 16 1341 53
get: 1496270097.979056 4 1 16 0x7f8904800730 0x7f51da014050 1 -1 16 1341 53
get: 1496270097.979162 4 1 16 0x7f8904800740 0x7f51da00f0c0 1 -1 16 1341 53
get: 1496270097.979264 4 1 16 0x7f89048004a8 0x7f51da40e160 1 -1 8 492 26
get: 1496270097.979368 4 1 16 0x7f89048004b0 0x7f51da40e158 1 -1 8 492 26
get: 1496270097.979475 4 1 16 0x7f8904800770 0x7f51da00f108 1 -1 16 1341 53
get: 1496270097.979521 4 1 16 0x7f8904800730 0x7f51da014060 1 -1 16 1341 53
get: 1496270097.979570 4 1 16 0x7f8904800740 0x7f51da00f0c0 1 -1 16 1341 53
get: 1496270097.979622 4 1 16 0x7f89048004a8 0x7f51da40e160 1 -1 8 492 26
get: 1496270097.979668 4 1 16 0x7f89048004b0 0x7f51da40e158 1 -1 8 492 26
get: 1496270097.979720 4 1 16 0x7f8904800770 0x7f51da00f108 1 -1 16 1341 53
get: 1496270097.979766 4 1 16 0x7f8904800730 0x7f51da014070 1 -1 16 1341 53
get: 1496270097.979815 4 1 16 0x7f8904800740 0x7f51da00f0c0 1 -1 16 1341 53
get: 1496270097.979867 4 1 16 0x7f89048004a8 0x7f51da40e160 1 -1 8 492 26
get: 1496270097.979979 4 1 16 0x7f89048004b0 0x7f51da40e158 1 -1 8 492 26
get: 1496270097.980089 4 1 16 0x7f8904800770 0x7f51da00f108 1 -1 16 1341 53
get: 1496270097.980191 4 1 16 0x7f8904800730 0x7f51da014080 1 -1 16 1341 53
get: 1496270097.980245 4 1 16 0x7f8904800740 0x7f51da00f0c0 1 -1 16 1341 53
get: 1496270097.980290 4 1 16 0x7f89048004a8 0x7f51da40e160 1 -1 8 492 26
get: 1496270097.980342 4 1 16 0x7f89048004b0 0x7f51da40e158 1 -1 8 492 26
get: 1496270097.980391 4 1 16 0x7f8904800770 0x7f51da00f108 1 -1 16 1341 53
get: 1496270097.980503 4 1 16 0x7f8904800730 0x7f51da014090 1 -1 16 1341 53
get: 1496270097.980613 4 1 16 0x7f8904800740 0x7f51da00f0c0 1 -1 16 1341 53
get: 1496270097.980718 4 1 16 0x7f89048004a8 0x7f51da40e160 1 -1 8 492 26
get: 1496270097.980825 4 1 16 0x7f89048004b0 0x7f51da40e158 1 -1 8 492 26
get: 1496270097.980928 4 1 16 0x7f8904800770 0x7f51da00f108 1 -1 16 1341 53
get: 1496270097.981037 4 1 16 0x7f8904800730 0x7f51da0140a0 1 -1 16 1341 53
get: 1496270097.981140 4 1 16 0x7f8904800740 0x7f51da00f0c0 1 -1 16 1341 53
get: 1496270097.981256 4 1 16 0x7f89048004a8 0x7f51da40e160 1 -1 8 492 26
get: 1496270097.981373 4 1 16 0x7f89048004b0 0x7f51da40e158 1 -1 8 492 26
get: 1496270097.981457 4 1 16 0x7f8904800770 0x7f51da00f108 1 -1 16 1341 53
get: 1496270097.981573 4 1 16 0x7f8904800730 0x7f51da0140b0 1 -1 16 1341 53
get: 1496270097.981725 4 1 16 0x7f8904800740 0x7f51da00f0c0 1 -1 16 1341 53
get: 1496270097.981848 4 1 16 0x7f89048004a8 0x7f51da40e160 1 -1 8 492 26
get: 1496270097.981951 4 1 16 0x7f89048004b0 0x7f51da40e158 1 -1 8 492 26
get: 1496270097.982082 4 1 16 0x7f8904800770 0x7f51da00f108 1 -1 16 1341 53
get: 1496270097.982207 4 1 16 0x7f8904800730 0x7f51da0140c0 1 -1 16 1341 53
get: 1496270097.982327 4 1 16 0x7f8904800740 0x7f51da00f0c0 1 -1 16 1341 53
get: 1496270097.982413 4 1 16 0x7f89048004a8 0x7f51da40e160 1 -1 8 492 26
get: 1496270097.982534 4 1 16 0x7f89048004b0 0x7f51da40e158 1 -1 8 492 26
get: 1496270097.982665 4 1 16 0x7f8904800770 0x7f51da00f108 1 -1 16 1341 53
get: 1496270097.982786 4 1 16 0x7f8904800730 0x7f51da0140d0 1 -1 16 1341 53
get: 1496270097.982916 4 1 16 0x7f8904800740 0x7f51da00f0c0 1 -1 16 1341 53
get: 1496270097.983041 4 1 16 0x7f89048004a8 0x7f51da40e160 1 -1 8 492 26
get: 1496270097.983175 4 1 16 0x7f89048004b0 0x7f51da40e158 1 -1 8 492 26
get: 1496270097.983296 4 1 16 0x7f8904800770 0x7f51da00f108 1 -1 16 1341 53
get: 1496270097.983383 4 1 16 0x7f8904800730 0x7f51da0140e0 1 -1 16 1341 53
get: 1496270097.983502 4 1 16 0x7f8904800740 0x7f51da00f0c0 1 -1 16 1341 53
get: 1496270097.983652 4 1 16 0x7f89048004a8 0x7f51da40e160 1 -1 8 492 26
get: 1496270097.983774 4 1 16 0x7f89048004b0 0x7f51da40e158 1 -1 8 492 26
get: 1496270097.983931 4 1 16 0x7f8904800770 0x7f51da00f108 1 -1 16 1341 53
get: 1496270097.984052 4 1 16 0x7f8904800730 0x7f51da0140f0 1 -1 16 1341 53
task: 1496270097.984225 4 17 16 L 271 28 41
task: 1496270097.984235 4 18 16 L 274 28 43
Btask: 1496270097.984277 4 18
Btask: 1496270097.984286 4 17
fork: 1496270097.984305 4 10 -2 44 0x7f8937003df0 160 18 
fork: 1496270097.984312 4 9 -2 42 0x7f8936800df0 160 17 
Etask: 1496270097.996235 4 18
Etask: 1496270097.996244 4 17
Etask: 1496270097.996258 4 16
task: 1496270098.005163 4 19 1 O 0 -5 158
Btask: 1496270098.005689 4 19
VdbMark: 1496270098.006127 4 19
task: 1496270098.006141 4 20 19 L 98 52 157
task: 1496270098.006153 4 21 19 L 98 52 157
Btask: 1496270098.006170 4 20
fork: 1496270098.006183 4 6 -2 158 0x7f8936800dd0 168 20 
Btask: 1496270098.006183 4 21
fork: 1496270098.006196 4 5 -2 158 0x7f8937003dd0 168 21 
Etask: 1496270098.007408 4 21
Etask: 1496270098.007790 4 20
Tag: 1496270098.007792 0.840000 0.408000 4 19 1
Etask: 1496270098.007835 4 19
task: 1496270098.024122 4 22 11 O 0 -5 129
Btask: 1496270098.024181 4 22
get: 1496270098.024201 4 0 22 0x7f8936800930 0x7f559201d4f8 1 -1 16 1002 53
get: 1496270098.024483 4 0 22 0x7f8936800650 0x7f55921114c0 1 -1 16 753 53
get: 1496270098.024726 4 0 22 0x7f8936800670 0x7f5592111520 1 -1 16 753 53
get: 1496270098.024850 4 0 22 0x7f8936800528 0x7f55921104e0 1 -1 8 492 26
get: 1496270098.025021 4 0 22 0x7f8936800530 0x7f55921104d8 1 -1 8 492 26
get: 1496270098.025221 4 0 22 0x7f89368006a0 0x7f5592111568 1 -1 16 753 53
get: 1496270098.025391 4 0 22 0x7f8936800660 0x7f5592051540 1 -1 16 753 53
get: 1496270098.025532 4 0 22 0x7f8936800970 0x7f559201d510 1 -1 16 1003 53
get: 1496270098.025708 4 0 22 0x7f8936800980 0x7f55921115c0 1 -1 16 1003 53
get: 1496270098.025858 4 0 22 0x7f8936800768 0x7f55921104e0 1 -1 8 492 26
get: 1496270098.025981 4 0 22 0x7f8936800770 0x7f55921104d8 1 -1 8 492 26
get: 1496270098.026089 4 0 22 0x7f89368009b0 0x7f5592111608 1 -1 16 1003 53
put: 1496270098.026257 4 0 22 0x7f8936800a50 0x7f5592051640 1 -1 16 1003 53
f_executeOn: 1496270098.026396 4 0 -2 18 0x7f8936800e70 112 22
Etask: 1496270098.026538 4 22
task: 1496270098.036065 4 23 11 O 0 -5 32
Btask: 1496270098.036097 4 23
get: 1496270098.036139 4 1 23 0x7f8937003330 0x7f51e401a040 1 -1 16 1354 53
get: 1496270098.036349 4 1 23 0x7f8937003350 0x7f51e4011160 1 -1 16 1354 53
get: 1496270098.036451 4 1 23 0x7f8937002f28 0x7f51da40e160 1 -1 8 492 26
get: 1496270098.036588 4 1 23 0x7f8937002f30 0x7f51da40e158 1 -1 8 492 26
get: 1496270098.036756 4 1 23 0x7f8937003380 0x7f51e40111a8 1 -1 16 1354 53
get: 1496270098.036870 4 1 23 0x7f8937003340 0x7f51e4016100 1 -1 16 1354 53
get: 1496270098.036992 4 1 23 0x7f8937003350 0x7f51e4011160 1 -1 16 1354 53
get: 1496270098.037114 4 1 23 0x7f8937002f28 0x7f51da40e160 1 -1 8 492 26
get: 1496270098.037228 4 1 23 0x7f8937002f30 0x7f51da40e158 1 -1 8 492 26
get: 1496270098.037354 4 1 23 0x7f8937003380 0x7f51e40111a8 1 -1 16 1354 53
get: 1496270098.037477 4 1 23 0x7f8937003340 0x7f51e4016110 1 -1 16 1354 53
get: 1496270098.037593 4 1 23 0x7f8937003350 0x7f51e4011160 1 -1 16 1354 53
get: 1496270098.037793 4 1 23 0x7f8937002f28 0x7f51da40e160 1 -1 8 492 26
get: 1496270098.037938 4 1 23 0x7f8937002f30 0x7f51da40e158 1 -1 8 492 26
get: 1496270098.038063 4 1 23 0x7f8937003380 0x7f51e40111a8 1 -1 16 1354 53
get: 1496270098.038211 4 1 23 0x7f8937003340 0x7f51e4016120 1 -1 16 1354 53
get: 1496270098.038379 4 1 23 0x7f8937003350 0x7f51e4011160 1 -1 16 1354 53
get: 1496270098.038504 4 1 23 0x7f8937002f28 0x7f51da40e160 1 -1 8 492 26
get: 1496270098.038635 4 1 23 0x7f8937002f30 0x7f51da40e158 1 -1 8 492 26
get: 1496270098.038751 4 1 23 0x7f8937003380 0x7f51e40111a8 1 -1 16 1354 53
get: 1496270098.038861 4 1 23 0x7f8937003340 0x7f51e4016130 1 -1 16 1354 53
get: 1496270098.038985 4 1 23 0x7f8937003350 0x7f51e4011160 1 -1 16 1354 53
get: 1496270098.039109 4 1 23 0x7f8937002f28 0x7f51da40e160 1 -1 8 492 26
get: 1496270098.039237 4 1 23 0x7f8937002f30 0x7f51da40e158 1 -1 8 492 26
get: 1496270098.039358 4 1 23 0x7f8937003380 0x7f51e40111a8 1 -1 16 1354 53
get: 1496270098.039494 4 1 23 0x7f8937003340 0x7f51e4016140 1 -1 16 1354 53
get: 1496270098.039612 4 1 23 0x7f8937003350 0x7f51e4011160 1 -1 16 1354 53
get: 1496270098.039742 4 1 23 0x7f8937002f28 0x7f51da40e160 1 -1 8 492 26
get: 1496270098.039902 4 1 23 0x7f8937002f30 0x7f51da40e158 1 -1 8 492 26
get: 1496270098.040097 4 1 23 0x7f8937003380 0x7f51e40111a8 1 -1 16 1354 53
get: 1496270098.040209 4 1 23 0x7f8937003340 0x7f51e4016150 1 -1 16 1354 53
get: 1496270098.040344 4 1 23 0x7f8937003350 0x7f51e4011160 1 -1 16 1354 53
get: 1496270098.040459 4 1 23 0x7f8937002f28 0x7f51da40e160 1 -1 8 492 26
get: 1496270098.040587 4 1 23 0x7f8937002f30 0x7f51da40e158 1 -1 8 492 26
get: 1496270098.040727 4 1 23 0x7f8937003380 0x7f51e40111a8 1 -1 16 1354 53
get: 1496270098.040866 4 1 23 0x7f8937003340 0x7f51e4016160 1 -1 16 1354 53
get: 1496270098.040983 4 1 23 0x7f8937003350 0x7f51e4011160 1 -1 16 1354 53
get: 1496270098.041107 4 1 23 0x7f8937002f28 0x7f51da40e160 1 -1 8 492 26
get: 1496270098.041236 4 1 23 0x7f8937002f30 0x7f51da40e158 1 -1 8 492 26
get: 1496270098.041347 4 1 23 0x7f8937003380 0x7f51e40111a8 1 -1 16 1354 53
get: 1496270098.041483 4 1 23 0x7f8937003340 0x7f51e4016170 1 -1 16 1354 53
get: 1496270098.041598 4 1 23 0x7f8937003350 0x7f51e4011160 1 -1 16 1354 53
get: 1496270098.041710 4 1 23 0x7f8937002f28 0x7f51da40e160 1 -1 8 492 26
get: 1496270098.041832 4 1 23 0x7f8937002f30 0x7f51da40e158 1 -1 8 492 26
get: 1496270098.041947 4 1 23 0x7f8937003380 0x7f51e40111a8 1 -1 16 1354 53
get: 1496270098.042082 4 1 23 0x7f8937003340 0x7f51e4016180 1 -1 16 1354 53
get: 1496270098.042231 4 1 23 0x7f8937003350 0x7f51e4011160 1 -1 16 1354 53
get: 1496270098.042345 4 1 23 0x7f8937002f28 0x7f51da40e160 1 -1 8 492 26
get: 1496270098.042468 4 1 23 0x7f8937002f30 0x7f51da40e158 1 -1 8 492 26
get: 1496270098.042548 4 1 23 0x7f8937003380 0x7f51e40111a8 1 -1 16 1354 53
get: 1496270098.042690 4 1 23 0x7f8937003340 0x7f51e4016190 1 -1 16 1354 53
get: 1496270098.042818 4 1 23 0x7f8937003350 0x7f51e4011160 1 -1 16 1354 53
get: 1496270098.042962 4 1 23 0x7f8937002f28 0x7f51da40e160 1 -1 8 492 26
get: 1496270098.043087 4 1 23 0x7f8937002f30 0x7f51da40e158 1 -1 8 492 26
get: 1496270098.043221 4 1 23 0x7f8937003380 0x7f51e40111a8 1 -1 16 1354 53
get: 1496270098.043352 4 1 23 0x7f8937003340 0x7f51e40161a0 1 -1 16 1354 53
get: 1496270098.043485 4 1 23 0x7f8937003350 0x7f51e4011160 1 -1 16 1354 53
get: 1496270098.043622 4 1 23 0x7f8937002f28 0x7f51da40e160 1 -1 8 492 26
get: 1496270098.043760 4 1 23 0x7f8937002f30 0x7f51da40e158 1 -1 8 492 26
get: 1496270098.043901 4 1 23 0x7f8937003380 0x7f51e40111a8 1 -1 16 1354 53
get: 1496270098.044027 4 1 23 0x7f8937003340 0x7f51e40161b0 1 -1 16 1354 53
get: 1496270098.044168 4 1 23 0x7f8937003350 0x7f51e4011160 1 -1 16 1354 53
get: 1496270098.044303 4 1 23 0x7f8937002f28 0x7f51da40e160 1 -1 8 492 26
get: 1496270098.044428 4 1 23 0x7f8937002f30 0x7f51da40e158 1 -1 8 492 26
get: 1496270098.044600 4 1 23 0x7f8937003380 0x7f51e40111a8 1 -1 16 1354 53
get: 1496270098.044727 4 1 23 0x7f8937003340 0x7f51e40161c0 1 -1 16 1354 53
get: 1496270098.044870 4 1 23 0x7f8937003350 0x7f51e4011160 1 -1 16 1354 53
get: 1496270098.045019 4 1 23 0x7f8937002f28 0x7f51da40e160 1 -1 8 492 26
get: 1496270098.045136 4 1 23 0x7f8937002f30 0x7f51da40e158 1 -1 8 492 26
get: 1496270098.045270 4 1 23 0x7f8937003380 0x7f51e40111a8 1 -1 16 1354 53
get: 1496270098.045417 4 1 23 0x7f8937003340 0x7f51e40161d0 1 -1 16 1354 53
get: 1496270098.045568 4 1 23 0x7f8937003350 0x7f51e4011160 1 -1 16 1354 53
get: 1496270098.045702 4 1 23 0x7f8937002f28 0x7f51da40e160 1 -1 8 492 26
get: 1496270098.045848 4 1 23 0x7f8937002f30 0x7f51da40e158 1 -1 8 492 26
get: 1496270098.045977 4 1 23 0x7f8937003380 0x7f51e40111a8 1 -1 16 1354 53
get: 1496270098.046144 4 1 23 0x7f8937003340 0x7f51e40161e0 1 -1 16 1354 53
get: 1496270098.046295 4 1 23 0x7f8937003350 0x7f51e4011160 1 -1 16 1354 53
get: 1496270098.046427 4 1 23 0x7f8937002f28 0x7f51da40e160 1 -1 8 492 26
get: 1496270098.046569 4 1 23 0x7f8937002f30 0x7f51da40e158 1 -1 8 492 26
get: 1496270098.046701 4 1 23 0x7f8937003380 0x7f51e40111a8 1 -1 16 1354 53
get: 1496270098.046833 4 1 23 0x7f8937003340 0x7f51e40161f0 1 -1 16 1354 53
task: 1496270098.046971 4 24 23 L 215 28 24
task: 1496270098.046987 4 25 23 L 218 28 31
Btask: 1496270098.047010 4 25
fork: 1496270098.047023 4 10 -2 32 0x7f8937806e10 136 25 
Btask: 1496270098.047028 4 24
fork: 1496270098.047041 4 9 -2 28 0x7f8936800e10 136 24 
Etask: 1496270098.058597 4 24
Etask: 1496270098.058714 4 25
Etask: 1496270098.058750 4 23
task: 1496270098.065734 4 26 11 O 0 -5 129
Btask: 1496270098.065844 4 26
get: 1496270098.066284 4 0 26 0x7f8931800930 0x7f559201d568 1 -1 16 1002 53
get: 1496270098.066437 4 0 26 0x7f8931800650 0x7f55921114c0 1 -1 16 753 53
get: 1496270098.066523 4 0 26 0x7f8931800670 0x7f5592111520 1 -1 16 753 53
get: 1496270098.066660 4 0 26 0x7f8931800528 0x7f55921104e0 1 -1 8 492 26
get: 1496270098.066810 4 0 26 0x7f8931800530 0x7f55921104d8 1 -1 8 492 26
get: 1496270098.066975 4 0 26 0x7f89318006a0 0x7f5592111568 1 -1 16 753 53
get: 1496270098.067108 4 0 26 0x7f8931800660 0x7f5592051540 1 -1 16 753 53
get: 1496270098.067232 4 0 26 0x7f8931800970 0x7f559201d580 1 -1 16 1003 53
get: 1496270098.067282 4 0 26 0x7f8931800980 0x7f5592111660 1 -1 16 1003 53
get: 1496270098.067330 4 0 26 0x7f8931800768 0x7f55921104e0 1 -1 8 492 26
get: 1496270098.067387 4 0 26 0x7f8931800770 0x7f55921104d8 1 -1 8 492 26
get: 1496270098.067432 4 0 26 0x7f89318009b0 0x7f55921116a8 1 -1 16 1003 53
put: 1496270098.067534 4 0 26 0x7f8931800a50 0x7f5592051740 1 -1 16 1003 53
f_executeOn: 1496270098.067652 4 0 -2 18 0x7f8931800e70 112 26
Etask: 1496270098.067812 4 26
task: 1496270098.080204 4 27 1 O 0 -5 32
Btask: 1496270098.080329 4 27
get: 1496270098.080372 4 1 27 0x7f8927800330 0x7f51daa11040 1 -1 16 1354 53
get: 1496270098.080570 4 1 27 0x7f8927800350 0x7f51daa18020 1 -1 16 1354 53
get: 1496270098.080687 4 1 27 0x7f89277fff28 0x7f51da40e160 1 -1 8 492 26
get: 1496270098.080823 4 1 27 0x7f89277fff30 0x7f51da40e158 1 -1 8 492 26
get: 1496270098.081011 4 1 27 0x7f8927800380 0x7f51daa18068 1 -1 16 1354 53
get: 1496270098.081149 4 1 27 0x7f8927800340 0x7f51daa1d000 1 -1 16 1354 53
get: 1496270098.081260 4 1 27 0x7f8927800350 0x7f51daa18020 1 -1 16 1354 53
get: 1496270098.081393 4 1 27 0x7f89277fff28 0x7f51da40e160 1 -1 8 492 26
get: 1496270098.081512 4 1 27 0x7f89277fff30 0x7f51da40e158 1 -1 8 492 26
get: 1496270098.081669 4 1 27 0x7f8927800380 0x7f51daa18068 1 -1 16 1354 53
get: 1496270098.081905 4 1 27 0x7f8927800340 0x7f51daa1d010 1 -1 16 1354 53
get: 1496270098.082097 4 1 27 0x7f8927800350 0x7f51daa18020 1 -1 16 1354 53
get: 1496270098.082321 4 1 27 0x7f89277fff28 0x7f51da40e160 1 -1 8 492 26
get: 1496270098.082479 4 1 27 0x7f89277fff30 0x7f51da40e158 1 -1 8 492 26
get: 1496270098.082601 4 1 27 0x7f8927800380 0x7f51daa18068 1 -1 16 1354 53
get: 1496270098.082692 4 1 27 0x7f8927800340 0x7f51daa1d020 1 -1 16 1354 53
get: 1496270098.082907 4 1 27 0x7f8927800350 0x7f51daa18020 1 -1 16 1354 53
get: 1496270098.083011 4 1 27 0x7f89277fff28 0x7f51da40e160 1 -1 8 492 26
get: 1496270098.083387 4 1 27 0x7f89277fff30 0x7f51da40e158 1 -1 8 492 26
get: 1496270098.083531 4 1 27 0x7f8927800380 0x7f51daa18068 1 -1 16 1354 53
get: 1496270098.083643 4 1 27 0x7f8927800340 0x7f51daa1d030 1 -1 16 1354 53
get: 1496270098.083760 4 1 27 0x7f8927800350 0x7f51daa18020 1 -1 16 1354 53
get: 1496270098.084035 4 1 27 0x7f89277fff28 0x7f51da40e160 1 -1 8 492 26
get: 1496270098.084229 4 1 27 0x7f89277fff30 0x7f51da40e158 1 -1 8 492 26
get: 1496270098.084358 4 1 27 0x7f8927800380 0x7f51daa18068 1 -1 16 1354 53
get: 1496270098.084492 4 1 27 0x7f8927800340 0x7f51daa1d040 1 -1 16 1354 53
get: 1496270098.084614 4 1 27 0x7f8927800350 0x7f51daa18020 1 -1 16 1354 53
get: 1496270098.084837 4 1 27 0x7f89277fff28 0x7f51da40e160 1 -1 8 492 26
get: 1496270098.085077 4 1 27 0x7f89277fff30 0x7f51da40e158 1 -1 8 492 26
get: 1496270098.085196 4 1 27 0x7f8927800380 0x7f51daa18068 1 -1 16 1354 53
get: 1496270098.085366 4 1 27 0x7f8927800340 0x7f51daa1d050 1 -1 16 1354 53
get: 1496270098.085589 4 1 27 0x7f8927800350 0x7f51daa18020 1 -1 16 1354 53
get: 1496270098.085917 4 1 27 0x7f89277fff28 0x7f51da40e160 1 -1 8 492 26
get: 1496270098.086085 4 1 27 0x7f89277fff30 0x7f51da40e158 1 -1 8 492 26
get: 1496270098.086312 4 1 27 0x7f8927800380 0x7f51daa18068 1 -1 16 1354 53
get: 1496270098.086579 4 1 27 0x7f8927800340 0x7f51daa1d060 1 -1 16 1354 53
get: 1496270098.086806 4 1 27 0x7f8927800350 0x7f51daa18020 1 -1 16 1354 53
get: 1496270098.086939 4 1 27 0x7f89277fff28 0x7f51da40e160 1 -1 8 492 26
get: 1496270098.087142 4 1 27 0x7f89277fff30 0x7f51da40e158 1 -1 8 492 26
get: 1496270098.087275 4 1 27 0x7f8927800380 0x7f51daa18068 1 -1 16 1354 53
get: 1496270098.087398 4 1 27 0x7f8927800340 0x7f51daa1d070 1 -1 16 1354 53
get: 1496270098.087604 4 1 27 0x7f8927800350 0x7f51daa18020 1 -1 16 1354 53
get: 1496270098.087782 4 1 27 0x7f89277fff28 0x7f51da40e160 1 -1 8 492 26
get: 1496270098.087919 4 1 27 0x7f89277fff30 0x7f51da40e158 1 -1 8 492 26
get: 1496270098.088077 4 1 27 0x7f8927800380 0x7f51daa18068 1 -1 16 1354 53
get: 1496270098.088201 4 1 27 0x7f8927800340 0x7f51daa1d080 1 -1 16 1354 53
get: 1496270098.088333 4 1 27 0x7f8927800350 0x7f51daa18020 1 -1 16 1354 53
get: 1496270098.088460 4 1 27 0x7f89277fff28 0x7f51da40e160 1 -1 8 492 26
get: 1496270098.088584 4 1 27 0x7f89277fff30 0x7f51da40e158 1 -1 8 492 26
get: 1496270098.088718 4 1 27 0x7f8927800380 0x7f51daa18068 1 -1 16 1354 53
get: 1496270098.088825 4 1 27 0x7f8927800340 0x7f51daa1d090 1 -1 16 1354 53
get: 1496270098.088876 4 1 27 0x7f8927800350 0x7f51daa18020 1 -1 16 1354 53
get: 1496270098.089101 4 1 27 0x7f89277fff28 0x7f51da40e160 1 -1 8 492 26
get: 1496270098.089324 4 1 27 0x7f89277fff30 0x7f51da40e158 1 -1 8 492 26
get: 1496270098.089446 4 1 27 0x7f8927800380 0x7f51daa18068 1 -1 16 1354 53
get: 1496270098.089552 4 1 27 0x7f8927800340 0x7f51daa1d0a0 1 -1 16 1354 53
get: 1496270098.089673 4 1 27 0x7f8927800350 0x7f51daa18020 1 -1 16 1354 53
get: 1496270098.089833 4 1 27 0x7f89277fff28 0x7f51da40e160 1 -1 8 492 26
get: 1496270098.090167 4 1 27 0x7f89277fff30 0x7f51da40e158 1 -1 8 492 26
get: 1496270098.090329 4 1 27 0x7f8927800380 0x7f51daa18068 1 -1 16 1354 53
get: 1496270098.090477 4 1 27 0x7f8927800340 0x7f51daa1d0b0 1 -1 16 1354 53
get: 1496270098.090622 4 1 27 0x7f8927800350 0x7f51daa18020 1 -1 16 1354 53
get: 1496270098.090750 4 1 27 0x7f89277fff28 0x7f51da40e160 1 -1 8 492 26
get: 1496270098.090829 4 1 27 0x7f89277fff30 0x7f51da40e158 1 -1 8 492 26
get: 1496270098.090933 4 1 27 0x7f8927800380 0x7f51daa18068 1 -1 16 1354 53
get: 1496270098.091078 4 1 27 0x7f8927800340 0x7f51daa1d0c0 1 -1 16 1354 53
get: 1496270098.091211 4 1 27 0x7f8927800350 0x7f51daa18020 1 -1 16 1354 53
get: 1496270098.091331 4 1 27 0x7f89277fff28 0x7f51da40e160 1 -1 8 492 26
get: 1496270098.091509 4 1 27 0x7f89277fff30 0x7f51da40e158 1 -1 8 492 26
get: 1496270098.091650 4 1 27 0x7f8927800380 0x7f51daa18068 1 -1 16 1354 53
get: 1496270098.091793 4 1 27 0x7f8927800340 0x7f51daa1d0d0 1 -1 16 1354 53
get: 1496270098.091887 4 1 27 0x7f8927800350 0x7f51daa18020 1 -1 16 1354 53
get: 1496270098.092057 4 1 27 0x7f89277fff28 0x7f51da40e160 1 -1 8 492 26
get: 1496270098.092228 4 1 27 0x7f89277fff30 0x7f51da40e158 1 -1 8 492 26
get: 1496270098.092388 4 1 27 0x7f8927800380 0x7f51daa18068 1 -1 16 1354 53
get: 1496270098.092509 4 1 27 0x7f8927800340 0x7f51daa1d0e0 1 -1 16 1354 53
get: 1496270098.092631 4 1 27 0x7f8927800350 0x7f51daa18020 1 -1 16 1354 53
get: 1496270098.092714 4 1 27 0x7f89277fff28 0x7f51da40e160 1 -1 8 492 26
get: 1496270098.092769 4 1 27 0x7f89277fff30 0x7f51da40e158 1 -1 8 492 26
get: 1496270098.092884 4 1 27 0x7f8927800380 0x7f51daa18068 1 -1 16 1354 53
get: 1496270098.093004 4 1 27 0x7f8927800340 0x7f51daa1d0f0 1 -1 16 1354 53
task: 1496270098.093210 4 28 27 L 215 28 24
task: 1496270098.093220 4 29 27 L 218 28 31
Btask: 1496270098.093263 4 28
Btask: 1496270098.093266 4 29
fork: 1496270098.093276 4 9 -2 28 0x7f8931800e10 136 28 
fork: 1496270098.093278 4 10 -2 32 0x7f8928003e10 136 29 
Etask: 1496270098.102792 4 28
Etask: 1496270098.103915 4 29
Etask: 1496270098.104414 4 27
task: 1496270098.113789 4 30 11 O 0 -5 129
Btask: 1496270098.113899 4 30
get: 1496270098.113926 4 0 30 0x7f8922800930 0x7f559201d5d8 1 -1 16 1002 53
get: 1496270098.114199 4 0 30 0x7f8922800650 0x7f55921114c0 1 -1 16 753 53
get: 1496270098.114377 4 0 30 0x7f8922800670 0x7f5592111520 1 -1 16 753 53
get: 1496270098.114519 4 0 30 0x7f8922800528 0x7f55921104e0 1 -1 8 492 26
get: 1496270098.114672 4 0 30 0x7f8922800530 0x7f55921104d8 1 -1 8 492 26
get: 1496270098.114815 4 0 30 0x7f89228006a0 0x7f5592111568 1 -1 16 753 53
get: 1496270098.114951 4 0 30 0x7f8922800660 0x7f5592051540 1 -1 16 753 53
get: 1496270098.115105 4 0 30 0x7f8922800970 0x7f559201d5f0 1 -1 16 1003 53
get: 1496270098.115280 4 0 30 0x7f8922800980 0x7f5592111700 1 -1 16 1003 53
get: 1496270098.115447 4 0 30 0x7f8922800768 0x7f55921104e0 1 -1 8 492 26
get: 1496270098.115564 4 0 30 0x7f8922800770 0x7f55921104d8 1 -1 8 492 26
get: 1496270098.115763 4 0 30 0x7f89228009b0 0x7f5592111748 1 -1 16 1003 53
put: 1496270098.116252 4 0 30 0x7f8922800a50 0x7f5592051840 1 -1 16 1003 53
f_executeOn: 1496270098.116377 4 0 -2 18 0x7f8922800e70 112 30
Etask: 1496270098.116476 4 30
task: 1496270098.134685 4 31 1 O 0 -5 32
Btask: 1496270098.134793 4 31
get: 1496270098.134827 4 1 31 0x7f891d800330 0x7f51da613040 1 -1 16 1354 53
get: 1496270098.134963 4 1 31 0x7f891d800350 0x7f51da61a020 1 -1 16 1354 53
get: 1496270098.135093 4 1 31 0x7f891d7fff28 0x7f51da40e160 1 -1 8 492 26
get: 1496270098.135216 4 1 31 0x7f891d7fff30 0x7f51da40e158 1 -1 8 492 26
get: 1496270098.135371 4 1 31 0x7f891d800380 0x7f51da61a068 1 -1 16 1354 53
get: 1496270098.135484 4 1 31 0x7f891d800340 0x7f51da61f000 1 -1 16 1354 53
get: 1496270098.135597 4 1 31 0x7f891d800350 0x7f51da61a020 1 -1 16 1354 53
get: 1496270098.135674 4 1 31 0x7f891d7fff28 0x7f51da40e160 1 -1 8 492 26
get: 1496270098.136018 4 1 31 0x7f891d7fff30 0x7f51da40e158 1 -1 8 492 26
get: 1496270098.136122 4 1 31 0x7f891d800380 0x7f51da61a068 1 -1 16 1354 53
get: 1496270098.136240 4 1 31 0x7f891d800340 0x7f51da61f010 1 -1 16 1354 53
get: 1496270098.136384 4 1 31 0x7f891d800350 0x7f51da61a020 1 -1 16 1354 53
get: 1496270098.136509 4 1 31 0x7f891d7fff28 0x7f51da40e160 1 -1 8 492 26
get: 1496270098.136715 4 1 31 0x7f891d7fff30 0x7f51da40e158 1 -1 8 492 26
get: 1496270098.136943 4 1 31 0x7f891d800380 0x7f51da61a068 1 -1 16 1354 53
get: 1496270098.137055 4 1 31 0x7f891d800340 0x7f51da61f020 1 -1 16 1354 53
get: 1496270098.137158 4 1 31 0x7f891d800350 0x7f51da61a020 1 -1 16 1354 53
get: 1496270098.137492 4 1 31 0x7f891d7fff28 0x7f51da40e160 1 -1 8 492 26
get: 1496270098.137797 4 1 31 0x7f891d7fff30 0x7f51da40e158 1 -1 8 492 26
get: 1496270098.138217 4 1 31 0x7f891d800380 0x7f51da61a068 1 -1 16 1354 53
get: 1496270098.138324 4 1 31 0x7f891d800340 0x7f51da61f030 1 -1 16 1354 53
get: 1496270098.138444 4 1 31 0x7f891d800350 0x7f51da61a020 1 -1 16 1354 53
get: 1496270098.138918 4 1 31 0x7f891d7fff28 0x7f51da40e160 1 -1 8 492 26
get: 1496270098.139082 4 1 31 0x7f891d7fff30 0x7f51da40e158 1 -1 8 492 26
get: 1496270098.139204 4 1 31 0x7f891d800380 0x7f51da61a068 1 -1 16 1354 53
get: 1496270098.139413 4 1 31 0x7f891d800340 0x7f51da61f040 1 -1 16 1354 53
get: 1496270098.139561 4 1 31 0x7f891d800350 0x7f51da61a020 1 -1 16 1354 53
get: 1496270098.139674 4 1 31 0x7f891d7fff28 0x7f51da40e160 1 -1 8 492 26
get: 1496270098.139839 4 1 31 0x7f891d7fff30 0x7f51da40e158 1 -1 8 492 26
get: 1496270098.139957 4 1 31 0x7f891d800380 0x7f51da61a068 1 -1 16 1354 53
get: 1496270098.140185 4 1 31 0x7f891d800340 0x7f51da61f050 1 -1 16 1354 53
get: 1496270098.140319 4 1 31 0x7f891d800350 0x7f51da61a020 1 -1 16 1354 53
get: 1496270098.140434 4 1 31 0x7f891d7fff28 0x7f51da40e160 1 -1 8 492 26
get: 1496270098.140710 4 1 31 0x7f891d7fff30 0x7f51da40e158 1 -1 8 492 26
get: 1496270098.140909 4 1 31 0x7f891d800380 0x7f51da61a068 1 -1 16 1354 53
get: 1496270098.141074 4 1 31 0x7f891d800340 0x7f51da61f060 1 -1 16 1354 53
get: 1496270098.141201 4 1 31 0x7f891d800350 0x7f51da61a020 1 -1 16 1354 53
get: 1496270098.141331 4 1 31 0x7f891d7fff28 0x7f51da40e160 1 -1 8 492 26
get: 1496270098.141520 4 1 31 0x7f891d7fff30 0x7f51da40e158 1 -1 8 492 26
get: 1496270098.141655 4 1 31 0x7f891d800380 0x7f51da61a068 1 -1 16 1354 53
get: 1496270098.141794 4 1 31 0x7f891d800340 0x7f51da61f070 1 -1 16 1354 53
get: 1496270098.141918 4 1 31 0x7f891d800350 0x7f51da61a020 1 -1 16 1354 53
get: 1496270098.142381 4 1 31 0x7f891d7fff28 0x7f51da40e160 1 -1 8 492 26
get: 1496270098.142521 4 1 31 0x7f891d7fff30 0x7f51da40e158 1 -1 8 492 26
get: 1496270098.142663 4 1 31 0x7f891d800380 0x7f51da61a068 1 -1 16 1354 53
get: 1496270098.142762 4 1 31 0x7f891d800340 0x7f51da61f080 1 -1 16 1354 53
get: 1496270098.142916 4 1 31 0x7f891d800350 0x7f51da61a020 1 -1 16 1354 53
get: 1496270098.143021 4 1 31 0x7f891d7fff28 0x7f51da40e160 1 -1 8 492 26
get: 1496270098.143177 4 1 31 0x7f891d7fff30 0x7f51da40e158 1 -1 8 492 26
get: 1496270098.143289 4 1 31 0x7f891d800380 0x7f51da61a068 1 -1 16 1354 53
get: 1496270098.143499 4 1 31 0x7f891d800340 0x7f51da61f090 1 -1 16 1354 53
get: 1496270098.143620 4 1 31 0x7f891d800350 0x7f51da61a020 1 -1 16 1354 53
get: 1496270098.143766 4 1 31 0x7f891d7fff28 0x7f51da40e160 1 -1 8 492 26
get: 1496270098.143894 4 1 31 0x7f891d7fff30 0x7f51da40e158 1 -1 8 492 26
get: 1496270098.144054 4 1 31 0x7f891d800380 0x7f51da61a068 1 -1 16 1354 53
get: 1496270098.144219 4 1 31 0x7f891d800340 0x7f51da61f0a0 1 -1 16 1354 53
get: 1496270098.144350 4 1 31 0x7f891d800350 0x7f51da61a020 1 -1 16 1354 53
get: 1496270098.144446 4 1 31 0x7f891d7fff28 0x7f51da40e160 1 -1 8 492 26
get: 1496270098.144648 4 1 31 0x7f891d7fff30 0x7f51da40e158 1 -1 8 492 26
get: 1496270098.144941 4 1 31 0x7f891d800380 0x7f51da61a068 1 -1 16 1354 53
get: 1496270098.145094 4 1 31 0x7f891d800340 0x7f51da61f0b0 1 -1 16 1354 53
get: 1496270098.145237 4 1 31 0x7f891d800350 0x7f51da61a020 1 -1 16 1354 53
get: 1496270098.145497 4 1 31 0x7f891d7fff28 0x7f51da40e160 1 -1 8 492 26
get: 1496270098.145613 4 1 31 0x7f891d7fff30 0x7f51da40e158 1 -1 8 492 26
get: 1496270098.145755 4 1 31 0x7f891d800380 0x7f51da61a068 1 -1 16 1354 53
get: 1496270098.145927 4 1 31 0x7f891d800340 0x7f51da61f0c0 1 -1 16 1354 53
get: 1496270098.146367 4 1 31 0x7f891d800350 0x7f51da61a020 1 -1 16 1354 53
get: 1496270098.146507 4 1 31 0x7f891d7fff28 0x7f51da40e160 1 -1 8 492 26
get: 1496270098.146838 4 1 31 0x7f891d7fff30 0x7f51da40e158 1 -1 8 492 26
get: 1496270098.147040 4 1 31 0x7f891d800380 0x7f51da61a068 1 -1 16 1354 53
get: 1496270098.147156 4 1 31 0x7f891d800340 0x7f51da61f0d0 1 -1 16 1354 53
get: 1496270098.147282 4 1 31 0x7f891d800350 0x7f51da61a020 1 -1 16 1354 53
get: 1496270098.147559 4 1 31 0x7f891d7fff28 0x7f51da40e160 1 -1 8 492 26
get: 1496270098.147721 4 1 31 0x7f891d7fff30 0x7f51da40e158 1 -1 8 492 26
get: 1496270098.147913 4 1 31 0x7f891d800380 0x7f51da61a068 1 -1 16 1354 53
get: 1496270098.148038 4 1 31 0x7f891d800340 0x7f51da61f0e0 1 -1 16 1354 53
get: 1496270098.148248 4 1 31 0x7f891d800350 0x7f51da61a020 1 -1 16 1354 53
get: 1496270098.148365 4 1 31 0x7f891d7fff28 0x7f51da40e160 1 -1 8 492 26
get: 1496270098.148526 4 1 31 0x7f891d7fff30 0x7f51da40e158 1 -1 8 492 26
get: 1496270098.148647 4 1 31 0x7f891d800380 0x7f51da61a068 1 -1 16 1354 53
get: 1496270098.148823 4 1 31 0x7f891d800340 0x7f51da61f0f0 1 -1 16 1354 53
task: 1496270098.148975 4 32 31 L 215 28 24
task: 1496270098.148985 4 33 31 L 218 28 31
Btask: 1496270098.149003 4 32
Btask: 1496270098.149014 4 33
fork: 1496270098.149017 4 9 -2 28 0x7f8936800e10 136 32 
fork: 1496270098.149027 4 10 -2 32 0x7f8937003e10 136 33 
Etask: 1496270098.165720 4 33
Etask: 1496270098.165997 4 32
Etask: 1496270098.166013 4 31
task: 1496270098.192189 4 34 1 O 0 -5 129
Btask: 1496270098.192294 4 34
get: 1496270098.192301 4 0 34 0x7f8918800930 0x7f559201d648 1 -1 16 1002 53
get: 1496270098.192611 4 0 34 0x7f8918800650 0x7f55921114c0 1 -1 16 753 53
get: 1496270098.192761 4 0 34 0x7f8918800670 0x7f5592111520 1 -1 16 753 53
get: 1496270098.193008 4 0 34 0x7f8918800528 0x7f55921104e0 1 -1 8 492 26
get: 1496270098.193139 4 0 34 0x7f8918800530 0x7f55921104d8 1 -1 8 492 26
get: 1496270098.193329 4 0 34 0x7f89188006a0 0x7f5592111568 1 -1 16 753 53
get: 1496270098.193506 4 0 34 0x7f8918800660 0x7f5592051540 1 -1 16 753 53
get: 1496270098.193689 4 0 34 0x7f8918800970 0x7f559201d660 1 -1 16 1003 53
get: 1496270098.193870 4 0 34 0x7f8918800980 0x7f55921117a0 1 -1 16 1003 53
get: 1496270098.194069 4 0 34 0x7f8918800768 0x7f55921104e0 1 -1 8 492 26
get: 1496270098.194221 4 0 34 0x7f8918800770 0x7f55921104d8 1 -1 8 492 26
get: 1496270098.194396 4 0 34 0x7f89188009b0 0x7f55921117e8 1 -1 16 1003 53
put: 1496270098.194533 4 0 34 0x7f8918800a50 0x7f5592051940 1 -1 16 1003 53
f_executeOn: 1496270098.194694 4 0 -2 18 0x7f8918800e70 112 34
Etask: 1496270098.194788 4 34
task: 1496270098.226863 4 35 1 O 0 -5 32
Btask: 1496270098.226954 4 35
get: 1496270098.226985 4 1 35 0x7f8913800330 0x7f51da213040 1 -1 16 1354 53
get: 1496270098.227124 4 1 35 0x7f8913800350 0x7f51da21a020 1 -1 16 1354 53
get: 1496270098.227247 4 1 35 0x7f89137fff28 0x7f51da40e160 1 -1 8 492 26
get: 1496270098.227296 4 1 35 0x7f89137fff30 0x7f51da40e158 1 -1 8 492 26
get: 1496270098.227348 4 1 35 0x7f8913800380 0x7f51da21a068 1 -1 16 1354 53
get: 1496270098.227397 4 1 35 0x7f8913800340 0x7f51da21f000 1 -1 16 1354 53
get: 1496270098.227447 4 1 35 0x7f8913800350 0x7f51da21a020 1 -1 16 1354 53
get: 1496270098.227542 4 1 35 0x7f89137fff28 0x7f51da40e160 1 -1 8 492 26
get: 1496270098.227647 4 1 35 0x7f89137fff30 0x7f51da40e158 1 -1 8 492 26
get: 1496270098.227752 4 1 35 0x7f8913800380 0x7f51da21a068 1 -1 16 1354 53
get: 1496270098.227858 4 1 35 0x7f8913800340 0x7f51da21f010 1 -1 16 1354 53
get: 1496270098.227962 4 1 35 0x7f8913800350 0x7f51da21a020 1 -1 16 1354 53
get: 1496270098.228084 4 1 35 0x7f89137fff28 0x7f51da40e160 1 -1 8 492 26
get: 1496270098.228167 4 1 35 0x7f89137fff30 0x7f51da40e158 1 -1 8 492 26
get: 1496270098.228213 4 1 35 0x7f8913800380 0x7f51da21a068 1 -1 16 1354 53
get: 1496270098.228264 4 1 35 0x7f8913800340 0x7f51da21f020 1 -1 16 1354 53
get: 1496270098.228316 4 1 35 0x7f8913800350 0x7f51da21a020 1 -1 16 1354 53
get: 1496270098.228360 4 1 35 0x7f89137fff28 0x7f51da40e160 1 -1 8 492 26
get: 1496270098.228421 4 1 35 0x7f89137fff30 0x7f51da40e158 1 -1 8 492 26
get: 1496270098.228525 4 1 35 0x7f8913800380 0x7f51da21a068 1 -1 16 1354 53
get: 1496270098.228657 4 1 35 0x7f8913800340 0x7f51da21f030 1 -1 16 1354 53
get: 1496270098.228739 4 1 35 0x7f8913800350 0x7f51da21a020 1 -1 16 1354 53
get: 1496270098.228783 4 1 35 0x7f89137fff28 0x7f51da40e160 1 -1 8 492 26
get: 1496270098.228840 4 1 35 0x7f89137fff30 0x7f51da40e158 1 -1 8 492 26
get: 1496270098.228947 4 1 35 0x7f8913800380 0x7f51da21a068 1 -1 16 1354 53
get: 1496270098.229069 4 1 35 0x7f8913800340 0x7f51da21f040 1 -1 16 1354 53
get: 1496270098.229177 4 1 35 0x7f8913800350 0x7f51da21a020 1 -1 16 1354 53
get: 1496270098.229281 4 1 35 0x7f89137fff28 0x7f51da40e160 1 -1 8 492 26
get: 1496270098.229388 4 1 35 0x7f89137fff30 0x7f51da40e158 1 -1 8 492 26
get: 1496270098.229533 4 1 35 0x7f8913800380 0x7f51da21a068 1 -1 16 1354 53
get: 1496270098.229638 4 1 35 0x7f8913800340 0x7f51da21f050 1 -1 16 1354 53
get: 1496270098.229760 4 1 35 0x7f8913800350 0x7f51da21a020 1 -1 16 1354 53
get: 1496270098.229867 4 1 35 0x7f89137fff28 0x7f51da40e160 1 -1 8 492 26
get: 1496270098.229981 4 1 35 0x7f89137fff30 0x7f51da40e158 1 -1 8 492 26
get: 1496270098.230085 4 1 35 0x7f8913800380 0x7f51da21a068 1 -1 16 1354 53
get: 1496270098.230206 4 1 35 0x7f8913800340 0x7f51da21f060 1 -1 16 1354 53
get: 1496270098.230378 4 1 35 0x7f8913800350 0x7f51da21a020 1 -1 16 1354 53
get: 1496270098.230505 4 1 35 0x7f89137fff28 0x7f51da40e160 1 -1 8 492 26
get: 1496270098.230652 4 1 35 0x7f89137fff30 0x7f51da40e158 1 -1 8 492 26
get: 1496270098.230780 4 1 35 0x7f8913800380 0x7f51da21a068 1 -1 16 1354 53
get: 1496270098.230897 4 1 35 0x7f8913800340 0x7f51da21f070 1 -1 16 1354 53
get: 1496270098.231003 4 1 35 0x7f8913800350 0x7f51da21a020 1 -1 16 1354 53
get: 1496270098.231107 4 1 35 0x7f89137fff28 0x7f51da40e160 1 -1 8 492 26
get: 1496270098.231227 4 1 35 0x7f89137fff30 0x7f51da40e158 1 -1 8 492 26
get: 1496270098.231351 4 1 35 0x7f8913800380 0x7f51da21a068 1 -1 16 1354 53
get: 1496270098.231454 4 1 35 0x7f8913800340 0x7f51da21f080 1 -1 16 1354 53
get: 1496270098.231618 4 1 35 0x7f8913800350 0x7f51da21a020 1 -1 16 1354 53
get: 1496270098.231724 4 1 35 0x7f89137fff28 0x7f51da40e160 1 -1 8 492 26
get: 1496270098.231849 4 1 35 0x7f89137fff30 0x7f51da40e158 1 -1 8 492 26
get: 1496270098.231998 4 1 35 0x7f8913800380 0x7f51da21a068 1 -1 16 1354 53
get: 1496270098.232132 4 1 35 0x7f8913800340 0x7f51da21f090 1 -1 16 1354 53
get: 1496270098.232203 4 1 35 0x7f8913800350 0x7f51da21a020 1 -1 16 1354 53
get: 1496270098.232307 4 1 35 0x7f89137fff28 0x7f51da40e160 1 -1 8 492 26
get: 1496270098.232420 4 1 35 0x7f89137fff30 0x7f51da40e158 1 -1 8 492 26
get: 1496270098.232535 4 1 35 0x7f8913800380 0x7f51da21a068 1 -1 16 1354 53
get: 1496270098.232716 4 1 35 0x7f8913800340 0x7f51da21f0a0 1 -1 16 1354 53
get: 1496270098.232836 4 1 35 0x7f8913800350 0x7f51da21a020 1 -1 16 1354 53
get: 1496270098.232985 4 1 35 0x7f89137fff28 0x7f51da40e160 1 -1 8 492 26
get: 1496270098.233117 4 1 35 0x7f89137fff30 0x7f51da40e158 1 -1 8 492 26
get: 1496270098.233207 4 1 35 0x7f8913800380 0x7f51da21a068 1 -1 16 1354 53
get: 1496270098.233324 4 1 35 0x7f8913800340 0x7f51da21f0b0 1 -1 16 1354 53
get: 1496270098.233479 4 1 35 0x7f8913800350 0x7f51da21a020 1 -1 16 1354 53
get: 1496270098.233639 4 1 35 0x7f89137fff28 0x7f51da40e160 1 -1 8 492 26
get: 1496270098.233779 4 1 35 0x7f89137fff30 0x7f51da40e158 1 -1 8 492 26
get: 1496270098.233904 4 1 35 0x7f8913800380 0x7f51da21a068 1 -1 16 1354 53
get: 1496270098.234060 4 1 35 0x7f8913800340 0x7f51da21f0c0 1 -1 16 1354 53
get: 1496270098.234193 4 1 35 0x7f8913800350 0x7f51da21a020 1 -1 16 1354 53
get: 1496270098.234288 4 1 35 0x7f89137fff28 0x7f51da40e160 1 -1 8 492 26
get: 1496270098.234406 4 1 35 0x7f89137fff30 0x7f51da40e158 1 -1 8 492 26
get: 1496270098.234539 4 1 35 0x7f8913800380 0x7f51da21a068 1 -1 16 1354 53
get: 1496270098.234666 4 1 35 0x7f8913800340 0x7f51da21f0d0 1 -1 16 1354 53
get: 1496270098.234798 4 1 35 0x7f8913800350 0x7f51da21a020 1 -1 16 1354 53
get: 1496270098.234914 4 1 35 0x7f89137fff28 0x7f51da40e160 1 -1 8 492 26
get: 1496270098.235075 4 1 35 0x7f89137fff30 0x7f51da40e158 1 -1 8 492 26
get: 1496270098.235193 4 1 35 0x7f8913800380 0x7f51da21a068 1 -1 16 1354 53
get: 1496270098.235296 4 1 35 0x7f8913800340 0x7f51da21f0e0 1 -1 16 1354 53
get: 1496270098.235415 4 1 35 0x7f8913800350 0x7f51da21a020 1 -1 16 1354 53
get: 1496270098.235568 4 1 35 0x7f89137fff28 0x7f51da40e160 1 -1 8 492 26
get: 1496270098.235716 4 1 35 0x7f89137fff30 0x7f51da40e158 1 -1 8 492 26
get: 1496270098.235825 4 1 35 0x7f8913800380 0x7f51da21a068 1 -1 16 1354 53
get: 1496270098.235963 4 1 35 0x7f8913800340 0x7f51da21f0f0 1 -1 16 1354 53
task: 1496270098.236107 4 36 35 L 215 28 24
task: 1496270098.236115 4 37 35 L 218 28 31
Btask: 1496270098.236167 4 37
Btask: 1496270098.236167 4 36
fork: 1496270098.236192 4 10 -2 32 0x7f8937003e10 136 37 
fork: 1496270098.236199 4 9 -2 28 0x7f8936800e10 136 36 
Etask: 1496270098.246250 4 36
Etask: 1496270098.246901 4 37
Etask: 1496270098.246915 4 35
task: 1496270098.451010 4 38 11 O 0 -5 129
Btask: 1496270098.451133 4 38
get: 1496270098.451145 4 0 38 0x7f890e800930 0x7f559201d6b8 1 -1 16 1002 53
get: 1496270098.451360 4 0 38 0x7f890e800650 0x7f55921114c0 1 -1 16 753 53
get: 1496270098.451565 4 0 38 0x7f890e800670 0x7f5592111520 1 -1 16 753 53
get: 1496270098.451745 4 0 38 0x7f890e800528 0x7f55921104e0 1 -1 8 492 26
get: 1496270098.451892 4 0 38 0x7f890e800530 0x7f55921104d8 1 -1 8 492 26
get: 1496270098.452051 4 0 38 0x7f890e8006a0 0x7f5592111568 1 -1 16 753 53
get: 1496270098.452204 4 0 38 0x7f890e800660 0x7f5592051540 1 -1 16 753 53
get: 1496270098.452407 4 0 38 0x7f890e800970 0x7f559201d6d0 1 -1 16 1003 53
get: 1496270098.452551 4 0 38 0x7f890e800980 0x7f5592111840 1 -1 16 1003 53
get: 1496270098.452694 4 0 38 0x7f890e800768 0x7f55921104e0 1 -1 8 492 26
get: 1496270098.452845 4 0 38 0x7f890e800770 0x7f55921104d8 1 -1 8 492 26
get: 1496270098.453085 4 0 38 0x7f890e8009b0 0x7f5592111888 1 -1 16 1003 53
put: 1496270098.453273 4 0 38 0x7f890e800a50 0x7f5592051a40 1 -1 16 1003 53
f_executeOn: 1496270098.453467 4 0 -2 18 0x7f890e800e70 112 38
Etask: 1496270098.453596 4 38
task: 1496270098.461492 4 39 11 O 0 -5 32
Btask: 1496270098.461602 4 39
get: 1496270098.461635 4 1 39 0x7f8909800330 0x7f51d9e10040 1 -1 16 1354 53
get: 1496270098.461792 4 1 39 0x7f8909800350 0x7f51d9e17020 1 -1 16 1354 53
get: 1496270098.461908 4 1 39 0x7f89097fff28 0x7f51da40e160 1 -1 8 492 26
get: 1496270098.462029 4 1 39 0x7f89097fff30 0x7f51da40e158 1 -1 8 492 26
get: 1496270098.462144 4 1 39 0x7f8909800380 0x7f51d9e17068 1 -1 16 1354 53
get: 1496270098.462252 4 1 39 0x7f8909800340 0x7f51d9e1c000 1 -1 16 1354 53
get: 1496270098.462381 4 1 39 0x7f8909800350 0x7f51d9e17020 1 -1 16 1354 53
get: 1496270098.462531 4 1 39 0x7f89097fff28 0x7f51da40e160 1 -1 8 492 26
get: 1496270098.462668 4 1 39 0x7f89097fff30 0x7f51da40e158 1 -1 8 492 26
get: 1496270098.462797 4 1 39 0x7f8909800380 0x7f51d9e17068 1 -1 16 1354 53
get: 1496270098.462936 4 1 39 0x7f8909800340 0x7f51d9e1c010 1 -1 16 1354 53
get: 1496270098.463069 4 1 39 0x7f8909800350 0x7f51d9e17020 1 -1 16 1354 53
get: 1496270098.463177 4 1 39 0x7f89097fff28 0x7f51da40e160 1 -1 8 492 26
get: 1496270098.463292 4 1 39 0x7f89097fff30 0x7f51da40e158 1 -1 8 492 26
get: 1496270098.463437 4 1 39 0x7f8909800380 0x7f51d9e17068 1 -1 16 1354 53
get: 1496270098.463542 4 1 39 0x7f8909800340 0x7f51d9e1c020 1 -1 16 1354 53
get: 1496270098.463657 4 1 39 0x7f8909800350 0x7f51d9e17020 1 -1 16 1354 53
get: 1496270098.463771 4 1 39 0x7f89097fff28 0x7f51da40e160 1 -1 8 492 26
get: 1496270098.463913 4 1 39 0x7f89097fff30 0x7f51da40e158 1 -1 8 492 26
get: 1496270098.464030 4 1 39 0x7f8909800380 0x7f51d9e17068 1 -1 16 1354 53
get: 1496270098.464140 4 1 39 0x7f8909800340 0x7f51d9e1c030 1 -1 16 1354 53
get: 1496270098.464287 4 1 39 0x7f8909800350 0x7f51d9e17020 1 -1 16 1354 53
get: 1496270098.464430 4 1 39 0x7f89097fff28 0x7f51da40e160 1 -1 8 492 26
get: 1496270098.464549 4 1 39 0x7f89097fff30 0x7f51da40e158 1 -1 8 492 26
get: 1496270098.464702 4 1 39 0x7f8909800380 0x7f51d9e17068 1 -1 16 1354 53
get: 1496270098.464825 4 1 39 0x7f8909800340 0x7f51d9e1c040 1 -1 16 1354 53
get: 1496270098.464992 4 1 39 0x7f8909800350 0x7f51d9e17020 1 -1 16 1354 53
get: 1496270098.465101 4 1 39 0x7f89097fff28 0x7f51da40e160 1 -1 8 492 26
get: 1496270098.465221 4 1 39 0x7f89097fff30 0x7f51da40e158 1 -1 8 492 26
get: 1496270098.465275 4 1 39 0x7f8909800380 0x7f51d9e17068 1 -1 16 1354 53
get: 1496270098.465323 4 1 39 0x7f8909800340 0x7f51d9e1c050 1 -1 16 1354 53
get: 1496270098.465442 4 1 39 0x7f8909800350 0x7f51d9e17020 1 -1 16 1354 53
get: 1496270098.465547 4 1 39 0x7f89097fff28 0x7f51da40e160 1 -1 8 492 26
get: 1496270098.465695 4 1 39 0x7f89097fff30 0x7f51da40e158 1 -1 8 492 26
get: 1496270098.465803 4 1 39 0x7f8909800380 0x7f51d9e17068 1 -1 16 1354 53
get: 1496270098.465906 4 1 39 0x7f8909800340 0x7f51d9e1c060 1 -1 16 1354 53
get: 1496270098.466047 4 1 39 0x7f8909800350 0x7f51d9e17020 1 -1 16 1354 53
get: 1496270098.466152 4 1 39 0x7f89097fff28 0x7f51da40e160 1 -1 8 492 26
get: 1496270098.466269 4 1 39 0x7f89097fff30 0x7f51da40e158 1 -1 8 492 26
get: 1496270098.466408 4 1 39 0x7f8909800380 0x7f51d9e17068 1 -1 16 1354 53
get: 1496270098.466527 4 1 39 0x7f8909800340 0x7f51d9e1c070 1 -1 16 1354 53
get: 1496270098.466689 4 1 39 0x7f8909800350 0x7f51d9e17020 1 -1 16 1354 53
get: 1496270098.466822 4 1 39 0x7f89097fff28 0x7f51da40e160 1 -1 8 492 26
get: 1496270098.466976 4 1 39 0x7f89097fff30 0x7f51da40e158 1 -1 8 492 26
get: 1496270098.467074 4 1 39 0x7f8909800380 0x7f51d9e17068 1 -1 16 1354 53
get: 1496270098.467219 4 1 39 0x7f8909800340 0x7f51d9e1c080 1 -1 16 1354 53
get: 1496270098.467334 4 1 39 0x7f8909800350 0x7f51d9e17020 1 -1 16 1354 53
get: 1496270098.467452 4 1 39 0x7f89097fff28 0x7f51da40e160 1 -1 8 492 26
get: 1496270098.467629 4 1 39 0x7f89097fff30 0x7f51da40e158 1 -1 8 492 26
get: 1496270098.467747 4 1 39 0x7f8909800380 0x7f51d9e17068 1 -1 16 1354 53
get: 1496270098.467881 4 1 39 0x7f8909800340 0x7f51d9e1c090 1 -1 16 1354 53
get: 1496270098.468006 4 1 39 0x7f8909800350 0x7f51d9e17020 1 -1 16 1354 53
get: 1496270098.468141 4 1 39 0x7f89097fff28 0x7f51da40e160 1 -1 8 492 26
get: 1496270098.468266 4 1 39 0x7f89097fff30 0x7f51da40e158 1 -1 8 492 26
get: 1496270098.468404 4 1 39 0x7f8909800380 0x7f51d9e17068 1 -1 16 1354 53
get: 1496270098.468545 4 1 39 0x7f8909800340 0x7f51d9e1c0a0 1 -1 16 1354 53
get: 1496270098.468681 4 1 39 0x7f8909800350 0x7f51d9e17020 1 -1 16 1354 53
get: 1496270098.468834 4 1 39 0x7f89097fff28 0x7f51da40e160 1 -1 8 492 26
get: 1496270098.468934 4 1 39 0x7f89097fff30 0x7f51da40e158 1 -1 8 492 26
get: 1496270098.469056 4 1 39 0x7f8909800380 0x7f51d9e17068 1 -1 16 1354 53
get: 1496270098.469193 4 1 39 0x7f8909800340 0x7f51d9e1c0b0 1 -1 16 1354 53
get: 1496270098.469347 4 1 39 0x7f8909800350 0x7f51d9e17020 1 -1 16 1354 53
get: 1496270098.469473 4 1 39 0x7f89097fff28 0x7f51da40e160 1 -1 8 492 26
get: 1496270098.469585 4 1 39 0x7f89097fff30 0x7f51da40e158 1 -1 8 492 26
get: 1496270098.469741 4 1 39 0x7f8909800380 0x7f51d9e17068 1 -1 16 1354 53
get: 1496270098.469900 4 1 39 0x7f8909800340 0x7f51d9e1c0c0 1 -1 16 1354 53
get: 1496270098.470045 4 1 39 0x7f8909800350 0x7f51d9e17020 1 -1 16 1354 53
get: 1496270098.470168 4 1 39 0x7f89097fff28 0x7f51da40e160 1 -1 8 492 26
get: 1496270098.470295 4 1 39 0x7f89097fff30 0x7f51da40e158 1 -1 8 492 26
get: 1496270098.470414 4 1 39 0x7f8909800380 0x7f51d9e17068 1 -1 16 1354 53
get: 1496270098.470535 4 1 39 0x7f8909800340 0x7f51d9e1c0d0 1 -1 16 1354 53
get: 1496270098.470658 4 1 39 0x7f8909800350 0x7f51d9e17020 1 -1 16 1354 53
get: 1496270098.470805 4 1 39 0x7f89097fff28 0x7f51da40e160 1 -1 8 492 26
get: 1496270098.470931 4 1 39 0x7f89097fff30 0x7f51da40e158 1 -1 8 492 26
get: 1496270098.471065 4 1 39 0x7f8909800380 0x7f51d9e17068 1 -1 16 1354 53
get: 1496270098.471185 4 1 39 0x7f8909800340 0x7f51d9e1c0e0 1 -1 16 1354 53
get: 1496270098.471325 4 1 39 0x7f8909800350 0x7f51d9e17020 1 -1 16 1354 53
get: 1496270098.471418 4 1 39 0x7f89097fff28 0x7f51da40e160 1 -1 8 492 26
get: 1496270098.471543 4 1 39 0x7f89097fff30 0x7f51da40e158 1 -1 8 492 26
get: 1496270098.471641 4 1 39 0x7f8909800380 0x7f51d9e17068 1 -1 16 1354 53
get: 1496270098.471767 4 1 39 0x7f8909800340 0x7f51d9e1c0f0 1 -1 16 1354 53
task: 1496270098.471892 4 40 39 L 215 28 24
task: 1496270098.471900 4 41 39 L 218 28 31
Btask: 1496270098.471959 4 41
Btask: 1496270098.471959 4 40
fork: 1496270098.471986 4 10 -2 32 0x7f8937003e10 136 41 
fork: 1496270098.471993 4 9 -2 28 0x7f8936800e10 136 40 
Etask: 1496270098.481542 4 40
Etask: 1496270098.482829 4 41
Etask: 1496270098.482844 4 39
task: 1496270098.519188 4 42 1 O 0 -5 158
Btask: 1496270098.519315 4 42
VdbMark: 1496270098.519327 4 42
task: 1496270098.519335 4 43 42 L 98 52 157
task: 1496270098.519343 4 44 42 L 98 52 157
Btask: 1496270098.519368 4 43
fork: 1496270098.519395 4 6 -2 158 0x7f8931800dd0 168 43 
Btask: 1496270098.519398 4 44
fork: 1496270098.519412 4 5 -2 158 0x7f8927800dd0 168 44 
Etask: 1496270098.519870 4 44
Etask: 1496270098.520442 4 43
Tag: 1496270098.520444 1.612000 0.860000 4 42 2
Etask: 1496270098.520475 4 42
task: 1496270098.527320 4 45 11 O 0 -5 164
Btask: 1496270098.527422 4 45
f_executeOn: 1496270098.527471 4 0 -2 18 0x7f88ff600e20 112 45
Etask: 1496270098.527654 4 45
task: 1496270098.534599 4 46 11 O 0 -5 158
Btask: 1496270098.534636 4 46
VdbMark: 1496270098.534652 4 46
task: 1496270098.534664 4 47 46 L 98 52 157
task: 1496270098.534674 4 48 46 L 98 52 157
Btask: 1496270098.534709 4 48
Btask: 1496270098.534711 4 47
fork: 1496270098.534716 4 5 -2 158 0x7f8931800dd0 168 48 
fork: 1496270098.534722 4 6 -2 158 0x7f8937003dd0 168 47 
Etask: 1496270098.535116 4 48
Etask: 1496270098.535316 4 47
Tag: 1496270098.535318 1.640000 0.872000 4 46 3
Etask: 1496270098.535365 4 46
task: 1496270098.578896 4 49 11 O 0 -5 158
Btask: 1496270098.578939 4 49
VdbMark: 1496270098.578972 4 49
task: 1496270098.578990 4 50 49 L 98 52 157
task: 1496270098.579004 4 51 49 L 98 52 157
Btask: 1496270098.579016 4 50
fork: 1496270098.579024 4 6 -2 158 0x7f8931800dd0 168 50 
Btask: 1496270098.579064 4 51
fork: 1496270098.579077 4 5 -2 158 0x7f8927800dd0 168 51 
Etask: 1496270098.579413 4 51
Etask: 1496270098.579729 4 50
Tag: 1496270098.579732 1.704000 0.904000 4 49 4
Etask: 1496270098.579773 4 49
task: 1496270098.587095 4 52 11 O 0 -5 162
Btask: 1496270098.587118 4 52
get: 1496270098.587134 4 1 52 0x7f8931800a80 0x7f51dac1d020 1 -1 8 31 51
get: 1496270098.587302 4 1 52 0x7f8931800a90 0x7f51dac1d028 1 -1 16 31 51
task: 1496270098.587446 4 53 52 L 30 51 159
task: 1496270098.587456 4 54 52 L 32 51 161
Btask: 1496270098.587488 4 54
fork: 1496270098.587498 4 10 -2 162 0x7f8937003e60 104 54 
Btask: 1496270098.587504 4 53
fork: 1496270098.587518 4 9 -2 160 0x7f8936800e60 104 53 
Etask: 1496270098.588628 4 54
Etask: 1496270098.588630 4 53
Etask: 1496270098.588646 4 52
task: 1496270098.594557 4 55 1 O 0 -5 158
Btask: 1496270098.594588 4 55
VdbMark: 1496270098.594595 4 55
task: 1496270098.594602 4 56 55 L 98 52 157
task: 1496270098.594612 4 57 55 L 98 52 157
Btask: 1496270098.594630 4 56
fork: 1496270098.594637 4 6 -2 158 0x7f8922800dd0 168 56 
Btask: 1496270098.594642 4 57
fork: 1496270098.594656 4 5 -2 158 0x7f891d800dd0 168 57 
Etask: 1496270098.594925 4 57
Etask: 1496270098.595115 4 56
Tag: 1496270098.595116 1.744000 0.916000 4 55 5
Etask: 1496270098.595143 4 55
task: 1496270098.604994 4 58 1 O 0 -5 158
Btask: 1496270098.605024 4 58
VdbMark: 1496270098.605031 4 58
task: 1496270098.605038 4 59 58 L 98 52 157
task: 1496270098.605045 4 60 58 L 98 52 157
Btask: 1496270098.605098 4 59
fork: 1496270098.605113 4 6 -2 158 0x7f8931800dd0 168 59 
Btask: 1496270098.605115 4 60
fork: 1496270098.605128 4 5 -2 158 0x7f8927800dd0 168 60 
Etask: 1496270098.605410 4 60
Etask: 1496270098.605858 4 59
Tag: 1496270098.605860 1.768000 0.920000 4 58 6
Etask: 1496270098.605885 4 58
task: 1496270098.609673 4 61 1 O 0 -5 168
Btask: 1496270098.609697 4 61
task: 1496270098.609708 4 62 61 L 76 51 165
task: 1496270098.609715 4 63 61 L 78 51 167
task: 1496270098.609719 4 64 61 L 80 51 169
Btask: 1496270098.609739 4 62
Btask: 1496270098.609747 4 64
fork: 1496270098.609750 4 9 -2 166 0x7f8931800e90 72 62 
Etask: 1496270098.609757 4 64
Btask: 1496270098.609782 4 63
fork: 1496270098.609794 4 10 -2 168 0x7f8927800e90 72 63 
Etask: 1496270098.610194 4 62
Etask: 1496270098.610257 4 63
Etask: 1496270098.610274 4 61
task: 1496270098.621613 4 65 11 O 0 -5 158
Btask: 1496270098.621651 4 65
VdbMark: 1496270098.621663 4 65
task: 1496270098.621669 4 66 65 L 98 52 157
task: 1496270098.621676 4 67 65 L 98 52 157
Btask: 1496270098.621701 4 66
Btask: 1496270098.621700 4 67
fork: 1496270098.621710 4 6 -2 158 0x7f8931800dd0 168 66 
fork: 1496270098.621712 4 5 -2 158 0x7f8927800dd0 168 67 
Etask: 1496270098.621947 4 67
Etask: 1496270098.622342 4 66
Tag: 1496270098.622344 1.812000 0.928000 4 65 7
Etask: 1496270098.622369 4 65
task: 1496270098.669670 4 68 1 O 0 -5 158
Btask: 1496270098.669713 4 68
VdbMark: 1496270098.669718 4 68
task: 1496270098.669724 4 69 68 L 98 52 157
task: 1496270098.669730 4 70 68 L 98 52 157
Btask: 1496270098.669754 4 69
fork: 1496270098.669788 4 6 -2 158 0x7f8931800dd0 168 69 
Btask: 1496270098.669810 4 70
fork: 1496270098.669825 4 5 -2 158 0x7f8927800dd0 168 70 
Etask: 1496270098.676802 4 70
Etask: 1496270098.677244 4 69
Tag: 1496270098.677245 1.876000 0.976000 4 68 8
Etask: 1496270098.677270 4 68
task: 1496270098.679610 4 71 1 O 0 -5 171
Btask: 1496270098.679635 4 71
task: 1496270098.679654 4 72 71 L 113 51 170
task: 1496270098.679661 4 73 71 L 113 51 170
Btask: 1496270098.679672 4 72
fork: 1496270098.679678 4 6 -2 171 0x7f8931800e60 96 72 
Btask: 1496270098.679752 4 73
fork: 1496270098.679763 4 5 -2 171 0x7f8927800e60 96 73 
Etask: 1496270098.680049 4 73
Etask: 1496270098.680354 4 72
Etask: 1496270098.680371 4 71
task: 1496270098.686603 4 74 11 O 0 -5 158
Btask: 1496270098.686660 4 74
VdbMark: 1496270098.686672 4 74
task: 1496270098.686678 4 75 74 L 98 52 157
task: 1496270098.686686 4 76 74 L 98 52 157
Btask: 1496270098.686699 4 75
fork: 1496270098.686707 4 6 -2 158 0x7f8931800dd0 168 75 
Btask: 1496270098.686709 4 76
fork: 1496270098.686716 4 5 -2 158 0x7f8927800dd0 168 76 
Etask: 1496270098.687059 4 76
Etask: 1496270098.687478 4 75
Tag: 1496270098.687480 1.900000 0.988000 4 74 9
Etask: 1496270098.687530 4 74
task: 1496270098.722931 4 77 1 O 0 -5 158
Btask: 1496270098.722986 4 77
VdbMark: 1496270098.722998 4 77
task: 1496270098.723005 4 78 77 L 98 52 157
task: 1496270098.723012 4 79 77 L 98 52 157
Btask: 1496270098.723139 4 78
Btask: 1496270098.723150 4 79
fork: 1496270098.723169 4 6 -2 158 0x7f8922800dd0 168 78 
fork: 1496270098.723174 4 5 -2 158 0x7f891d800dd0 168 79 
Etask: 1496270098.723558 4 79
Etask: 1496270098.723927 4 78
Pause: 1496270098.723928 1.960000 1.012000 4 77 9
VdbMark: 1496270098.725823 4 80
Tag: 1496270098.726483 1.972000 1.012000 4 80 10
Etask: 1496270098.726512 4 80
task: 1496270098.752898 4 83 1 O 0 -5 172
Btask: 1496270098.752941 4 83
get: 1496270098.752964 4 0 83 0x7f8936800e80 0x7f55537ffd58 1 -1 8 157 51
get: 1496270098.753247 4 0 83 0x7f8936800e88 0x7f55537ffd58 1 -1 8 157 51
fork: 1496270098.753501 4 6 -2 172 0x7f8936800d90 120 83 
fork: 1496270098.755823 4 5 -2 172 0x7f8936800d90 120 83 
Etask: 1496270098.757121 4 83
task: 1496270098.759783 4 84 11 O 0 -5 158
Btask: 1496270098.759816 4 84
VdbMark: 1496270098.759828 4 84
task: 1496270098.759838 4 85 84 L 98 52 157
task: 1496270098.759850 4 86 84 L 98 52 157
Btask: 1496270098.759899 4 85
fork: 1496270098.759912 4 6 -2 158 0x7f8922800dd0 168 85 
Btask: 1496270098.759920 4 86
fork: 1496270098.759933 4 5 -2 158 0x7f891d800dd0 168 86 
Etask: 1496270098.760236 4 86
Etask: 1496270098.760348 4 85
Tag: 1496270098.760351 2.032000 1.032000 4 84 11
Etask: 1496270098.760391 4 84
task: 1496270098.783684 4 87 1 O 0 -5 158
Btask: 1496270098.783738 4 87
VdbMark: 1496270098.783743 4 87
task: 1496270098.783752 4 88 87 L 98 52 157
task: 1496270098.783757 4 89 87 L 98 52 157
Btask: 1496270098.783808 4 88
Btask: 1496270098.783827 4 89
fork: 1496270098.783834 4 6 -2 158 0x7f8932003dd0 168 88 
fork: 1496270098.783846 4 5 -2 158 0x7f8927800dd0 168 89 
Etask: 1496270098.784213 4 89
Etask: 1496270098.787361 4 88
Pause: 1496270098.787379 2.084000 1.048000 4 87 11
VdbMark: 1496270098.787805 4 90
Tag: 1496270098.788302 2.088000 1.048000 4 90 12
Etask: 1496270098.788337 4 90
task: 1496270098.793626 4 93 1 O 0 -5 174
Btask: 1496270098.793675 4 93
task: 1496270098.793690 4 94 93 L 201 51 173
task: 1496270098.793695 4 95 93 L 201 51 173
Btask: 1496270098.793730 4 95
fork: 1496270098.793737 4 5 -2 174 0x7f891d800e30 120 95 
Btask: 1496270098.793734 4 94
fork: 1496270098.793745 4 6 -2 174 0x7f8923003e30 120 94 
Etask: 1496270098.794494 4 95
Etask: 1496270098.795939 4 94
Etask: 1496270098.795969 4 93
task: 1496270098.806099 4 96 11 O 0 -5 158
Btask: 1496270098.806122 4 96
VdbMark: 1496270098.806129 4 96
task: 1496270098.806136 4 97 96 L 98 52 157
task: 1496270098.806141 4 98 96 L 98 52 157
Btask: 1496270098.806187 4 98
Btask: 1496270098.806191 4 97
fork: 1496270098.806196 4 5 -2 158 0x7f8918800dd0 168 98 
fork: 1496270098.806199 4 6 -2 158 0x7f891e003dd0 168 97 
Etask: 1496270098.808804 4 98
Etask: 1496270098.810864 4 97
End: 1496270098.810883 2.152000 1.048000 4 96
