ChplVdebug: ver 1.2 nodes 16 nid 3 tid 2 seq 56097699490.000 1496270097.703095 0.284000 0.176000 
Etask: 1496270097.704313 3 2
task: 1496270097.729776 3 3 4 O 0 -5 158
Btask: 1496270097.730323 3 3
VdbMark: 1496270097.730739 3 3
Tag: 1496270097.730751 0.312000 0.204000 3 3 0
Etask: 1496270097.730780 3 3
task: 1496270097.753192 3 5 1 O 0 -5 123
Btask: 1496270097.753672 3 5
get: 1496270097.754113 3 0 5 0x7f982a800c50 0x7f5592184348 1 -1 16 451 53
get: 1496270097.754348 3 0 5 0x7f982a800c60 0x7f55921113e0 1 -1 16 451 53
get: 1496270097.754470 3 0 5 0x7f982a800b08 0x7f55921104e0 1 -1 8 492 26
get: 1496270097.754596 3 0 5 0x7f982a800b10 0x7f55921104d8 1 -1 8 492 26
get: 1496270097.754806 3 0 5 0x7f982a800c90 0x7f5592111428 1 -1 16 451 53
put: 1496270097.754938 3 0 5 0x7f982a800cb0 0x7f5592051430 1 -1 16 451 53
f_executeOn: 1496270097.755092 3 0 -2 18 0x7f982a800df0 112 5
Etask: 1496270097.755258 3 5
task: 1496270097.774053 3 6 4 O 0 -5 27
Btask: 1496270097.774643 3 6
get: 1496270097.775198 3 1 6 0x7f98257fff30 0x7f51da40f0a8 1 -1 16 1295 53
get: 1496270097.775356 3 1 6 0x7f98257ffe30 0x7f51da40f088 1 -1 16 1294 53
get: 1496270097.775447 3 1 6 0x7f98257ffe50 0x7f51da417020 1 -1 16 1294 53
get: 1496270097.775525 3 1 6 0x7f98257ff9a8 0x7f51da40e160 1 -1 8 492 26
get: 1496270097.775619 3 1 6 0x7f98257ff9b0 0x7f51da40e158 1 -1 8 492 26
get: 1496270097.775692 3 1 6 0x7f98257ffe80 0x7f51da417068 1 -1 16 1294 53
get: 1496270097.775747 3 1 6 0x7f98257ffe40 0x7f51da420000 1 -1 16 1294 53
get: 1496270097.775823 3 1 6 0x7f98257fff50 0x7f51da4170c0 1 -1 16 1295 53
get: 1496270097.775894 3 1 6 0x7f98257ff9a8 0x7f51da40e160 1 -1 8 492 26
get: 1496270097.775973 3 1 6 0x7f98257ff9b0 0x7f51da40e158 1 -1 8 492 26
get: 1496270097.776079 3 1 6 0x7f98257fff80 0x7f51da417108 1 -1 16 1295 53
get: 1496270097.776215 3 1 6 0x7f98257fff40 0x7f51da420100 1 -1 16 1295 53
get: 1496270097.776289 3 1 6 0x7f98257ffe50 0x7f51da417020 1 -1 16 1294 53
get: 1496270097.776363 3 1 6 0x7f98257ff9a8 0x7f51da40e160 1 -1 8 492 26
get: 1496270097.776434 3 1 6 0x7f98257ff9b0 0x7f51da40e158 1 -1 8 492 26
get: 1496270097.776506 3 1 6 0x7f98257ffe80 0x7f51da417068 1 -1 16 1294 53
get: 1496270097.776598 3 1 6 0x7f98257ffe40 0x7f51da420010 1 -1 16 1294 53
get: 1496270097.776668 3 1 6 0x7f98257fff50 0x7f51da4170c0 1 -1 16 1295 53
get: 1496270097.776742 3 1 6 0x7f98257ff9a8 0x7f51da40e160 1 -1 8 492 26
get: 1496270097.776816 3 1 6 0x7f98257ff9b0 0x7f51da40e158 1 -1 8 492 26
get: 1496270097.777067 3 1 6 0x7f98257fff80 0x7f51da417108 1 -1 16 1295 53
get: 1496270097.777142 3 1 6 0x7f98257fff40 0x7f51da420110 1 -1 16 1295 53
get: 1496270097.777211 3 1 6 0x7f98257ffe50 0x7f51da417020 1 -1 16 1294 53
get: 1496270097.777264 3 1 6 0x7f98257ff9a8 0x7f51da40e160 1 -1 8 492 26
get: 1496270097.777340 3 1 6 0x7f98257ff9b0 0x7f51da40e158 1 -1 8 492 26
get: 1496270097.777410 3 1 6 0x7f98257ffe80 0x7f51da417068 1 -1 16 1294 53
get: 1496270097.777480 3 1 6 0x7f98257ffe40 0x7f51da420020 1 -1 16 1294 53
get: 1496270097.777552 3 1 6 0x7f98257fff50 0x7f51da4170c0 1 -1 16 1295 53
get: 1496270097.777634 3 1 6 0x7f98257ff9a8 0x7f51da40e160 1 -1 8 492 26
get: 1496270097.777725 3 1 6 0x7f98257ff9b0 0x7f51da40e158 1 -1 8 492 26
get: 1496270097.777814 3 1 6 0x7f98257fff80 0x7f51da417108 1 -1 16 1295 53
get: 1496270097.777891 3 1 6 0x7f98257fff40 0x7f51da420120 1 -1 16 1295 53
get: 1496270097.777962 3 1 6 0x7f98257ffe50 0x7f51da417020 1 -1 16 1294 53
get: 1496270097.778013 3 1 6 0x7f98257ff9a8 0x7f51da40e160 1 -1 8 492 26
get: 1496270097.778098 3 1 6 0x7f98257ff9b0 0x7f51da40e158 1 -1 8 492 26
get: 1496270097.778153 3 1 6 0x7f98257ffe80 0x7f51da417068 1 -1 16 1294 53
get: 1496270097.778221 3 1 6 0x7f98257ffe40 0x7f51da420030 1 -1 16 1294 53
get: 1496270097.778293 3 1 6 0x7f98257fff50 0x7f51da4170c0 1 -1 16 1295 53
get: 1496270097.778363 3 1 6 0x7f98257ff9a8 0x7f51da40e160 1 -1 8 492 26
get: 1496270097.778433 3 1 6 0x7f98257ff9b0 0x7f51da40e158 1 -1 8 492 26
get: 1496270097.778484 3 1 6 0x7f98257fff80 0x7f51da417108 1 -1 16 1295 53
get: 1496270097.778555 3 1 6 0x7f98257fff40 0x7f51da420130 1 -1 16 1295 53
get: 1496270097.778632 3 1 6 0x7f98257ffe50 0x7f51da417020 1 -1 16 1294 53
get: 1496270097.778712 3 1 6 0x7f98257ff9a8 0x7f51da40e160 1 -1 8 492 26
get: 1496270097.778789 3 1 6 0x7f98257ff9b0 0x7f51da40e158 1 -1 8 492 26
get: 1496270097.778864 3 1 6 0x7f98257ffe80 0x7f51da417068 1 -1 16 1294 53
get: 1496270097.778939 3 1 6 0x7f98257ffe40 0x7f51da420040 1 -1 16 1294 53
get: 1496270097.779010 3 1 6 0x7f98257fff50 0x7f51da4170c0 1 -1 16 1295 53
get: 1496270097.779079 3 1 6 0x7f98257ff9a8 0x7f51da40e160 1 -1 8 492 26
get: 1496270097.779152 3 1 6 0x7f98257ff9b0 0x7f51da40e158 1 -1 8 492 26
get: 1496270097.779224 3 1 6 0x7f98257fff80 0x7f51da417108 1 -1 16 1295 53
get: 1496270097.779320 3 1 6 0x7f98257fff40 0x7f51da420140 1 -1 16 1295 53
get: 1496270097.779425 3 1 6 0x7f98257ffe50 0x7f51da417020 1 -1 16 1294 53
get: 1496270097.779496 3 1 6 0x7f98257ff9a8 0x7f51da40e160 1 -1 8 492 26
get: 1496270097.779570 3 1 6 0x7f98257ff9b0 0x7f51da40e158 1 -1 8 492 26
get: 1496270097.779642 3 1 6 0x7f98257ffe80 0x7f51da417068 1 -1 16 1294 53
get: 1496270097.779711 3 1 6 0x7f98257ffe40 0x7f51da420050 1 -1 16 1294 53
get: 1496270097.779786 3 1 6 0x7f98257fff50 0x7f51da4170c0 1 -1 16 1295 53
get: 1496270097.779871 3 1 6 0x7f98257ff9a8 0x7f51da40e160 1 -1 8 492 26
get: 1496270097.779947 3 1 6 0x7f98257ff9b0 0x7f51da40e158 1 -1 8 492 26
get: 1496270097.780017 3 1 6 0x7f98257fff80 0x7f51da417108 1 -1 16 1295 53
get: 1496270097.780093 3 1 6 0x7f98257fff40 0x7f51da420150 1 -1 16 1295 53
get: 1496270097.780150 3 1 6 0x7f98257ffe50 0x7f51da417020 1 -1 16 1294 53
get: 1496270097.780240 3 1 6 0x7f98257ff9a8 0x7f51da40e160 1 -1 8 492 26
get: 1496270097.780315 3 1 6 0x7f98257ff9b0 0x7f51da40e158 1 -1 8 492 26
get: 1496270097.780385 3 1 6 0x7f98257ffe80 0x7f51da417068 1 -1 16 1294 53
get: 1496270097.780457 3 1 6 0x7f98257ffe40 0x7f51da420060 1 -1 16 1294 53
get: 1496270097.780528 3 1 6 0x7f98257fff50 0x7f51da4170c0 1 -1 16 1295 53
get: 1496270097.780584 3 1 6 0x7f98257ff9a8 0x7f51da40e160 1 -1 8 492 26
get: 1496270097.780651 3 1 6 0x7f98257ff9b0 0x7f51da40e158 1 -1 8 492 26
get: 1496270097.780767 3 1 6 0x7f98257fff80 0x7f51da417108 1 -1 16 1295 53
get: 1496270097.780848 3 1 6 0x7f98257fff40 0x7f51da420160 1 -1 16 1295 53
get: 1496270097.780929 3 1 6 0x7f98257ffe50 0x7f51da417020 1 -1 16 1294 53
get: 1496270097.781001 3 1 6 0x7f98257ff9a8 0x7f51da40e160 1 -1 8 492 26
get: 1496270097.781074 3 1 6 0x7f98257ff9b0 0x7f51da40e158 1 -1 8 492 26
get: 1496270097.781145 3 1 6 0x7f98257ffe80 0x7f51da417068 1 -1 16 1294 53
get: 1496270097.781218 3 1 6 0x7f98257ffe40 0x7f51da420070 1 -1 16 1294 53
get: 1496270097.781290 3 1 6 0x7f98257fff50 0x7f51da4170c0 1 -1 16 1295 53
get: 1496270097.781362 3 1 6 0x7f98257ff9a8 0x7f51da40e160 1 -1 8 492 26
get: 1496270097.781415 3 1 6 0x7f98257ff9b0 0x7f51da40e158 1 -1 8 492 26
get: 1496270097.781533 3 1 6 0x7f98257fff80 0x7f51da417108 1 -1 16 1295 53
get: 1496270097.781606 3 1 6 0x7f98257fff40 0x7f51da420170 1 -1 16 1295 53
get: 1496270097.781661 3 1 6 0x7f98257ffe50 0x7f51da417020 1 -1 16 1294 53
get: 1496270097.781768 3 1 6 0x7f98257ff9a8 0x7f51da40e160 1 -1 8 492 26
get: 1496270097.781859 3 1 6 0x7f98257ff9b0 0x7f51da40e158 1 -1 8 492 26
get: 1496270097.781950 3 1 6 0x7f98257ffe80 0x7f51da417068 1 -1 16 1294 53
get: 1496270097.782030 3 1 6 0x7f98257ffe40 0x7f51da420080 1 -1 16 1294 53
get: 1496270097.782086 3 1 6 0x7f98257fff50 0x7f51da4170c0 1 -1 16 1295 53
get: 1496270097.782149 3 1 6 0x7f98257ff9a8 0x7f51da40e160 1 -1 8 492 26
get: 1496270097.782221 3 1 6 0x7f98257ff9b0 0x7f51da40e158 1 -1 8 492 26
get: 1496270097.782293 3 1 6 0x7f98257fff80 0x7f51da417108 1 -1 16 1295 53
get: 1496270097.782406 3 1 6 0x7f98257fff40 0x7f51da420180 1 -1 16 1295 53
get: 1496270097.782478 3 1 6 0x7f98257ffe50 0x7f51da417020 1 -1 16 1294 53
get: 1496270097.782535 3 1 6 0x7f98257ff9a8 0x7f51da40e160 1 -1 8 492 26
get: 1496270097.782608 3 1 6 0x7f98257ff9b0 0x7f51da40e158 1 -1 8 492 26
get: 1496270097.782677 3 1 6 0x7f98257ffe80 0x7f51da417068 1 -1 16 1294 53
get: 1496270097.782769 3 1 6 0x7f98257ffe40 0x7f51da420090 1 -1 16 1294 53
get: 1496270097.782842 3 1 6 0x7f98257fff50 0x7f51da4170c0 1 -1 16 1295 53
get: 1496270097.782904 3 1 6 0x7f98257ff9a8 0x7f51da40e160 1 -1 8 492 26
get: 1496270097.782976 3 1 6 0x7f98257ff9b0 0x7f51da40e158 1 -1 8 492 26
get: 1496270097.783045 3 1 6 0x7f98257fff80 0x7f51da417108 1 -1 16 1295 53
get: 1496270097.783157 3 1 6 0x7f98257fff40 0x7f51da420190 1 -1 16 1295 53
get: 1496270097.783228 3 1 6 0x7f98257ffe50 0x7f51da417020 1 -1 16 1294 53
get: 1496270097.783307 3 1 6 0x7f98257ff9a8 0x7f51da40e160 1 -1 8 492 26
get: 1496270097.783385 3 1 6 0x7f98257ff9b0 0x7f51da40e158 1 -1 8 492 26
get: 1496270097.783455 3 1 6 0x7f98257ffe80 0x7f51da417068 1 -1 16 1294 53
get: 1496270097.783525 3 1 6 0x7f98257ffe40 0x7f51da4200a0 1 -1 16 1294 53
get: 1496270097.783594 3 1 6 0x7f98257fff50 0x7f51da4170c0 1 -1 16 1295 53
get: 1496270097.783689 3 1 6 0x7f98257ff9a8 0x7f51da40e160 1 -1 8 492 26
get: 1496270097.783761 3 1 6 0x7f98257ff9b0 0x7f51da40e158 1 -1 8 492 26
get: 1496270097.783871 3 1 6 0x7f98257fff80 0x7f51da417108 1 -1 16 1295 53
get: 1496270097.783940 3 1 6 0x7f98257fff40 0x7f51da4201a0 1 -1 16 1295 53
get: 1496270097.784034 3 1 6 0x7f98257ffe50 0x7f51da417020 1 -1 16 1294 53
get: 1496270097.784195 3 1 6 0x7f98257ff9a8 0x7f51da40e160 1 -1 8 492 26
get: 1496270097.784270 3 1 6 0x7f98257ff9b0 0x7f51da40e158 1 -1 8 492 26
get: 1496270097.784345 3 1 6 0x7f98257ffe80 0x7f51da417068 1 -1 16 1294 53
get: 1496270097.784417 3 1 6 0x7f98257ffe40 0x7f51da4200b0 1 -1 16 1294 53
get: 1496270097.784489 3 1 6 0x7f98257fff50 0x7f51da4170c0 1 -1 16 1295 53
get: 1496270097.784560 3 1 6 0x7f98257ff9a8 0x7f51da40e160 1 -1 8 492 26
get: 1496270097.784629 3 1 6 0x7f98257ff9b0 0x7f51da40e158 1 -1 8 492 26
get: 1496270097.784706 3 1 6 0x7f98257fff80 0x7f51da417108 1 -1 16 1295 53
get: 1496270097.784868 3 1 6 0x7f98257fff40 0x7f51da4201b0 1 -1 16 1295 53
get: 1496270097.784926 3 1 6 0x7f98257ffe50 0x7f51da417020 1 -1 16 1294 53
get: 1496270097.785000 3 1 6 0x7f98257ff9a8 0x7f51da40e160 1 -1 8 492 26
get: 1496270097.785131 3 1 6 0x7f98257ff9b0 0x7f51da40e158 1 -1 8 492 26
get: 1496270097.785202 3 1 6 0x7f98257ffe80 0x7f51da417068 1 -1 16 1294 53
get: 1496270097.785254 3 1 6 0x7f98257ffe40 0x7f51da4200c0 1 -1 16 1294 53
get: 1496270097.785326 3 1 6 0x7f98257fff50 0x7f51da4170c0 1 -1 16 1295 53
get: 1496270097.785377 3 1 6 0x7f98257ff9a8 0x7f51da40e160 1 -1 8 492 26
get: 1496270097.785446 3 1 6 0x7f98257ff9b0 0x7f51da40e158 1 -1 8 492 26
get: 1496270097.785519 3 1 6 0x7f98257fff80 0x7f51da417108 1 -1 16 1295 53
get: 1496270097.785571 3 1 6 0x7f98257fff40 0x7f51da4201c0 1 -1 16 1295 53
get: 1496270097.785641 3 1 6 0x7f98257ffe50 0x7f51da417020 1 -1 16 1294 53
get: 1496270097.785721 3 1 6 0x7f98257ff9a8 0x7f51da40e160 1 -1 8 492 26
get: 1496270097.785792 3 1 6 0x7f98257ff9b0 0x7f51da40e158 1 -1 8 492 26
get: 1496270097.785848 3 1 6 0x7f98257ffe80 0x7f51da417068 1 -1 16 1294 53
get: 1496270097.785923 3 1 6 0x7f98257ffe40 0x7f51da4200d0 1 -1 16 1294 53
get: 1496270097.785977 3 1 6 0x7f98257fff50 0x7f51da4170c0 1 -1 16 1295 53
get: 1496270097.786051 3 1 6 0x7f98257ff9a8 0x7f51da40e160 1 -1 8 492 26
get: 1496270097.786105 3 1 6 0x7f98257ff9b0 0x7f51da40e158 1 -1 8 492 26
get: 1496270097.786173 3 1 6 0x7f98257fff80 0x7f51da417108 1 -1 16 1295 53
get: 1496270097.786241 3 1 6 0x7f98257fff40 0x7f51da4201d0 1 -1 16 1295 53
get: 1496270097.786313 3 1 6 0x7f98257ffe50 0x7f51da417020 1 -1 16 1294 53
get: 1496270097.786390 3 1 6 0x7f98257ff9a8 0x7f51da40e160 1 -1 8 492 26
get: 1496270097.786535 3 1 6 0x7f98257ff9b0 0x7f51da40e158 1 -1 8 492 26
get: 1496270097.786616 3 1 6 0x7f98257ffe80 0x7f51da417068 1 -1 16 1294 53
get: 1496270097.786687 3 1 6 0x7f98257ffe40 0x7f51da4200e0 1 -1 16 1294 53
get: 1496270097.786752 3 1 6 0x7f98257fff50 0x7f51da4170c0 1 -1 16 1295 53
get: 1496270097.786824 3 1 6 0x7f98257ff9a8 0x7f51da40e160 1 -1 8 492 26
get: 1496270097.786918 3 1 6 0x7f98257ff9b0 0x7f51da40e158 1 -1 8 492 26
get: 1496270097.786976 3 1 6 0x7f98257fff80 0x7f51da417108 1 -1 16 1295 53
get: 1496270097.787029 3 1 6 0x7f98257fff40 0x7f51da4201e0 1 -1 16 1295 53
get: 1496270097.787102 3 1 6 0x7f98257ffe50 0x7f51da417020 1 -1 16 1294 53
get: 1496270097.787163 3 1 6 0x7f98257ff9a8 0x7f51da40e160 1 -1 8 492 26
get: 1496270097.787233 3 1 6 0x7f98257ff9b0 0x7f51da40e158 1 -1 8 492 26
get: 1496270097.787286 3 1 6 0x7f98257ffe80 0x7f51da417068 1 -1 16 1294 53
get: 1496270097.787354 3 1 6 0x7f98257ffe40 0x7f51da4200f0 1 -1 16 1294 53
get: 1496270097.787410 3 1 6 0x7f98257fff50 0x7f51da4170c0 1 -1 16 1295 53
get: 1496270097.787483 3 1 6 0x7f98257ff9a8 0x7f51da40e160 1 -1 8 492 26
get: 1496270097.787554 3 1 6 0x7f98257ff9b0 0x7f51da40e158 1 -1 8 492 26
get: 1496270097.787623 3 1 6 0x7f98257fff80 0x7f51da417108 1 -1 16 1295 53
get: 1496270097.787695 3 1 6 0x7f98257fff40 0x7f51da4201f0 1 -1 16 1295 53
task: 1496270097.787829 3 7 6 L 215 28 23
task: 1496270097.787845 3 8 6 L 218 28 30
Btask: 1496270097.787903 3 7
fork: 1496270097.788336 3 7 -2 27 0x7f983e800dc0 216 7 
Btask: 1496270097.788362 3 8
fork: 1496270097.788377 3 8 -2 33 0x7f983f003dc0 216 8 
Etask: 1496270097.802043 3 8
Etask: 1496270097.829284 3 7
Etask: 1496270097.829316 3 6
task: 1496270097.898852 3 9 1 O 0 -5 125
Btask: 1496270097.899399 3 9
get: 1496270097.899864 3 0 9 0x7f9820600b50 0x7f55921114c0 1 -1 16 933 53
get: 1496270097.900054 3 0 9 0x7f9820600b60 0x7f5592111520 1 -1 16 933 53
get: 1496270097.900209 3 0 9 0x7f98206009c8 0x7f55921104e0 1 -1 8 492 26
get: 1496270097.900341 3 0 9 0x7f98206009d0 0x7f55921104d8 1 -1 8 492 26
get: 1496270097.900414 3 0 9 0x7f9820600b90 0x7f5592111568 1 -1 16 933 53
get: 1496270097.900462 3 0 9 0x7f9820600be0 0x7f55921114a8 1 -1 16 934 53
get: 1496270097.900521 3 0 9 0x7f9820600770 0x7f5592184348 1 -1 16 588 53
get: 1496270097.900608 3 0 9 0x7f9820600790 0x7f55921113e0 1 -1 16 588 53
get: 1496270097.900658 3 0 9 0x7f9820600628 0x7f55921104e0 1 -1 8 492 26
get: 1496270097.900708 3 0 9 0x7f9820600630 0x7f55921104d8 1 -1 8 492 26
get: 1496270097.900760 3 0 9 0x7f98206007c0 0x7f5592111428 1 -1 16 588 53
get: 1496270097.900877 3 0 9 0x7f9820600780 0x7f5592051430 1 -1 16 588 53
get: 1496270097.900990 3 0 9 0x7f9820600640 0x7f55921114e0 1 -1 16 1609 28
get: 1496270097.901076 3 0 9 0x7f98206005b0 0x7f5592110558 1 -1 32 145 26
put: 1496270097.901153 3 0 9 0x7f9820600c20 0x7f5592051530 1 -1 16 933 53
f_executeOn: 1496270097.901226 3 0 -2 18 0x7f9820600e70 112 9
Etask: 1496270097.901277 3 9
task: 1496270097.921214 3 10 1 O 0 -5 26
Btask: 1496270097.921750 3 10
get: 1496270097.922231 3 1 10 0x7f981b400400 0x7f51da00f060 1 -1 16 1332 53
get: 1496270097.922432 3 1 10 0x7f981b400420 0x7f51da00f0c0 1 -1 16 1332 53
get: 1496270097.922576 3 1 10 0x7f981b400048 0x7f51da40e160 1 -1 8 492 26
get: 1496270097.922643 3 1 10 0x7f981b400050 0x7f51da40e158 1 -1 8 492 26
get: 1496270097.922743 3 1 10 0x7f981b400450 0x7f51da00f108 1 -1 16 1332 53
get: 1496270097.922799 3 1 10 0x7f981b400410 0x7f51da014000 1 -1 16 1332 53
get: 1496270097.922903 3 1 10 0x7f981b400420 0x7f51da00f0c0 1 -1 16 1332 53
get: 1496270097.922996 3 1 10 0x7f981b400048 0x7f51da40e160 1 -1 8 492 26
get: 1496270097.923097 3 1 10 0x7f981b400050 0x7f51da40e158 1 -1 8 492 26
get: 1496270097.923144 3 1 10 0x7f981b400450 0x7f51da00f108 1 -1 16 1332 53
get: 1496270097.923195 3 1 10 0x7f981b400410 0x7f51da014010 1 -1 16 1332 53
get: 1496270097.923243 3 1 10 0x7f981b400420 0x7f51da00f0c0 1 -1 16 1332 53
get: 1496270097.923293 3 1 10 0x7f981b400048 0x7f51da40e160 1 -1 8 492 26
get: 1496270097.923346 3 1 10 0x7f981b400050 0x7f51da40e158 1 -1 8 492 26
get: 1496270097.923442 3 1 10 0x7f981b400450 0x7f51da00f108 1 -1 16 1332 53
get: 1496270097.923495 3 1 10 0x7f981b400410 0x7f51da014020 1 -1 16 1332 53
get: 1496270097.923557 3 1 10 0x7f981b400420 0x7f51da00f0c0 1 -1 16 1332 53
get: 1496270097.923610 3 1 10 0x7f981b400048 0x7f51da40e160 1 -1 8 492 26
get: 1496270097.923673 3 1 10 0x7f981b400050 0x7f51da40e158 1 -1 8 492 26
get: 1496270097.923741 3 1 10 0x7f981b400450 0x7f51da00f108 1 -1 16 1332 53
get: 1496270097.923792 3 1 10 0x7f981b400410 0x7f51da014030 1 -1 16 1332 53
get: 1496270097.923857 3 1 10 0x7f981b400420 0x7f51da00f0c0 1 -1 16 1332 53
get: 1496270097.923909 3 1 10 0x7f981b400048 0x7f51da40e160 1 -1 8 492 26
get: 1496270097.924016 3 1 10 0x7f981b400050 0x7f51da40e158 1 -1 8 492 26
get: 1496270097.924063 3 1 10 0x7f981b400450 0x7f51da00f108 1 -1 16 1332 53
get: 1496270097.924132 3 1 10 0x7f981b400410 0x7f51da014040 1 -1 16 1332 53
get: 1496270097.924267 3 1 10 0x7f981b400420 0x7f51da00f0c0 1 -1 16 1332 53
get: 1496270097.924347 3 1 10 0x7f981b400048 0x7f51da40e160 1 -1 8 492 26
get: 1496270097.924433 3 1 10 0x7f981b400050 0x7f51da40e158 1 -1 8 492 26
get: 1496270097.924481 3 1 10 0x7f981b400450 0x7f51da00f108 1 -1 16 1332 53
get: 1496270097.924532 3 1 10 0x7f981b400410 0x7f51da014050 1 -1 16 1332 53
get: 1496270097.924628 3 1 10 0x7f981b400420 0x7f51da00f0c0 1 -1 16 1332 53
get: 1496270097.924687 3 1 10 0x7f981b400048 0x7f51da40e160 1 -1 8 492 26
get: 1496270097.924764 3 1 10 0x7f981b400050 0x7f51da40e158 1 -1 8 492 26
get: 1496270097.924862 3 1 10 0x7f981b400450 0x7f51da00f108 1 -1 16 1332 53
get: 1496270097.924973 3 1 10 0x7f981b400410 0x7f51da014060 1 -1 16 1332 53
get: 1496270097.925019 3 1 10 0x7f981b400420 0x7f51da00f0c0 1 -1 16 1332 53
get: 1496270097.925071 3 1 10 0x7f981b400048 0x7f51da40e160 1 -1 8 492 26
get: 1496270097.925117 3 1 10 0x7f981b400050 0x7f51da40e158 1 -1 8 492 26
get: 1496270097.925168 3 1 10 0x7f981b400450 0x7f51da00f108 1 -1 16 1332 53
get: 1496270097.925217 3 1 10 0x7f981b400410 0x7f51da014070 1 -1 16 1332 53
get: 1496270097.925266 3 1 10 0x7f981b400420 0x7f51da00f0c0 1 -1 16 1332 53
get: 1496270097.925315 3 1 10 0x7f981b400048 0x7f51da40e160 1 -1 8 492 26
get: 1496270097.925364 3 1 10 0x7f981b400050 0x7f51da40e158 1 -1 8 492 26
get: 1496270097.925414 3 1 10 0x7f981b400450 0x7f51da00f108 1 -1 16 1332 53
get: 1496270097.925462 3 1 10 0x7f981b400410 0x7f51da014080 1 -1 16 1332 53
get: 1496270097.925510 3 1 10 0x7f981b400420 0x7f51da00f0c0 1 -1 16 1332 53
get: 1496270097.925568 3 1 10 0x7f981b400048 0x7f51da40e160 1 -1 8 492 26
get: 1496270097.925632 3 1 10 0x7f981b400050 0x7f51da40e158 1 -1 8 492 26
get: 1496270097.925681 3 1 10 0x7f981b400450 0x7f51da00f108 1 -1 16 1332 53
get: 1496270097.925744 3 1 10 0x7f981b400410 0x7f51da014090 1 -1 16 1332 53
get: 1496270097.925816 3 1 10 0x7f981b400420 0x7f51da00f0c0 1 -1 16 1332 53
get: 1496270097.925860 3 1 10 0x7f981b400048 0x7f51da40e160 1 -1 8 492 26
get: 1496270097.925911 3 1 10 0x7f981b400050 0x7f51da40e158 1 -1 8 492 26
get: 1496270097.926040 3 1 10 0x7f981b400450 0x7f51da00f108 1 -1 16 1332 53
get: 1496270097.926144 3 1 10 0x7f981b400410 0x7f51da0140a0 1 -1 16 1332 53
get: 1496270097.926218 3 1 10 0x7f981b400420 0x7f51da00f0c0 1 -1 16 1332 53
get: 1496270097.926301 3 1 10 0x7f981b400048 0x7f51da40e160 1 -1 8 492 26
get: 1496270097.926425 3 1 10 0x7f981b400050 0x7f51da40e158 1 -1 8 492 26
get: 1496270097.926487 3 1 10 0x7f981b400450 0x7f51da00f108 1 -1 16 1332 53
get: 1496270097.926568 3 1 10 0x7f981b400410 0x7f51da0140b0 1 -1 16 1332 53
get: 1496270097.926661 3 1 10 0x7f981b400420 0x7f51da00f0c0 1 -1 16 1332 53
get: 1496270097.926707 3 1 10 0x7f981b400048 0x7f51da40e160 1 -1 8 492 26
get: 1496270097.926779 3 1 10 0x7f981b400050 0x7f51da40e158 1 -1 8 492 26
get: 1496270097.926852 3 1 10 0x7f981b400450 0x7f51da00f108 1 -1 16 1332 53
get: 1496270097.926921 3 1 10 0x7f981b400410 0x7f51da0140c0 1 -1 16 1332 53
get: 1496270097.926984 3 1 10 0x7f981b400420 0x7f51da00f0c0 1 -1 16 1332 53
get: 1496270097.927050 3 1 10 0x7f981b400048 0x7f51da40e160 1 -1 8 492 26
get: 1496270097.927112 3 1 10 0x7f981b400050 0x7f51da40e158 1 -1 8 492 26
get: 1496270097.927221 3 1 10 0x7f981b400450 0x7f51da00f108 1 -1 16 1332 53
get: 1496270097.927291 3 1 10 0x7f981b400410 0x7f51da0140d0 1 -1 16 1332 53
get: 1496270097.927354 3 1 10 0x7f981b400420 0x7f51da00f0c0 1 -1 16 1332 53
get: 1496270097.927406 3 1 10 0x7f981b400048 0x7f51da40e160 1 -1 8 492 26
get: 1496270097.927459 3 1 10 0x7f981b400050 0x7f51da40e158 1 -1 8 492 26
get: 1496270097.927504 3 1 10 0x7f981b400450 0x7f51da00f108 1 -1 16 1332 53
get: 1496270097.927553 3 1 10 0x7f981b400410 0x7f51da0140e0 1 -1 16 1332 53
get: 1496270097.927622 3 1 10 0x7f981b400420 0x7f51da00f0c0 1 -1 16 1332 53
get: 1496270097.927702 3 1 10 0x7f981b400048 0x7f51da40e160 1 -1 8 492 26
get: 1496270097.927774 3 1 10 0x7f981b400050 0x7f51da40e158 1 -1 8 492 26
get: 1496270097.927825 3 1 10 0x7f981b400450 0x7f51da00f108 1 -1 16 1332 53
get: 1496270097.927890 3 1 10 0x7f981b400410 0x7f51da0140f0 1 -1 16 1332 53
task: 1496270097.927967 3 11 10 L 215 28 25
task: 1496270097.927979 3 12 10 L 218 28 29
Btask: 1496270097.928038 3 11
Btask: 1496270097.928050 3 12
fork: 1496270097.928053 3 7 -2 26 0x7f983e800df0 168 11 
fork: 1496270097.928062 3 8 -2 34 0x7f983f003df0 168 12 
Etask: 1496270097.934992 3 12
Etask: 1496270097.949406 3 11
Etask: 1496270097.949431 3 10
task: 1496270097.950709 3 13 4 O 0 -5 126
Btask: 1496270097.951236 3 13
get: 1496270097.951690 3 0 13 0x7f9816200c60 0x7f55921114c0 1 -1 16 939 53
get: 1496270097.951938 3 0 13 0x7f9816200c80 0x7f5592111520 1 -1 16 939 53
get: 1496270097.952033 3 0 13 0x7f9816200b18 0x7f55921104e0 1 -1 8 492 26
get: 1496270097.952162 3 0 13 0x7f9816200b20 0x7f55921104d8 1 -1 8 492 26
get: 1496270097.952257 3 0 13 0x7f9816200cb0 0x7f5592111568 1 -1 16 939 53
get: 1496270097.952353 3 0 13 0x7f9816200c70 0x7f5592051530 1 -1 16 939 53
get: 1496270097.952452 3 0 13 0x7f9816200d20 0x7f55921114a8 1 -1 16 939 53
get: 1496270097.952575 3 0 13 0x7f98162008c0 0x7f5592184348 1 -1 16 588 53
get: 1496270097.952657 3 0 13 0x7f98162008e0 0x7f55921113e0 1 -1 16 588 53
get: 1496270097.952746 3 0 13 0x7f9816200778 0x7f55921104e0 1 -1 8 492 26
get: 1496270097.952872 3 0 13 0x7f9816200780 0x7f55921104d8 1 -1 8 492 26
get: 1496270097.952944 3 0 13 0x7f9816200910 0x7f5592111428 1 -1 16 588 53
get: 1496270097.953040 3 0 13 0x7f98162008d0 0x7f5592051430 1 -1 16 588 53
get: 1496270097.953109 3 0 13 0x7f9816200790 0x7f55921114e0 1 -1 16 1609 28
get: 1496270097.953189 3 0 13 0x7f9816200700 0x7f5592110558 1 -1 32 145 26
f_executeOn: 1496270097.953320 3 0 -2 18 0x7f9816200e70 112 13
Etask: 1496270097.953393 3 13
task: 1496270097.975817 3 14 1 O 0 -5 42
Btask: 1496270097.976346 3 14
get: 1496270097.976785 3 1 14 0x7f9811000720 0x7f51da00f060 1 -1 16 1341 53
get: 1496270097.976943 3 1 14 0x7f9811000740 0x7f51da00f0c0 1 -1 16 1341 53
get: 1496270097.977054 3 1 14 0x7f98110004a8 0x7f51da40e160 1 -1 8 492 26
get: 1496270097.977112 3 1 14 0x7f98110004b0 0x7f51da40e158 1 -1 8 492 26
get: 1496270097.977160 3 1 14 0x7f9811000770 0x7f51da00f108 1 -1 16 1341 53
get: 1496270097.977228 3 1 14 0x7f9811000730 0x7f51da014000 1 -1 16 1341 53
get: 1496270097.977281 3 1 14 0x7f9811000740 0x7f51da00f0c0 1 -1 16 1341 53
get: 1496270097.977350 3 1 14 0x7f98110004a8 0x7f51da40e160 1 -1 8 492 26
get: 1496270097.977399 3 1 14 0x7f98110004b0 0x7f51da40e158 1 -1 8 492 26
get: 1496270097.977450 3 1 14 0x7f9811000770 0x7f51da00f108 1 -1 16 1341 53
get: 1496270097.977497 3 1 14 0x7f9811000730 0x7f51da014010 1 -1 16 1341 53
get: 1496270097.977551 3 1 14 0x7f9811000740 0x7f51da00f0c0 1 -1 16 1341 53
get: 1496270097.977600 3 1 14 0x7f98110004a8 0x7f51da40e160 1 -1 8 492 26
get: 1496270097.977646 3 1 14 0x7f98110004b0 0x7f51da40e158 1 -1 8 492 26
get: 1496270097.977701 3 1 14 0x7f9811000770 0x7f51da00f108 1 -1 16 1341 53
get: 1496270097.977749 3 1 14 0x7f9811000730 0x7f51da014020 1 -1 16 1341 53
get: 1496270097.977801 3 1 14 0x7f9811000740 0x7f51da00f0c0 1 -1 16 1341 53
get: 1496270097.977852 3 1 14 0x7f98110004a8 0x7f51da40e160 1 -1 8 492 26
get: 1496270097.977900 3 1 14 0x7f98110004b0 0x7f51da40e158 1 -1 8 492 26
get: 1496270097.977952 3 1 14 0x7f9811000770 0x7f51da00f108 1 -1 16 1341 53
get: 1496270097.978003 3 1 14 0x7f9811000730 0x7f51da014030 1 -1 16 1341 53
get: 1496270097.978051 3 1 14 0x7f9811000740 0x7f51da00f0c0 1 -1 16 1341 53
get: 1496270097.978110 3 1 14 0x7f98110004a8 0x7f51da40e160 1 -1 8 492 26
get: 1496270097.978155 3 1 14 0x7f98110004b0 0x7f51da40e158 1 -1 8 492 26
get: 1496270097.978208 3 1 14 0x7f9811000770 0x7f51da00f108 1 -1 16 1341 53
get: 1496270097.978257 3 1 14 0x7f9811000730 0x7f51da014040 1 -1 16 1341 53
get: 1496270097.978305 3 1 14 0x7f9811000740 0x7f51da00f0c0 1 -1 16 1341 53
get: 1496270097.978358 3 1 14 0x7f98110004a8 0x7f51da40e160 1 -1 8 492 26
get: 1496270097.978433 3 1 14 0x7f98110004b0 0x7f51da40e158 1 -1 8 492 26
get: 1496270097.978485 3 1 14 0x7f9811000770 0x7f51da00f108 1 -1 16 1341 53
get: 1496270097.978534 3 1 14 0x7f9811000730 0x7f51da014050 1 -1 16 1341 53
get: 1496270097.978587 3 1 14 0x7f9811000740 0x7f51da00f0c0 1 -1 16 1341 53
get: 1496270097.978635 3 1 14 0x7f98110004a8 0x7f51da40e160 1 -1 8 492 26
get: 1496270097.978706 3 1 14 0x7f98110004b0 0x7f51da40e158 1 -1 8 492 26
get: 1496270097.978758 3 1 14 0x7f9811000770 0x7f51da00f108 1 -1 16 1341 53
get: 1496270097.978828 3 1 14 0x7f9811000730 0x7f51da014060 1 -1 16 1341 53
get: 1496270097.978880 3 1 14 0x7f9811000740 0x7f51da00f0c0 1 -1 16 1341 53
get: 1496270097.978930 3 1 14 0x7f98110004a8 0x7f51da40e160 1 -1 8 492 26
get: 1496270097.978995 3 1 14 0x7f98110004b0 0x7f51da40e158 1 -1 8 492 26
get: 1496270097.979050 3 1 14 0x7f9811000770 0x7f51da00f108 1 -1 16 1341 53
get: 1496270097.979117 3 1 14 0x7f9811000730 0x7f51da014070 1 -1 16 1341 53
get: 1496270097.979171 3 1 14 0x7f9811000740 0x7f51da00f0c0 1 -1 16 1341 53
get: 1496270097.979240 3 1 14 0x7f98110004a8 0x7f51da40e160 1 -1 8 492 26
get: 1496270097.979288 3 1 14 0x7f98110004b0 0x7f51da40e158 1 -1 8 492 26
get: 1496270097.979340 3 1 14 0x7f9811000770 0x7f51da00f108 1 -1 16 1341 53
get: 1496270097.979387 3 1 14 0x7f9811000730 0x7f51da014080 1 -1 16 1341 53
get: 1496270097.979440 3 1 14 0x7f9811000740 0x7f51da00f0c0 1 -1 16 1341 53
get: 1496270097.979486 3 1 14 0x7f98110004a8 0x7f51da40e160 1 -1 8 492 26
get: 1496270097.979537 3 1 14 0x7f98110004b0 0x7f51da40e158 1 -1 8 492 26
get: 1496270097.979589 3 1 14 0x7f9811000770 0x7f51da00f108 1 -1 16 1341 53
get: 1496270097.979657 3 1 14 0x7f9811000730 0x7f51da014090 1 -1 16 1341 53
get: 1496270097.979703 3 1 14 0x7f9811000740 0x7f51da00f0c0 1 -1 16 1341 53
get: 1496270097.979755 3 1 14 0x7f98110004a8 0x7f51da40e160 1 -1 8 492 26
get: 1496270097.979809 3 1 14 0x7f98110004b0 0x7f51da40e158 1 -1 8 492 26
get: 1496270097.979858 3 1 14 0x7f9811000770 0x7f51da00f108 1 -1 16 1341 53
get: 1496270097.979910 3 1 14 0x7f9811000730 0x7f51da0140a0 1 -1 16 1341 53
get: 1496270097.979958 3 1 14 0x7f9811000740 0x7f51da00f0c0 1 -1 16 1341 53
get: 1496270097.980007 3 1 14 0x7f98110004a8 0x7f51da40e160 1 -1 8 492 26
get: 1496270097.980059 3 1 14 0x7f98110004b0 0x7f51da40e158 1 -1 8 492 26
get: 1496270097.980110 3 1 14 0x7f9811000770 0x7f51da00f108 1 -1 16 1341 53
get: 1496270097.980156 3 1 14 0x7f9811000730 0x7f51da0140b0 1 -1 16 1341 53
get: 1496270097.980211 3 1 14 0x7f9811000740 0x7f51da00f0c0 1 -1 16 1341 53
get: 1496270097.980282 3 1 14 0x7f98110004a8 0x7f51da40e160 1 -1 8 492 26
get: 1496270097.980330 3 1 14 0x7f98110004b0 0x7f51da40e158 1 -1 8 492 26
get: 1496270097.980378 3 1 14 0x7f9811000770 0x7f51da00f108 1 -1 16 1341 53
get: 1496270097.980427 3 1 14 0x7f9811000730 0x7f51da0140c0 1 -1 16 1341 53
get: 1496270097.980477 3 1 14 0x7f9811000740 0x7f51da00f0c0 1 -1 16 1341 53
get: 1496270097.980526 3 1 14 0x7f98110004a8 0x7f51da40e160 1 -1 8 492 26
get: 1496270097.980578 3 1 14 0x7f98110004b0 0x7f51da40e158 1 -1 8 492 26
get: 1496270097.980626 3 1 14 0x7f9811000770 0x7f51da00f108 1 -1 16 1341 53
get: 1496270097.980675 3 1 14 0x7f9811000730 0x7f51da0140d0 1 -1 16 1341 53
get: 1496270097.980779 3 1 14 0x7f9811000740 0x7f51da00f0c0 1 -1 16 1341 53
get: 1496270097.980826 3 1 14 0x7f98110004a8 0x7f51da40e160 1 -1 8 492 26
get: 1496270097.980893 3 1 14 0x7f98110004b0 0x7f51da40e158 1 -1 8 492 26
get: 1496270097.980942 3 1 14 0x7f9811000770 0x7f51da00f108 1 -1 16 1341 53
get: 1496270097.980992 3 1 14 0x7f9811000730 0x7f51da0140e0 1 -1 16 1341 53
get: 1496270097.981041 3 1 14 0x7f9811000740 0x7f51da00f0c0 1 -1 16 1341 53
get: 1496270097.981107 3 1 14 0x7f98110004a8 0x7f51da40e160 1 -1 8 492 26
get: 1496270097.981159 3 1 14 0x7f98110004b0 0x7f51da40e158 1 -1 8 492 26
get: 1496270097.981232 3 1 14 0x7f9811000770 0x7f51da00f108 1 -1 16 1341 53
get: 1496270097.981300 3 1 14 0x7f9811000730 0x7f51da0140f0 1 -1 16 1341 53
task: 1496270097.981374 3 15 14 L 271 28 41
task: 1496270097.981386 3 16 14 L 274 28 43
Btask: 1496270097.981454 3 16
Btask: 1496270097.981456 3 15
fork: 1496270097.981476 3 8 -2 44 0x7f983f003df0 160 16 
fork: 1496270097.981483 3 7 -2 42 0x7f983e800df0 160 15 
Etask: 1496270097.988625 3 16
Etask: 1496270098.001168 3 15
Etask: 1496270098.001195 3 14
task: 1496270098.016477 3 17 4 O 0 -5 158
Btask: 1496270098.017029 3 17
VdbMark: 1496270098.017491 3 17
Tag: 1496270098.017510 0.788000 0.492000 3 17 1
Etask: 1496270098.017550 3 17
task: 1496270098.024307 3 18 4 O 0 -5 129
Btask: 1496270098.024374 3 18
get: 1496270098.024388 3 0 18 0x7f983e800930 0x7f559201d4f8 1 -1 16 1002 53
get: 1496270098.024518 3 0 18 0x7f983e800650 0x7f55921114c0 1 -1 16 753 53
get: 1496270098.024678 3 0 18 0x7f983e800670 0x7f5592111520 1 -1 16 753 53
get: 1496270098.024791 3 0 18 0x7f983e800528 0x7f55921104e0 1 -1 8 492 26
get: 1496270098.024873 3 0 18 0x7f983e800530 0x7f55921104d8 1 -1 8 492 26
get: 1496270098.024971 3 0 18 0x7f983e8006a0 0x7f5592111568 1 -1 16 753 53
get: 1496270098.025019 3 0 18 0x7f983e800660 0x7f5592051530 1 -1 16 753 53
get: 1496270098.025113 3 0 18 0x7f983e800970 0x7f559201d510 1 -1 16 1003 53
get: 1496270098.025224 3 0 18 0x7f983e800980 0x7f55921115c0 1 -1 16 1003 53
get: 1496270098.025309 3 0 18 0x7f983e800768 0x7f55921104e0 1 -1 8 492 26
get: 1496270098.025412 3 0 18 0x7f983e800770 0x7f55921104d8 1 -1 8 492 26
get: 1496270098.025504 3 0 18 0x7f983e8009b0 0x7f5592111608 1 -1 16 1003 53
put: 1496270098.025630 3 0 18 0x7f983e800a50 0x7f5592051630 1 -1 16 1003 53
f_executeOn: 1496270098.025715 3 0 -2 18 0x7f983e800e70 112 18
Etask: 1496270098.025803 3 18
task: 1496270098.036264 3 19 4 O 0 -5 28
Btask: 1496270098.036293 3 19
get: 1496270098.036330 3 1 19 0x7f983f003330 0x7f51e401a040 1 -1 16 1354 53
get: 1496270098.036402 3 1 19 0x7f983f003350 0x7f51e4011160 1 -1 16 1354 53
get: 1496270098.036542 3 1 19 0x7f983f002f28 0x7f51da40e160 1 -1 8 492 26
get: 1496270098.036615 3 1 19 0x7f983f002f30 0x7f51da40e158 1 -1 8 492 26
get: 1496270098.036662 3 1 19 0x7f983f003380 0x7f51e40111a8 1 -1 16 1354 53
get: 1496270098.036750 3 1 19 0x7f983f003340 0x7f51e4016100 1 -1 16 1354 53
get: 1496270098.036829 3 1 19 0x7f983f003350 0x7f51e4011160 1 -1 16 1354 53
get: 1496270098.036904 3 1 19 0x7f983f002f28 0x7f51da40e160 1 -1 8 492 26
get: 1496270098.036976 3 1 19 0x7f983f002f30 0x7f51da40e158 1 -1 8 492 26
get: 1496270098.037048 3 1 19 0x7f983f003380 0x7f51e40111a8 1 -1 16 1354 53
get: 1496270098.037097 3 1 19 0x7f983f003340 0x7f51e4016110 1 -1 16 1354 53
get: 1496270098.037168 3 1 19 0x7f983f003350 0x7f51e4011160 1 -1 16 1354 53
get: 1496270098.037221 3 1 19 0x7f983f002f28 0x7f51da40e160 1 -1 8 492 26
get: 1496270098.037302 3 1 19 0x7f983f002f30 0x7f51da40e158 1 -1 8 492 26
get: 1496270098.037373 3 1 19 0x7f983f003380 0x7f51e40111a8 1 -1 16 1354 53
get: 1496270098.037432 3 1 19 0x7f983f003340 0x7f51e4016120 1 -1 16 1354 53
get: 1496270098.037504 3 1 19 0x7f983f003350 0x7f51e4011160 1 -1 16 1354 53
get: 1496270098.037555 3 1 19 0x7f983f002f28 0x7f51da40e160 1 -1 8 492 26
get: 1496270098.037640 3 1 19 0x7f983f002f30 0x7f51da40e158 1 -1 8 492 26
get: 1496270098.037698 3 1 19 0x7f983f003380 0x7f51e40111a8 1 -1 16 1354 53
get: 1496270098.037775 3 1 19 0x7f983f003340 0x7f51e4016130 1 -1 16 1354 53
get: 1496270098.037846 3 1 19 0x7f983f003350 0x7f51e4011160 1 -1 16 1354 53
get: 1496270098.037952 3 1 19 0x7f983f002f28 0x7f51da40e160 1 -1 8 492 26
get: 1496270098.038028 3 1 19 0x7f983f002f30 0x7f51da40e158 1 -1 8 492 26
get: 1496270098.038101 3 1 19 0x7f983f003380 0x7f51e40111a8 1 -1 16 1354 53
get: 1496270098.038168 3 1 19 0x7f983f003340 0x7f51e4016140 1 -1 16 1354 53
get: 1496270098.038221 3 1 19 0x7f983f003350 0x7f51e4011160 1 -1 16 1354 53
get: 1496270098.038268 3 1 19 0x7f983f002f28 0x7f51da40e160 1 -1 8 492 26
get: 1496270098.038340 3 1 19 0x7f983f002f30 0x7f51da40e158 1 -1 8 492 26
get: 1496270098.038395 3 1 19 0x7f983f003380 0x7f51e40111a8 1 -1 16 1354 53
get: 1496270098.038463 3 1 19 0x7f983f003340 0x7f51e4016150 1 -1 16 1354 53
get: 1496270098.038571 3 1 19 0x7f983f003350 0x7f51e4011160 1 -1 16 1354 53
get: 1496270098.038682 3 1 19 0x7f983f002f28 0x7f51da40e160 1 -1 8 492 26
get: 1496270098.038740 3 1 19 0x7f983f002f30 0x7f51da40e158 1 -1 8 492 26
get: 1496270098.038823 3 1 19 0x7f983f003380 0x7f51e40111a8 1 -1 16 1354 53
get: 1496270098.038904 3 1 19 0x7f983f003340 0x7f51e4016160 1 -1 16 1354 53
get: 1496270098.038956 3 1 19 0x7f983f003350 0x7f51e4011160 1 -1 16 1354 53
get: 1496270098.039022 3 1 19 0x7f983f002f28 0x7f51da40e160 1 -1 8 492 26
get: 1496270098.039077 3 1 19 0x7f983f002f30 0x7f51da40e158 1 -1 8 492 26
get: 1496270098.039162 3 1 19 0x7f983f003380 0x7f51e40111a8 1 -1 16 1354 53
get: 1496270098.039228 3 1 19 0x7f983f003340 0x7f51e4016170 1 -1 16 1354 53
get: 1496270098.039305 3 1 19 0x7f983f003350 0x7f51e4011160 1 -1 16 1354 53
get: 1496270098.039384 3 1 19 0x7f983f002f28 0x7f51da40e160 1 -1 8 492 26
get: 1496270098.039448 3 1 19 0x7f983f002f30 0x7f51da40e158 1 -1 8 492 26
get: 1496270098.039542 3 1 19 0x7f983f003380 0x7f51e40111a8 1 -1 16 1354 53
get: 1496270098.039614 3 1 19 0x7f983f003340 0x7f51e4016180 1 -1 16 1354 53
get: 1496270098.039710 3 1 19 0x7f983f003350 0x7f51e4011160 1 -1 16 1354 53
get: 1496270098.039798 3 1 19 0x7f983f002f28 0x7f51da40e160 1 -1 8 492 26
get: 1496270098.039863 3 1 19 0x7f983f002f30 0x7f51da40e158 1 -1 8 492 26
get: 1496270098.039931 3 1 19 0x7f983f003380 0x7f51e40111a8 1 -1 16 1354 53
get: 1496270098.039978 3 1 19 0x7f983f003340 0x7f51e4016190 1 -1 16 1354 53
get: 1496270098.040030 3 1 19 0x7f983f003350 0x7f51e4011160 1 -1 16 1354 53
get: 1496270098.040086 3 1 19 0x7f983f002f28 0x7f51da40e160 1 -1 8 492 26
get: 1496270098.040166 3 1 19 0x7f983f002f30 0x7f51da40e158 1 -1 8 492 26
get: 1496270098.040229 3 1 19 0x7f983f003380 0x7f51e40111a8 1 -1 16 1354 53
get: 1496270098.040302 3 1 19 0x7f983f003340 0x7f51e40161a0 1 -1 16 1354 53
get: 1496270098.040371 3 1 19 0x7f983f003350 0x7f51e4011160 1 -1 16 1354 53
get: 1496270098.040431 3 1 19 0x7f983f002f28 0x7f51da40e160 1 -1 8 492 26
get: 1496270098.040501 3 1 19 0x7f983f002f30 0x7f51da40e158 1 -1 8 492 26
get: 1496270098.040569 3 1 19 0x7f983f003380 0x7f51e40111a8 1 -1 16 1354 53
get: 1496270098.040635 3 1 19 0x7f983f003340 0x7f51e40161b0 1 -1 16 1354 53
get: 1496270098.040694 3 1 19 0x7f983f003350 0x7f51e4011160 1 -1 16 1354 53
get: 1496270098.040765 3 1 19 0x7f983f002f28 0x7f51da40e160 1 -1 8 492 26
get: 1496270098.040840 3 1 19 0x7f983f002f30 0x7f51da40e158 1 -1 8 492 26
get: 1496270098.040938 3 1 19 0x7f983f003380 0x7f51e40111a8 1 -1 16 1354 53
get: 1496270098.041012 3 1 19 0x7f983f003340 0x7f51e40161c0 1 -1 16 1354 53
get: 1496270098.041076 3 1 19 0x7f983f003350 0x7f51e4011160 1 -1 16 1354 53
get: 1496270098.041139 3 1 19 0x7f983f002f28 0x7f51da40e160 1 -1 8 492 26
get: 1496270098.041187 3 1 19 0x7f983f002f30 0x7f51da40e158 1 -1 8 492 26
get: 1496270098.041254 3 1 19 0x7f983f003380 0x7f51e40111a8 1 -1 16 1354 53
get: 1496270098.041302 3 1 19 0x7f983f003340 0x7f51e40161d0 1 -1 16 1354 53
get: 1496270098.041356 3 1 19 0x7f983f003350 0x7f51e4011160 1 -1 16 1354 53
get: 1496270098.041440 3 1 19 0x7f983f002f28 0x7f51da40e160 1 -1 8 492 26
get: 1496270098.041512 3 1 19 0x7f983f002f30 0x7f51da40e158 1 -1 8 492 26
get: 1496270098.041566 3 1 19 0x7f983f003380 0x7f51e40111a8 1 -1 16 1354 53
get: 1496270098.041632 3 1 19 0x7f983f003340 0x7f51e40161e0 1 -1 16 1354 53
get: 1496270098.041688 3 1 19 0x7f983f003350 0x7f51e4011160 1 -1 16 1354 53
get: 1496270098.041758 3 1 19 0x7f983f002f28 0x7f51da40e160 1 -1 8 492 26
get: 1496270098.041820 3 1 19 0x7f983f002f30 0x7f51da40e158 1 -1 8 492 26
get: 1496270098.041886 3 1 19 0x7f983f003380 0x7f51e40111a8 1 -1 16 1354 53
get: 1496270098.041942 3 1 19 0x7f983f003340 0x7f51e40161f0 1 -1 16 1354 53
task: 1496270098.042056 3 20 19 L 215 28 24
task: 1496270098.042065 3 21 19 L 218 28 31
Btask: 1496270098.042103 3 21
Btask: 1496270098.042118 3 20
fork: 1496270098.042126 3 8 -2 32 0x7f983f806e10 136 21 
fork: 1496270098.042133 3 7 -2 28 0x7f983e800e10 136 20 
Etask: 1496270098.048187 3 21
Etask: 1496270098.065335 3 20
Etask: 1496270098.065348 3 19
task: 1496270098.065896 3 22 1 O 0 -5 129
Btask: 1496270098.066015 3 22
get: 1496270098.066035 3 0 22 0x7f9839800930 0x7f559201d568 1 -1 16 1002 53
get: 1496270098.066126 3 0 22 0x7f9839800650 0x7f55921114c0 1 -1 16 753 53
get: 1496270098.066262 3 0 22 0x7f9839800670 0x7f5592111520 1 -1 16 753 53
get: 1496270098.066367 3 0 22 0x7f9839800528 0x7f55921104e0 1 -1 8 492 26
get: 1496270098.066523 3 0 22 0x7f9839800530 0x7f55921104d8 1 -1 8 492 26
get: 1496270098.066626 3 0 22 0x7f98398006a0 0x7f5592111568 1 -1 16 753 53
get: 1496270098.066772 3 0 22 0x7f9839800660 0x7f5592051530 1 -1 16 753 53
get: 1496270098.066875 3 0 22 0x7f9839800970 0x7f559201d580 1 -1 16 1003 53
get: 1496270098.066988 3 0 22 0x7f9839800980 0x7f5592111660 1 -1 16 1003 53
get: 1496270098.067061 3 0 22 0x7f9839800768 0x7f55921104e0 1 -1 8 492 26
get: 1496270098.067180 3 0 22 0x7f9839800770 0x7f55921104d8 1 -1 8 492 26
get: 1496270098.067256 3 0 22 0x7f98398009b0 0x7f55921116a8 1 -1 16 1003 53
put: 1496270098.067318 3 0 22 0x7f9839800a50 0x7f5592051730 1 -1 16 1003 53
f_executeOn: 1496270098.067405 3 0 -2 18 0x7f9839800e70 112 22
Etask: 1496270098.067500 3 22
task: 1496270098.080394 3 23 4 O 0 -5 28
Btask: 1496270098.080517 3 23
get: 1496270098.080551 3 1 23 0x7f9834800330 0x7f51daa11040 1 -1 16 1354 53
get: 1496270098.080647 3 1 23 0x7f9834800350 0x7f51daa18020 1 -1 16 1354 53
get: 1496270098.080719 3 1 23 0x7f98347fff28 0x7f51da40e160 1 -1 8 492 26
get: 1496270098.080930 3 1 23 0x7f98347fff30 0x7f51da40e158 1 -1 8 492 26
get: 1496270098.081287 3 1 23 0x7f9834800380 0x7f51daa18068 1 -1 16 1354 53
get: 1496270098.081344 3 1 23 0x7f9834800340 0x7f51daa1d000 1 -1 16 1354 53
get: 1496270098.081445 3 1 23 0x7f9834800350 0x7f51daa18020 1 -1 16 1354 53
get: 1496270098.081799 3 1 23 0x7f98347fff28 0x7f51da40e160 1 -1 8 492 26
get: 1496270098.082123 3 1 23 0x7f98347fff30 0x7f51da40e158 1 -1 8 492 26
get: 1496270098.082214 3 1 23 0x7f9834800380 0x7f51daa18068 1 -1 16 1354 53
get: 1496270098.082471 3 1 23 0x7f9834800340 0x7f51daa1d010 1 -1 16 1354 53
get: 1496270098.083013 3 1 23 0x7f9834800350 0x7f51daa18020 1 -1 16 1354 53
get: 1496270098.083070 3 1 23 0x7f98347fff28 0x7f51da40e160 1 -1 8 492 26
get: 1496270098.083137 3 1 23 0x7f98347fff30 0x7f51da40e158 1 -1 8 492 26
get: 1496270098.083207 3 1 23 0x7f9834800380 0x7f51daa18068 1 -1 16 1354 53
get: 1496270098.083424 3 1 23 0x7f9834800340 0x7f51daa1d020 1 -1 16 1354 53
get: 1496270098.083581 3 1 23 0x7f9834800350 0x7f51daa18020 1 -1 16 1354 53
get: 1496270098.083653 3 1 23 0x7f98347fff28 0x7f51da40e160 1 -1 8 492 26
get: 1496270098.083708 3 1 23 0x7f98347fff30 0x7f51da40e158 1 -1 8 492 26
get: 1496270098.083862 3 1 23 0x7f9834800380 0x7f51daa18068 1 -1 16 1354 53
get: 1496270098.083935 3 1 23 0x7f9834800340 0x7f51daa1d030 1 -1 16 1354 53
get: 1496270098.083984 3 1 23 0x7f9834800350 0x7f51daa18020 1 -1 16 1354 53
get: 1496270098.084078 3 1 23 0x7f98347fff28 0x7f51da40e160 1 -1 8 492 26
get: 1496270098.084155 3 1 23 0x7f98347fff30 0x7f51da40e158 1 -1 8 492 26
get: 1496270098.084382 3 1 23 0x7f9834800380 0x7f51daa18068 1 -1 16 1354 53
get: 1496270098.084435 3 1 23 0x7f9834800340 0x7f51daa1d040 1 -1 16 1354 53
get: 1496270098.084504 3 1 23 0x7f9834800350 0x7f51daa18020 1 -1 16 1354 53
get: 1496270098.084551 3 1 23 0x7f98347fff28 0x7f51da40e160 1 -1 8 492 26
get: 1496270098.084674 3 1 23 0x7f98347fff30 0x7f51da40e158 1 -1 8 492 26
get: 1496270098.084726 3 1 23 0x7f9834800380 0x7f51daa18068 1 -1 16 1354 53
get: 1496270098.084793 3 1 23 0x7f9834800340 0x7f51daa1d050 1 -1 16 1354 53
get: 1496270098.084844 3 1 23 0x7f9834800350 0x7f51daa18020 1 -1 16 1354 53
get: 1496270098.084911 3 1 23 0x7f98347fff28 0x7f51da40e160 1 -1 8 492 26
get: 1496270098.084968 3 1 23 0x7f98347fff30 0x7f51da40e158 1 -1 8 492 26
get: 1496270098.085037 3 1 23 0x7f9834800380 0x7f51daa18068 1 -1 16 1354 53
get: 1496270098.085086 3 1 23 0x7f9834800340 0x7f51daa1d060 1 -1 16 1354 53
get: 1496270098.085258 3 1 23 0x7f9834800350 0x7f51daa18020 1 -1 16 1354 53
get: 1496270098.085675 3 1 23 0x7f98347fff28 0x7f51da40e160 1 -1 8 492 26
get: 1496270098.085933 3 1 23 0x7f98347fff30 0x7f51da40e158 1 -1 8 492 26
get: 1496270098.086025 3 1 23 0x7f9834800380 0x7f51daa18068 1 -1 16 1354 53
get: 1496270098.086730 3 1 23 0x7f9834800340 0x7f51daa1d070 1 -1 16 1354 53
get: 1496270098.086825 3 1 23 0x7f9834800350 0x7f51daa18020 1 -1 16 1354 53
get: 1496270098.086904 3 1 23 0x7f98347fff28 0x7f51da40e160 1 -1 8 492 26
get: 1496270098.086975 3 1 23 0x7f98347fff30 0x7f51da40e158 1 -1 8 492 26
get: 1496270098.087131 3 1 23 0x7f9834800380 0x7f51daa18068 1 -1 16 1354 53
get: 1496270098.087690 3 1 23 0x7f9834800340 0x7f51daa1d080 1 -1 16 1354 53
get: 1496270098.087764 3 1 23 0x7f9834800350 0x7f51daa18020 1 -1 16 1354 53
get: 1496270098.087899 3 1 23 0x7f98347fff28 0x7f51da40e160 1 -1 8 492 26
get: 1496270098.088268 3 1 23 0x7f98347fff30 0x7f51da40e158 1 -1 8 492 26
get: 1496270098.089011 3 1 23 0x7f9834800380 0x7f51daa18068 1 -1 16 1354 53
get: 1496270098.089912 3 1 23 0x7f9834800340 0x7f51daa1d090 1 -1 16 1354 53
get: 1496270098.089985 3 1 23 0x7f9834800350 0x7f51daa18020 1 -1 16 1354 53
get: 1496270098.090055 3 1 23 0x7f98347fff28 0x7f51da40e160 1 -1 8 492 26
get: 1496270098.090171 3 1 23 0x7f98347fff30 0x7f51da40e158 1 -1 8 492 26
get: 1496270098.090284 3 1 23 0x7f9834800380 0x7f51daa18068 1 -1 16 1354 53
get: 1496270098.090355 3 1 23 0x7f9834800340 0x7f51daa1d0a0 1 -1 16 1354 53
get: 1496270098.090404 3 1 23 0x7f9834800350 0x7f51daa18020 1 -1 16 1354 53
get: 1496270098.090476 3 1 23 0x7f98347fff28 0x7f51da40e160 1 -1 8 492 26
get: 1496270098.090528 3 1 23 0x7f98347fff30 0x7f51da40e158 1 -1 8 492 26
get: 1496270098.090595 3 1 23 0x7f9834800380 0x7f51daa18068 1 -1 16 1354 53
get: 1496270098.090647 3 1 23 0x7f9834800340 0x7f51daa1d0b0 1 -1 16 1354 53
get: 1496270098.090765 3 1 23 0x7f9834800350 0x7f51daa18020 1 -1 16 1354 53
get: 1496270098.090821 3 1 23 0x7f98347fff28 0x7f51da40e160 1 -1 8 492 26
get: 1496270098.090929 3 1 23 0x7f98347fff30 0x7f51da40e158 1 -1 8 492 26
get: 1496270098.091008 3 1 23 0x7f9834800380 0x7f51daa18068 1 -1 16 1354 53
get: 1496270098.091195 3 1 23 0x7f9834800340 0x7f51daa1d0c0 1 -1 16 1354 53
get: 1496270098.091251 3 1 23 0x7f9834800350 0x7f51daa18020 1 -1 16 1354 53
get: 1496270098.091315 3 1 23 0x7f98347fff28 0x7f51da40e160 1 -1 8 492 26
get: 1496270098.091387 3 1 23 0x7f98347fff30 0x7f51da40e158 1 -1 8 492 26
get: 1496270098.091541 3 1 23 0x7f9834800380 0x7f51daa18068 1 -1 16 1354 53
get: 1496270098.091620 3 1 23 0x7f9834800340 0x7f51daa1d0d0 1 -1 16 1354 53
get: 1496270098.091670 3 1 23 0x7f9834800350 0x7f51daa18020 1 -1 16 1354 53
get: 1496270098.091736 3 1 23 0x7f98347fff28 0x7f51da40e160 1 -1 8 492 26
get: 1496270098.092618 3 1 23 0x7f98347fff30 0x7f51da40e158 1 -1 8 492 26
get: 1496270098.092693 3 1 23 0x7f9834800380 0x7f51daa18068 1 -1 16 1354 53
get: 1496270098.092755 3 1 23 0x7f9834800340 0x7f51daa1d0e0 1 -1 16 1354 53
get: 1496270098.092833 3 1 23 0x7f9834800350 0x7f51daa18020 1 -1 16 1354 53
get: 1496270098.092906 3 1 23 0x7f98347fff28 0x7f51da40e160 1 -1 8 492 26
get: 1496270098.092953 3 1 23 0x7f98347fff30 0x7f51da40e158 1 -1 8 492 26
get: 1496270098.093384 3 1 23 0x7f9834800380 0x7f51daa18068 1 -1 16 1354 53
get: 1496270098.093453 3 1 23 0x7f9834800340 0x7f51daa1d0f0 1 -1 16 1354 53
task: 1496270098.093525 3 24 23 L 215 28 24
task: 1496270098.093533 3 25 23 L 218 28 31
Btask: 1496270098.093563 3 25
fork: 1496270098.093569 3 8 -2 32 0x7f983f003e10 136 25 
Btask: 1496270098.093581 3 24
fork: 1496270098.093593 3 7 -2 28 0x7f983e800e10 136 24 
Etask: 1496270098.102626 3 25
Etask: 1496270098.113291 3 24
Etask: 1496270098.113304 3 23
task: 1496270098.113947 3 26 1 O 0 -5 129
Btask: 1496270098.114044 3 26
get: 1496270098.114050 3 0 26 0x7f982f800930 0x7f559201d5d8 1 -1 16 1002 53
get: 1496270098.114227 3 0 26 0x7f982f800650 0x7f55921114c0 1 -1 16 753 53
get: 1496270098.114565 3 0 26 0x7f982f800670 0x7f5592111520 1 -1 16 753 53
get: 1496270098.114698 3 0 26 0x7f982f800528 0x7f55921104e0 1 -1 8 492 26
get: 1496270098.114796 3 0 26 0x7f982f800530 0x7f55921104d8 1 -1 8 492 26
get: 1496270098.114851 3 0 26 0x7f982f8006a0 0x7f5592111568 1 -1 16 753 53
get: 1496270098.114999 3 0 26 0x7f982f800660 0x7f5592051530 1 -1 16 753 53
get: 1496270098.115070 3 0 26 0x7f982f800970 0x7f559201d5f0 1 -1 16 1003 53
get: 1496270098.115316 3 0 26 0x7f982f800980 0x7f5592111700 1 -1 16 1003 53
get: 1496270098.115561 3 0 26 0x7f982f800768 0x7f55921104e0 1 -1 8 492 26
get: 1496270098.115884 3 0 26 0x7f982f800770 0x7f55921104d8 1 -1 8 492 26
get: 1496270098.116159 3 0 26 0x7f982f8009b0 0x7f5592111748 1 -1 16 1003 53
put: 1496270098.116267 3 0 26 0x7f982f800a50 0x7f5592051830 1 -1 16 1003 53
f_executeOn: 1496270098.116342 3 0 -2 18 0x7f982f800e70 112 26
Etask: 1496270098.116681 3 26
task: 1496270098.134877 3 27 4 O 0 -5 28
Btask: 1496270098.134985 3 27
get: 1496270098.135008 3 1 27 0x7f982a800330 0x7f51da613040 1 -1 16 1354 53
get: 1496270098.135279 3 1 27 0x7f982a800350 0x7f51da61a020 1 -1 16 1354 53
get: 1496270098.135531 3 1 27 0x7f982a7fff28 0x7f51da40e160 1 -1 8 492 26
get: 1496270098.135601 3 1 27 0x7f982a7fff30 0x7f51da40e158 1 -1 8 492 26
get: 1496270098.135733 3 1 27 0x7f982a800380 0x7f51da61a068 1 -1 16 1354 53
get: 1496270098.135796 3 1 27 0x7f982a800340 0x7f51da61f000 1 -1 16 1354 53
get: 1496270098.135847 3 1 27 0x7f982a800350 0x7f51da61a020 1 -1 16 1354 53
get: 1496270098.135897 3 1 27 0x7f982a7fff28 0x7f51da40e160 1 -1 8 492 26
get: 1496270098.136045 3 1 27 0x7f982a7fff30 0x7f51da40e158 1 -1 8 492 26
get: 1496270098.136167 3 1 27 0x7f982a800380 0x7f51da61a068 1 -1 16 1354 53
get: 1496270098.136218 3 1 27 0x7f982a800340 0x7f51da61f010 1 -1 16 1354 53
get: 1496270098.136271 3 1 27 0x7f982a800350 0x7f51da61a020 1 -1 16 1354 53
get: 1496270098.136324 3 1 27 0x7f982a7fff28 0x7f51da40e160 1 -1 8 492 26
get: 1496270098.136391 3 1 27 0x7f982a7fff30 0x7f51da40e158 1 -1 8 492 26
get: 1496270098.136440 3 1 27 0x7f982a800380 0x7f51da61a068 1 -1 16 1354 53
get: 1496270098.136489 3 1 27 0x7f982a800340 0x7f51da61f020 1 -1 16 1354 53
get: 1496270098.136555 3 1 27 0x7f982a800350 0x7f51da61a020 1 -1 16 1354 53
get: 1496270098.136609 3 1 27 0x7f982a7fff28 0x7f51da40e160 1 -1 8 492 26
get: 1496270098.136675 3 1 27 0x7f982a7fff30 0x7f51da40e158 1 -1 8 492 26
get: 1496270098.136725 3 1 27 0x7f982a800380 0x7f51da61a068 1 -1 16 1354 53
get: 1496270098.136833 3 1 27 0x7f982a800340 0x7f51da61f030 1 -1 16 1354 53
get: 1496270098.137063 3 1 27 0x7f982a800350 0x7f51da61a020 1 -1 16 1354 53
get: 1496270098.137126 3 1 27 0x7f982a7fff28 0x7f51da40e160 1 -1 8 492 26
get: 1496270098.137174 3 1 27 0x7f982a7fff30 0x7f51da40e158 1 -1 8 492 26
get: 1496270098.137222 3 1 27 0x7f982a800380 0x7f51da61a068 1 -1 16 1354 53
get: 1496270098.137375 3 1 27 0x7f982a800340 0x7f51da61f040 1 -1 16 1354 53
get: 1496270098.137654 3 1 27 0x7f982a800350 0x7f51da61a020 1 -1 16 1354 53
get: 1496270098.137728 3 1 27 0x7f982a7fff28 0x7f51da40e160 1 -1 8 492 26
get: 1496270098.137794 3 1 27 0x7f982a7fff30 0x7f51da40e158 1 -1 8 492 26
get: 1496270098.137934 3 1 27 0x7f982a800380 0x7f51da61a068 1 -1 16 1354 53
get: 1496270098.137983 3 1 27 0x7f982a800340 0x7f51da61f050 1 -1 16 1354 53
get: 1496270098.138135 3 1 27 0x7f982a800350 0x7f51da61a020 1 -1 16 1354 53
get: 1496270098.138210 3 1 27 0x7f982a7fff28 0x7f51da40e160 1 -1 8 492 26
get: 1496270098.138261 3 1 27 0x7f982a7fff30 0x7f51da40e158 1 -1 8 492 26
get: 1496270098.138371 3 1 27 0x7f982a800380 0x7f51da61a068 1 -1 16 1354 53
get: 1496270098.138438 3 1 27 0x7f982a800340 0x7f51da61f060 1 -1 16 1354 53
get: 1496270098.138488 3 1 27 0x7f982a800350 0x7f51da61a020 1 -1 16 1354 53
get: 1496270098.138637 3 1 27 0x7f982a7fff28 0x7f51da40e160 1 -1 8 492 26
get: 1496270098.138821 3 1 27 0x7f982a7fff30 0x7f51da40e158 1 -1 8 492 26
get: 1496270098.138894 3 1 27 0x7f982a800380 0x7f51da61a068 1 -1 16 1354 53
get: 1496270098.138966 3 1 27 0x7f982a800340 0x7f51da61f070 1 -1 16 1354 53
get: 1496270098.139088 3 1 27 0x7f982a800350 0x7f51da61a020 1 -1 16 1354 53
get: 1496270098.139181 3 1 27 0x7f982a7fff28 0x7f51da40e160 1 -1 8 492 26
get: 1496270098.139231 3 1 27 0x7f982a7fff30 0x7f51da40e158 1 -1 8 492 26
get: 1496270098.139281 3 1 27 0x7f982a800380 0x7f51da61a068 1 -1 16 1354 53
get: 1496270098.139464 3 1 27 0x7f982a800340 0x7f51da61f080 1 -1 16 1354 53
get: 1496270098.139640 3 1 27 0x7f982a800350 0x7f51da61a020 1 -1 16 1354 53
get: 1496270098.139717 3 1 27 0x7f982a7fff28 0x7f51da40e160 1 -1 8 492 26
get: 1496270098.139829 3 1 27 0x7f982a7fff30 0x7f51da40e158 1 -1 8 492 26
get: 1496270098.139886 3 1 27 0x7f982a800380 0x7f51da61a068 1 -1 16 1354 53
get: 1496270098.140315 3 1 27 0x7f982a800340 0x7f51da61f090 1 -1 16 1354 53
get: 1496270098.140396 3 1 27 0x7f982a800350 0x7f51da61a020 1 -1 16 1354 53
get: 1496270098.140548 3 1 27 0x7f982a7fff28 0x7f51da40e160 1 -1 8 492 26
get: 1496270098.140617 3 1 27 0x7f982a7fff30 0x7f51da40e158 1 -1 8 492 26
get: 1496270098.140668 3 1 27 0x7f982a800380 0x7f51da61a068 1 -1 16 1354 53
get: 1496270098.140745 3 1 27 0x7f982a800340 0x7f51da61f0a0 1 -1 16 1354 53
get: 1496270098.140822 3 1 27 0x7f982a800350 0x7f51da61a020 1 -1 16 1354 53
get: 1496270098.140892 3 1 27 0x7f982a7fff28 0x7f51da40e160 1 -1 8 492 26
get: 1496270098.141018 3 1 27 0x7f982a7fff30 0x7f51da40e158 1 -1 8 492 26
get: 1496270098.141111 3 1 27 0x7f982a800380 0x7f51da61a068 1 -1 16 1354 53
get: 1496270098.141645 3 1 27 0x7f982a800340 0x7f51da61f0b0 1 -1 16 1354 53
get: 1496270098.142105 3 1 27 0x7f982a800350 0x7f51da61a020 1 -1 16 1354 53
get: 1496270098.142180 3 1 27 0x7f982a7fff28 0x7f51da40e160 1 -1 8 492 26
get: 1496270098.142279 3 1 27 0x7f982a7fff30 0x7f51da40e158 1 -1 8 492 26
get: 1496270098.142336 3 1 27 0x7f982a800380 0x7f51da61a068 1 -1 16 1354 53
get: 1496270098.142449 3 1 27 0x7f982a800340 0x7f51da61f0c0 1 -1 16 1354 53
get: 1496270098.142797 3 1 27 0x7f982a800350 0x7f51da61a020 1 -1 16 1354 53
get: 1496270098.142856 3 1 27 0x7f982a7fff28 0x7f51da40e160 1 -1 8 492 26
get: 1496270098.142923 3 1 27 0x7f982a7fff30 0x7f51da40e158 1 -1 8 492 26
get: 1496270098.143047 3 1 27 0x7f982a800380 0x7f51da61a068 1 -1 16 1354 53
get: 1496270098.143097 3 1 27 0x7f982a800340 0x7f51da61f0d0 1 -1 16 1354 53
get: 1496270098.143172 3 1 27 0x7f982a800350 0x7f51da61a020 1 -1 16 1354 53
get: 1496270098.143221 3 1 27 0x7f982a7fff28 0x7f51da40e160 1 -1 8 492 26
get: 1496270098.143287 3 1 27 0x7f982a7fff30 0x7f51da40e158 1 -1 8 492 26
get: 1496270098.143374 3 1 27 0x7f982a800380 0x7f51da61a068 1 -1 16 1354 53
get: 1496270098.143610 3 1 27 0x7f982a800340 0x7f51da61f0e0 1 -1 16 1354 53
get: 1496270098.143788 3 1 27 0x7f982a800350 0x7f51da61a020 1 -1 16 1354 53
get: 1496270098.143848 3 1 27 0x7f982a7fff28 0x7f51da40e160 1 -1 8 492 26
get: 1496270098.143915 3 1 27 0x7f982a7fff30 0x7f51da40e158 1 -1 8 492 26
get: 1496270098.143963 3 1 27 0x7f982a800380 0x7f51da61a068 1 -1 16 1354 53
get: 1496270098.144069 3 1 27 0x7f982a800340 0x7f51da61f0f0 1 -1 16 1354 53
task: 1496270098.144132 3 28 27 L 215 28 24
task: 1496270098.144140 3 29 27 L 218 28 31
Btask: 1496270098.144165 3 28
fork: 1496270098.144176 3 7 -2 28 0x7f983e800e10 136 28 
Btask: 1496270098.144197 3 29
fork: 1496270098.144208 3 8 -2 32 0x7f983f003e10 136 29 
Etask: 1496270098.154807 3 29
Etask: 1496270098.191674 3 28
Etask: 1496270098.191715 3 27
task: 1496270098.192343 3 30 4 O 0 -5 129
Btask: 1496270098.192492 3 30
get: 1496270098.192506 3 0 30 0x7f9825800930 0x7f559201d648 1 -1 16 1002 53
get: 1496270098.192617 3 0 30 0x7f9825800650 0x7f55921114c0 1 -1 16 753 53
get: 1496270098.192744 3 0 30 0x7f9825800670 0x7f5592111520 1 -1 16 753 53
get: 1496270098.192870 3 0 30 0x7f9825800528 0x7f55921104e0 1 -1 8 492 26
get: 1496270098.192971 3 0 30 0x7f9825800530 0x7f55921104d8 1 -1 8 492 26
get: 1496270098.193131 3 0 30 0x7f98258006a0 0x7f5592111568 1 -1 16 753 53
get: 1496270098.193259 3 0 30 0x7f9825800660 0x7f5592051530 1 -1 16 753 53
get: 1496270098.193341 3 0 30 0x7f9825800970 0x7f559201d660 1 -1 16 1003 53
get: 1496270098.193453 3 0 30 0x7f9825800980 0x7f55921117a0 1 -1 16 1003 53
get: 1496270098.193536 3 0 30 0x7f9825800768 0x7f55921104e0 1 -1 8 492 26
get: 1496270098.193633 3 0 30 0x7f9825800770 0x7f55921104d8 1 -1 8 492 26
get: 1496270098.193687 3 0 30 0x7f98258009b0 0x7f55921117e8 1 -1 16 1003 53
put: 1496270098.193812 3 0 30 0x7f9825800a50 0x7f5592051930 1 -1 16 1003 53
f_executeOn: 1496270098.193895 3 0 -2 18 0x7f9825800e70 112 30
Etask: 1496270098.193990 3 30
task: 1496270098.227068 3 31 1 O 0 -5 28
Btask: 1496270098.227202 3 31
get: 1496270098.227242 3 1 31 0x7f9820600330 0x7f51da213040 1 -1 16 1354 53
get: 1496270098.227422 3 1 31 0x7f9820600350 0x7f51da21a020 1 -1 16 1354 53
get: 1496270098.227471 3 1 31 0x7f98205fff28 0x7f51da40e160 1 -1 8 492 26
get: 1496270098.227530 3 1 31 0x7f98205fff30 0x7f51da40e158 1 -1 8 492 26
get: 1496270098.227576 3 1 31 0x7f9820600380 0x7f51da21a068 1 -1 16 1354 53
get: 1496270098.227653 3 1 31 0x7f9820600340 0x7f51da21f000 1 -1 16 1354 53
get: 1496270098.227719 3 1 31 0x7f9820600350 0x7f51da21a020 1 -1 16 1354 53
get: 1496270098.227790 3 1 31 0x7f98205fff28 0x7f51da40e160 1 -1 8 492 26
get: 1496270098.227851 3 1 31 0x7f98205fff30 0x7f51da40e158 1 -1 8 492 26
get: 1496270098.227926 3 1 31 0x7f9820600380 0x7f51da21a068 1 -1 16 1354 53
get: 1496270098.227974 3 1 31 0x7f9820600340 0x7f51da21f010 1 -1 16 1354 53
get: 1496270098.228027 3 1 31 0x7f9820600350 0x7f51da21a020 1 -1 16 1354 53
get: 1496270098.228073 3 1 31 0x7f98205fff28 0x7f51da40e160 1 -1 8 492 26
get: 1496270098.228124 3 1 31 0x7f98205fff30 0x7f51da40e158 1 -1 8 492 26
get: 1496270098.228215 3 1 31 0x7f9820600380 0x7f51da21a068 1 -1 16 1354 53
get: 1496270098.228275 3 1 31 0x7f9820600340 0x7f51da21f020 1 -1 16 1354 53
get: 1496270098.228343 3 1 31 0x7f9820600350 0x7f51da21a020 1 -1 16 1354 53
get: 1496270098.228390 3 1 31 0x7f98205fff28 0x7f51da40e160 1 -1 8 492 26
get: 1496270098.228439 3 1 31 0x7f98205fff30 0x7f51da40e158 1 -1 8 492 26
get: 1496270098.228496 3 1 31 0x7f9820600380 0x7f51da21a068 1 -1 16 1354 53
get: 1496270098.228541 3 1 31 0x7f9820600340 0x7f51da21f030 1 -1 16 1354 53
get: 1496270098.228591 3 1 31 0x7f9820600350 0x7f51da21a020 1 -1 16 1354 53
get: 1496270098.228656 3 1 31 0x7f98205fff28 0x7f51da40e160 1 -1 8 492 26
get: 1496270098.228704 3 1 31 0x7f98205fff30 0x7f51da40e158 1 -1 8 492 26
get: 1496270098.228782 3 1 31 0x7f9820600380 0x7f51da21a068 1 -1 16 1354 53
get: 1496270098.228845 3 1 31 0x7f9820600340 0x7f51da21f040 1 -1 16 1354 53
get: 1496270098.228913 3 1 31 0x7f9820600350 0x7f51da21a020 1 -1 16 1354 53
get: 1496270098.228960 3 1 31 0x7f98205fff28 0x7f51da40e160 1 -1 8 492 26
get: 1496270098.229009 3 1 31 0x7f98205fff30 0x7f51da40e158 1 -1 8 492 26
get: 1496270098.229057 3 1 31 0x7f9820600380 0x7f51da21a068 1 -1 16 1354 53
get: 1496270098.229107 3 1 31 0x7f9820600340 0x7f51da21f050 1 -1 16 1354 53
get: 1496270098.229275 3 1 31 0x7f9820600350 0x7f51da21a020 1 -1 16 1354 53
get: 1496270098.229367 3 1 31 0x7f98205fff28 0x7f51da40e160 1 -1 8 492 26
get: 1496270098.229440 3 1 31 0x7f98205fff30 0x7f51da40e158 1 -1 8 492 26
get: 1496270098.229485 3 1 31 0x7f9820600380 0x7f51da21a068 1 -1 16 1354 53
get: 1496270098.229535 3 1 31 0x7f9820600340 0x7f51da21f060 1 -1 16 1354 53
get: 1496270098.229591 3 1 31 0x7f9820600350 0x7f51da21a020 1 -1 16 1354 53
get: 1496270098.229655 3 1 31 0x7f98205fff28 0x7f51da40e160 1 -1 8 492 26
get: 1496270098.229704 3 1 31 0x7f98205fff30 0x7f51da40e158 1 -1 8 492 26
get: 1496270098.229756 3 1 31 0x7f9820600380 0x7f51da21a068 1 -1 16 1354 53
get: 1496270098.229826 3 1 31 0x7f9820600340 0x7f51da21f070 1 -1 16 1354 53
get: 1496270098.229911 3 1 31 0x7f9820600350 0x7f51da21a020 1 -1 16 1354 53
get: 1496270098.229969 3 1 31 0x7f98205fff28 0x7f51da40e160 1 -1 8 492 26
get: 1496270098.230035 3 1 31 0x7f98205fff30 0x7f51da40e158 1 -1 8 492 26
get: 1496270098.230087 3 1 31 0x7f9820600380 0x7f51da21a068 1 -1 16 1354 53
get: 1496270098.230157 3 1 31 0x7f9820600340 0x7f51da21f080 1 -1 16 1354 53
get: 1496270098.230208 3 1 31 0x7f9820600350 0x7f51da21a020 1 -1 16 1354 53
get: 1496270098.230272 3 1 31 0x7f98205fff28 0x7f51da40e160 1 -1 8 492 26
get: 1496270098.230352 3 1 31 0x7f98205fff30 0x7f51da40e158 1 -1 8 492 26
get: 1496270098.230447 3 1 31 0x7f9820600380 0x7f51da21a068 1 -1 16 1354 53
get: 1496270098.230561 3 1 31 0x7f9820600340 0x7f51da21f090 1 -1 16 1354 53
get: 1496270098.230611 3 1 31 0x7f9820600350 0x7f51da21a020 1 -1 16 1354 53
get: 1496270098.230678 3 1 31 0x7f98205fff28 0x7f51da40e160 1 -1 8 492 26
get: 1496270098.230724 3 1 31 0x7f98205fff30 0x7f51da40e158 1 -1 8 492 26
get: 1496270098.230827 3 1 31 0x7f9820600380 0x7f51da21a068 1 -1 16 1354 53
get: 1496270098.230899 3 1 31 0x7f9820600340 0x7f51da21f0a0 1 -1 16 1354 53
get: 1496270098.230965 3 1 31 0x7f9820600350 0x7f51da21a020 1 -1 16 1354 53
get: 1496270098.231065 3 1 31 0x7f98205fff28 0x7f51da40e160 1 -1 8 492 26
get: 1496270098.231109 3 1 31 0x7f98205fff30 0x7f51da40e158 1 -1 8 492 26
get: 1496270098.231220 3 1 31 0x7f9820600380 0x7f51da21a068 1 -1 16 1354 53
get: 1496270098.231293 3 1 31 0x7f9820600340 0x7f51da21f0b0 1 -1 16 1354 53
get: 1496270098.231347 3 1 31 0x7f9820600350 0x7f51da21a020 1 -1 16 1354 53
get: 1496270098.231432 3 1 31 0x7f98205fff28 0x7f51da40e160 1 -1 8 492 26
get: 1496270098.231545 3 1 31 0x7f98205fff30 0x7f51da40e158 1 -1 8 492 26
get: 1496270098.231618 3 1 31 0x7f9820600380 0x7f51da21a068 1 -1 16 1354 53
get: 1496270098.231669 3 1 31 0x7f9820600340 0x7f51da21f0c0 1 -1 16 1354 53
get: 1496270098.231750 3 1 31 0x7f9820600350 0x7f51da21a020 1 -1 16 1354 53
get: 1496270098.231800 3 1 31 0x7f98205fff28 0x7f51da40e160 1 -1 8 492 26
get: 1496270098.231864 3 1 31 0x7f98205fff30 0x7f51da40e158 1 -1 8 492 26
get: 1496270098.231963 3 1 31 0x7f9820600380 0x7f51da21a068 1 -1 16 1354 53
get: 1496270098.232028 3 1 31 0x7f9820600340 0x7f51da21f0d0 1 -1 16 1354 53
get: 1496270098.232078 3 1 31 0x7f9820600350 0x7f51da21a020 1 -1 16 1354 53
get: 1496270098.232126 3 1 31 0x7f98205fff28 0x7f51da40e160 1 -1 8 492 26
get: 1496270098.232179 3 1 31 0x7f98205fff30 0x7f51da40e158 1 -1 8 492 26
get: 1496270098.232259 3 1 31 0x7f9820600380 0x7f51da21a068 1 -1 16 1354 53
get: 1496270098.232313 3 1 31 0x7f9820600340 0x7f51da21f0e0 1 -1 16 1354 53
get: 1496270098.232361 3 1 31 0x7f9820600350 0x7f51da21a020 1 -1 16 1354 53
get: 1496270098.232410 3 1 31 0x7f98205fff28 0x7f51da40e160 1 -1 8 492 26
get: 1496270098.232456 3 1 31 0x7f98205fff30 0x7f51da40e158 1 -1 8 492 26
get: 1496270098.232506 3 1 31 0x7f9820600380 0x7f51da21a068 1 -1 16 1354 53
get: 1496270098.232632 3 1 31 0x7f9820600340 0x7f51da21f0f0 1 -1 16 1354 53
task: 1496270098.232739 3 32 31 L 215 28 24
task: 1496270098.232749 3 33 31 L 218 28 31
Btask: 1496270098.232802 3 32
Btask: 1496270098.232812 3 33
fork: 1496270098.232816 3 7 -2 28 0x7f983e800e10 136 32 
fork: 1496270098.232825 3 8 -2 32 0x7f983f003e10 136 33 
Etask: 1496270098.238979 3 33
Etask: 1496270098.273341 3 32
Etask: 1496270098.273379 3 31
task: 1496270098.451173 3 34 4 O 0 -5 129
Btask: 1496270098.451312 3 34
get: 1496270098.451322 3 0 34 0x7f981b400930 0x7f559201d6b8 1 -1 16 1002 53
get: 1496270098.451419 3 0 34 0x7f981b400650 0x7f55921114c0 1 -1 16 753 53
get: 1496270098.451517 3 0 34 0x7f981b400670 0x7f5592111520 1 -1 16 753 53
get: 1496270098.451611 3 0 34 0x7f981b400528 0x7f55921104e0 1 -1 8 492 26
get: 1496270098.451678 3 0 34 0x7f981b400530 0x7f55921104d8 1 -1 8 492 26
get: 1496270098.451762 3 0 34 0x7f981b4006a0 0x7f5592111568 1 -1 16 753 53
get: 1496270098.451863 3 0 34 0x7f981b400660 0x7f5592051530 1 -1 16 753 53
get: 1496270098.451976 3 0 34 0x7f981b400970 0x7f559201d6d0 1 -1 16 1003 53
get: 1496270098.452066 3 0 34 0x7f981b400980 0x7f5592111840 1 -1 16 1003 53
get: 1496270098.452113 3 0 34 0x7f981b400768 0x7f55921104e0 1 -1 8 492 26
get: 1496270098.452208 3 0 34 0x7f981b400770 0x7f55921104d8 1 -1 8 492 26
get: 1496270098.452266 3 0 34 0x7f981b4009b0 0x7f5592111888 1 -1 16 1003 53
put: 1496270098.452385 3 0 34 0x7f981b400a50 0x7f5592051a30 1 -1 16 1003 53
f_executeOn: 1496270098.452492 3 0 -2 18 0x7f981b400e70 112 34
Etask: 1496270098.452586 3 34
task: 1496270098.461685 3 35 1 O 0 -5 28
Btask: 1496270098.461781 3 35
get: 1496270098.461815 3 1 35 0x7f9816200330 0x7f51d9e10040 1 -1 16 1354 53
get: 1496270098.461915 3 1 35 0x7f9816200350 0x7f51d9e17020 1 -1 16 1354 53
get: 1496270098.462051 3 1 35 0x7f98161fff28 0x7f51da40e160 1 -1 8 492 26
get: 1496270098.462110 3 1 35 0x7f98161fff30 0x7f51da40e158 1 -1 8 492 26
get: 1496270098.462178 3 1 35 0x7f9816200380 0x7f51d9e17068 1 -1 16 1354 53
get: 1496270098.462231 3 1 35 0x7f9816200340 0x7f51d9e1c000 1 -1 16 1354 53
get: 1496270098.462298 3 1 35 0x7f9816200350 0x7f51d9e17020 1 -1 16 1354 53
get: 1496270098.462364 3 1 35 0x7f98161fff28 0x7f51da40e160 1 -1 8 492 26
get: 1496270098.462431 3 1 35 0x7f98161fff30 0x7f51da40e158 1 -1 8 492 26
get: 1496270098.462480 3 1 35 0x7f9816200380 0x7f51d9e17068 1 -1 16 1354 53
get: 1496270098.462528 3 1 35 0x7f9816200340 0x7f51d9e1c010 1 -1 16 1354 53
get: 1496270098.462582 3 1 35 0x7f9816200350 0x7f51d9e17020 1 -1 16 1354 53
get: 1496270098.462694 3 1 35 0x7f98161fff28 0x7f51da40e160 1 -1 8 492 26
get: 1496270098.462743 3 1 35 0x7f98161fff30 0x7f51da40e158 1 -1 8 492 26
get: 1496270098.462790 3 1 35 0x7f9816200380 0x7f51d9e17068 1 -1 16 1354 53
get: 1496270098.462862 3 1 35 0x7f9816200340 0x7f51d9e1c020 1 -1 16 1354 53
get: 1496270098.462912 3 1 35 0x7f9816200350 0x7f51d9e17020 1 -1 16 1354 53
get: 1496270098.462982 3 1 35 0x7f98161fff28 0x7f51da40e160 1 -1 8 492 26
get: 1496270098.463029 3 1 35 0x7f98161fff30 0x7f51da40e158 1 -1 8 492 26
get: 1496270098.463081 3 1 35 0x7f9816200380 0x7f51d9e17068 1 -1 16 1354 53
get: 1496270098.463127 3 1 35 0x7f9816200340 0x7f51d9e1c030 1 -1 16 1354 53
get: 1496270098.463177 3 1 35 0x7f9816200350 0x7f51d9e17020 1 -1 16 1354 53
get: 1496270098.463226 3 1 35 0x7f98161fff28 0x7f51da40e160 1 -1 8 492 26
get: 1496270098.463281 3 1 35 0x7f98161fff30 0x7f51da40e158 1 -1 8 492 26
get: 1496270098.463346 3 1 35 0x7f9816200380 0x7f51d9e17068 1 -1 16 1354 53
get: 1496270098.463397 3 1 35 0x7f9816200340 0x7f51d9e1c040 1 -1 16 1354 53
get: 1496270098.463461 3 1 35 0x7f9816200350 0x7f51d9e17020 1 -1 16 1354 53
get: 1496270098.463512 3 1 35 0x7f98161fff28 0x7f51da40e160 1 -1 8 492 26
get: 1496270098.463577 3 1 35 0x7f98161fff30 0x7f51da40e158 1 -1 8 492 26
get: 1496270098.463626 3 1 35 0x7f9816200380 0x7f51d9e17068 1 -1 16 1354 53
get: 1496270098.463674 3 1 35 0x7f9816200340 0x7f51d9e1c050 1 -1 16 1354 53
get: 1496270098.463724 3 1 35 0x7f9816200350 0x7f51d9e17020 1 -1 16 1354 53
get: 1496270098.463774 3 1 35 0x7f98161fff28 0x7f51da40e160 1 -1 8 492 26
get: 1496270098.463837 3 1 35 0x7f98161fff30 0x7f51da40e158 1 -1 8 492 26
get: 1496270098.463888 3 1 35 0x7f9816200380 0x7f51d9e17068 1 -1 16 1354 53
get: 1496270098.463953 3 1 35 0x7f9816200340 0x7f51d9e1c060 1 -1 16 1354 53
get: 1496270098.464006 3 1 35 0x7f9816200350 0x7f51d9e17020 1 -1 16 1354 53
get: 1496270098.464073 3 1 35 0x7f98161fff28 0x7f51da40e160 1 -1 8 492 26
get: 1496270098.464122 3 1 35 0x7f98161fff30 0x7f51da40e158 1 -1 8 492 26
get: 1496270098.464189 3 1 35 0x7f9816200380 0x7f51d9e17068 1 -1 16 1354 53
get: 1496270098.464235 3 1 35 0x7f9816200340 0x7f51d9e1c070 1 -1 16 1354 53
get: 1496270098.464289 3 1 35 0x7f9816200350 0x7f51d9e17020 1 -1 16 1354 53
get: 1496270098.464334 3 1 35 0x7f98161fff28 0x7f51da40e160 1 -1 8 492 26
get: 1496270098.464384 3 1 35 0x7f98161fff30 0x7f51da40e158 1 -1 8 492 26
get: 1496270098.464451 3 1 35 0x7f9816200380 0x7f51d9e17068 1 -1 16 1354 53
get: 1496270098.464499 3 1 35 0x7f9816200340 0x7f51d9e1c080 1 -1 16 1354 53
get: 1496270098.464549 3 1 35 0x7f9816200350 0x7f51d9e17020 1 -1 16 1354 53
get: 1496270098.464618 3 1 35 0x7f98161fff28 0x7f51da40e160 1 -1 8 492 26
get: 1496270098.464670 3 1 35 0x7f98161fff30 0x7f51da40e158 1 -1 8 492 26
get: 1496270098.464735 3 1 35 0x7f9816200380 0x7f51d9e17068 1 -1 16 1354 53
get: 1496270098.464785 3 1 35 0x7f9816200340 0x7f51d9e1c090 1 -1 16 1354 53
get: 1496270098.464857 3 1 35 0x7f9816200350 0x7f51d9e17020 1 -1 16 1354 53
get: 1496270098.464922 3 1 35 0x7f98161fff28 0x7f51da40e160 1 -1 8 492 26
get: 1496270098.464973 3 1 35 0x7f98161fff30 0x7f51da40e158 1 -1 8 492 26
get: 1496270098.465019 3 1 35 0x7f9816200380 0x7f51d9e17068 1 -1 16 1354 53
get: 1496270098.465072 3 1 35 0x7f9816200340 0x7f51d9e1c0a0 1 -1 16 1354 53
get: 1496270098.465128 3 1 35 0x7f9816200350 0x7f51d9e17020 1 -1 16 1354 53
get: 1496270098.465194 3 1 35 0x7f98161fff28 0x7f51da40e160 1 -1 8 492 26
get: 1496270098.465258 3 1 35 0x7f98161fff30 0x7f51da40e158 1 -1 8 492 26
get: 1496270098.465313 3 1 35 0x7f9816200380 0x7f51d9e17068 1 -1 16 1354 53
get: 1496270098.465403 3 1 35 0x7f9816200340 0x7f51d9e1c0b0 1 -1 16 1354 53
get: 1496270098.465449 3 1 35 0x7f9816200350 0x7f51d9e17020 1 -1 16 1354 53
get: 1496270098.465497 3 1 35 0x7f98161fff28 0x7f51da40e160 1 -1 8 492 26
get: 1496270098.465549 3 1 35 0x7f98161fff30 0x7f51da40e158 1 -1 8 492 26
get: 1496270098.465596 3 1 35 0x7f9816200380 0x7f51d9e17068 1 -1 16 1354 53
get: 1496270098.465648 3 1 35 0x7f9816200340 0x7f51d9e1c0c0 1 -1 16 1354 53
get: 1496270098.465716 3 1 35 0x7f9816200350 0x7f51d9e17020 1 -1 16 1354 53
get: 1496270098.465762 3 1 35 0x7f98161fff28 0x7f51da40e160 1 -1 8 492 26
get: 1496270098.465810 3 1 35 0x7f98161fff30 0x7f51da40e158 1 -1 8 492 26
get: 1496270098.465860 3 1 35 0x7f9816200380 0x7f51d9e17068 1 -1 16 1354 53
get: 1496270098.465912 3 1 35 0x7f9816200340 0x7f51d9e1c0d0 1 -1 16 1354 53
get: 1496270098.465976 3 1 35 0x7f9816200350 0x7f51d9e17020 1 -1 16 1354 53
get: 1496270098.466027 3 1 35 0x7f98161fff28 0x7f51da40e160 1 -1 8 492 26
get: 1496270098.466101 3 1 35 0x7f98161fff30 0x7f51da40e158 1 -1 8 492 26
get: 1496270098.466164 3 1 35 0x7f9816200380 0x7f51d9e17068 1 -1 16 1354 53
get: 1496270098.466215 3 1 35 0x7f9816200340 0x7f51d9e1c0e0 1 -1 16 1354 53
get: 1496270098.466323 3 1 35 0x7f9816200350 0x7f51d9e17020 1 -1 16 1354 53
get: 1496270098.466370 3 1 35 0x7f98161fff28 0x7f51da40e160 1 -1 8 492 26
get: 1496270098.466437 3 1 35 0x7f98161fff30 0x7f51da40e158 1 -1 8 492 26
get: 1496270098.466483 3 1 35 0x7f9816200380 0x7f51d9e17068 1 -1 16 1354 53
get: 1496270098.466531 3 1 35 0x7f9816200340 0x7f51d9e1c0f0 1 -1 16 1354 53
task: 1496270098.466593 3 36 35 L 215 28 24
task: 1496270098.466603 3 37 35 L 218 28 31
Btask: 1496270098.466652 3 36
fork: 1496270098.466665 3 7 -2 28 0x7f983e800e10 136 36 
Btask: 1496270098.466668 3 37
fork: 1496270098.466679 3 8 -2 32 0x7f983f003e10 136 37 
Etask: 1496270098.472358 3 37
Etask: 1496270098.493220 3 36
Etask: 1496270098.493255 3 35
task: 1496270098.519690 3 38 4 O 0 -5 158
Btask: 1496270098.519812 3 38
VdbMark: 1496270098.519826 3 38
Tag: 1496270098.519839 1.696000 0.924000 3 38 2
Etask: 1496270098.519891 3 38
task: 1496270098.527468 3 39 1 O 0 -5 164
Btask: 1496270098.527592 3 39
f_executeOn: 1496270098.527653 3 0 -2 18 0x7f980be00e20 112 39
Etask: 1496270098.527751 3 39
task: 1496270098.534945 3 40 1 O 0 -5 158
Btask: 1496270098.535000 3 40
VdbMark: 1496270098.535012 3 40
Tag: 1496270098.535020 1.720000 0.936000 3 40 3
Etask: 1496270098.535052 3 40
task: 1496270098.579185 3 41 1 O 0 -5 158
Btask: 1496270098.579233 3 41
VdbMark: 1496270098.579246 3 41
Tag: 1496270098.579267 1.764000 0.984000 3 41 4
Etask: 1496270098.579291 3 41
task: 1496270098.587192 3 42 1 O 0 -5 160
Btask: 1496270098.587265 3 42
get: 1496270098.587296 3 1 42 0x7f9839800a80 0x7f51dac1d020 1 -1 8 31 51
get: 1496270098.587429 3 1 42 0x7f9839800a90 0x7f51dac1d028 1 -1 16 31 51
task: 1496270098.587540 3 43 42 L 30 51 159
task: 1496270098.587554 3 44 42 L 32 51 161
Btask: 1496270098.587601 3 43
Btask: 1496270098.587611 3 44
fork: 1496270098.587615 3 7 -2 160 0x7f983e800e60 104 43 
fork: 1496270098.587624 3 8 -2 162 0x7f983f003e60 104 44 
Etask: 1496270098.588546 3 44
Etask: 1496270098.593325 3 43
Etask: 1496270098.593345 3 42
task: 1496270098.595559 3 45 4 O 0 -5 158
Btask: 1496270098.595623 3 45
VdbMark: 1496270098.595635 3 45
Tag: 1496270098.595642 1.808000 0.992000 3 45 5
Etask: 1496270098.595681 3 45
task: 1496270098.605298 3 46 4 O 0 -5 158
Btask: 1496270098.605353 3 46
VdbMark: 1496270098.605364 3 46
Tag: 1496270098.605371 1.816000 1.004000 3 46 6
Etask: 1496270098.605398 3 46
task: 1496270098.609854 3 47 1 O 0 -5 166
Btask: 1496270098.609879 3 47
task: 1496270098.609889 3 48 47 L 76 51 165
task: 1496270098.609895 3 49 47 L 78 51 167
task: 1496270098.609899 3 50 47 L 80 51 169
Btask: 1496270098.609949 3 48
Btask: 1496270098.609961 3 50
fork: 1496270098.609964 3 7 -2 166 0x7f9839800e90 72 48 
Btask: 1496270098.609973 3 49
Etask: 1496270098.609978 3 50
fork: 1496270098.609985 3 8 -2 168 0x7f9834800e90 72 49 
Etask: 1496270098.610418 3 49
Etask: 1496270098.621295 3 48
Etask: 1496270098.621310 3 47
task: 1496270098.621937 3 51 4 O 0 -5 158
Btask: 1496270098.621986 3 51
VdbMark: 1496270098.622047 3 51
Tag: 1496270098.622075 1.864000 1.016000 3 51 7
Etask: 1496270098.622141 3 51
task: 1496270098.670191 3 52 4 O 0 -5 158
Btask: 1496270098.670252 3 52
VdbMark: 1496270098.670260 3 52
Tag: 1496270098.670275 1.936000 1.048000 3 52 8
Etask: 1496270098.670304 3 52
task: 1496270098.679876 3 53 1 O 0 -5 171
Btask: 1496270098.679948 3 53
Etask: 1496270098.680000 3 53
task: 1496270098.686967 3 54 4 O 0 -5 158
Btask: 1496270098.687043 3 54
VdbMark: 1496270098.687056 3 54
Tag: 1496270098.687065 1.968000 1.052000 3 54 9
Etask: 1496270098.687133 3 54
task: 1496270098.723309 3 55 4 O 0 -5 158
Btask: 1496270098.723404 3 55
VdbMark: 1496270098.723420 3 55
Pause: 1496270098.723434 2.024000 1.072000 3 55 9
VdbMark: 1496270098.726169 3 56
Tag: 1496270098.726185 2.028000 1.076000 3 56 10
Etask: 1496270098.726212 3 56
task: 1496270098.758060 3 57 4 O 0 -5 172
Btask: 1496270098.758101 3 57
get: 1496270098.758109 3 2 57 0x7f983e800e80 0x7fc993003a98 1 -1 8 157 51
get: 1496270098.758211 3 2 57 0x7f983e800e88 0x7fc993003a98 1 -1 8 157 51
get: 1496270098.758493 3 2 57 0x7f983e800930 0x7fc9d443f000 1 -1 8 157 51
get: 1496270098.758628 3 2 57 0x7f983e800940 0x7fc9d443f008 1 -1 16 157 51
Etask: 1496270098.758844 3 57
task: 1496270098.760257 3 58 4 O 0 -5 158
Btask: 1496270098.760281 3 58
VdbMark: 1496270098.760300 3 58
Tag: 1496270098.760307 2.076000 1.100000 3 58 11
Etask: 1496270098.760334 3 58
task: 1496270098.784158 3 59 4 O 0 -5 158
Btask: 1496270098.784194 3 59
VdbMark: 1496270098.784204 3 59
Pause: 1496270098.784223 2.108000 1.120000 3 59 11
VdbMark: 1496270098.788370 3 60
Tag: 1496270098.788386 2.112000 1.124000 3 60 12
Etask: 1496270098.788437 3 60
task: 1496270098.793956 3 61 4 O 0 -5 174
Btask: 1496270098.794088 3 61
get: 1496270098.794102 3 2 61 0x7f982f800a90 0x7fc9cb80f000 1 -1 8 204 51
get: 1496270098.794216 3 2 61 0x7f982f800aa0 0x7fc9cb80f008 1 -1 16 204 51
Etask: 1496270098.794384 3 61
task: 1496270098.806545 3 62 4 O 0 -5 158
Btask: 1496270098.806574 3 62
VdbMark: 1496270098.806593 3 62
End: 1496270098.806602 2.140000 1.140000 3 62
