ChplVdebug: ver 1.2 nodes 16 nid 5 tid 2 seq 56097699490.000 1496270097.703542 0.312000 0.144000 
Etask: 1496270097.704776 5 2
task: 1496270097.729796 5 3 4 O 0 -5 158
Btask: 1496270097.730381 5 3
VdbMark: 1496270097.730805 5 3
Tag: 1496270097.730821 0.352000 0.160000 5 3 0
Etask: 1496270097.730904 5 3
task: 1496270097.753516 5 5 1 O 0 -5 123
Btask: 1496270097.754033 5 5
get: 1496270097.754448 5 0 5 0x7f346e800c50 0x7f5592184348 1 -1 16 451 53
get: 1496270097.754595 5 0 5 0x7f346e800c60 0x7f55921113e0 1 -1 16 451 53
get: 1496270097.754741 5 0 5 0x7f346e800b08 0x7f55921104e0 1 -1 8 492 26
get: 1496270097.754897 5 0 5 0x7f346e800b10 0x7f55921104d8 1 -1 8 492 26
get: 1496270097.755054 5 0 5 0x7f346e800c90 0x7f5592111428 1 -1 16 451 53
put: 1496270097.755596 5 0 5 0x7f346e800cb0 0x7f5592051450 1 -1 16 451 53
f_executeOn: 1496270097.755767 5 0 -2 18 0x7f346e800df0 112 5
Etask: 1496270097.755957 5 5
task: 1496270097.772925 5 6 4 O 0 -5 27
Btask: 1496270097.773398 5 6
get: 1496270097.773899 5 2 6 0x7f34637fff30 0x7fc9cb40f0a8 1 -1 16 1295 53
get: 1496270097.774095 5 2 6 0x7f34637ffe30 0x7fc9cb40f088 1 -1 16 1294 53
get: 1496270097.774276 5 2 6 0x7f34637ffe50 0x7fc9cb417020 1 -1 16 1294 53
get: 1496270097.774399 5 2 6 0x7f34637ff9a8 0x7fc9cb40e160 1 -1 8 492 26
get: 1496270097.774543 5 2 6 0x7f34637ff9b0 0x7fc9cb40e158 1 -1 8 492 26
get: 1496270097.774679 5 2 6 0x7f34637ffe80 0x7fc9cb417068 1 -1 16 1294 53
get: 1496270097.774872 5 2 6 0x7f34637ffe40 0x7fc9cb420000 1 -1 16 1294 53
get: 1496270097.775022 5 2 6 0x7f34637fff50 0x7fc9cb4170c0 1 -1 16 1295 53
get: 1496270097.775146 5 2 6 0x7f34637ff9a8 0x7fc9cb40e160 1 -1 8 492 26
get: 1496270097.775259 5 2 6 0x7f34637ff9b0 0x7fc9cb40e158 1 -1 8 492 26
get: 1496270097.775389 5 2 6 0x7f34637fff80 0x7fc9cb417108 1 -1 16 1295 53
get: 1496270097.775522 5 2 6 0x7f34637fff40 0x7fc9cb420100 1 -1 16 1295 53
get: 1496270097.775616 5 2 6 0x7f34637ffe50 0x7fc9cb417020 1 -1 16 1294 53
get: 1496270097.775700 5 2 6 0x7f34637ff9a8 0x7fc9cb40e160 1 -1 8 492 26
get: 1496270097.775863 5 2 6 0x7f34637ff9b0 0x7fc9cb40e158 1 -1 8 492 26
get: 1496270097.776023 5 2 6 0x7f34637ffe80 0x7fc9cb417068 1 -1 16 1294 53
get: 1496270097.776200 5 2 6 0x7f34637ffe40 0x7fc9cb420010 1 -1 16 1294 53
get: 1496270097.776360 5 2 6 0x7f34637fff50 0x7fc9cb4170c0 1 -1 16 1295 53
get: 1496270097.776506 5 2 6 0x7f34637ff9a8 0x7fc9cb40e160 1 -1 8 492 26
get: 1496270097.776638 5 2 6 0x7f34637ff9b0 0x7fc9cb40e158 1 -1 8 492 26
get: 1496270097.776742 5 2 6 0x7f34637fff80 0x7fc9cb417108 1 -1 16 1295 53
get: 1496270097.776858 5 2 6 0x7f34637fff40 0x7fc9cb420110 1 -1 16 1295 53
get: 1496270097.776945 5 2 6 0x7f34637ffe50 0x7fc9cb417020 1 -1 16 1294 53
get: 1496270097.777114 5 2 6 0x7f34637ff9a8 0x7fc9cb40e160 1 -1 8 492 26
get: 1496270097.777208 5 2 6 0x7f34637ff9b0 0x7fc9cb40e158 1 -1 8 492 26
get: 1496270097.777262 5 2 6 0x7f34637ffe80 0x7fc9cb417068 1 -1 16 1294 53
get: 1496270097.777366 5 2 6 0x7f34637ffe40 0x7fc9cb420020 1 -1 16 1294 53
get: 1496270097.777463 5 2 6 0x7f34637fff50 0x7fc9cb4170c0 1 -1 16 1295 53
get: 1496270097.777589 5 2 6 0x7f34637ff9a8 0x7fc9cb40e160 1 -1 8 492 26
get: 1496270097.777721 5 2 6 0x7f34637ff9b0 0x7fc9cb40e158 1 -1 8 492 26
get: 1496270097.777944 5 2 6 0x7f34637fff80 0x7fc9cb417108 1 -1 16 1295 53
get: 1496270097.778035 5 2 6 0x7f34637fff40 0x7fc9cb420120 1 -1 16 1295 53
get: 1496270097.778113 5 2 6 0x7f34637ffe50 0x7fc9cb417020 1 -1 16 1294 53
get: 1496270097.778301 5 2 6 0x7f34637ff9a8 0x7fc9cb40e160 1 -1 8 492 26
get: 1496270097.778389 5 2 6 0x7f34637ff9b0 0x7fc9cb40e158 1 -1 8 492 26
get: 1496270097.778467 5 2 6 0x7f34637ffe80 0x7fc9cb417068 1 -1 16 1294 53
get: 1496270097.778607 5 2 6 0x7f34637ffe40 0x7fc9cb420030 1 -1 16 1294 53
get: 1496270097.778759 5 2 6 0x7f34637fff50 0x7fc9cb4170c0 1 -1 16 1295 53
get: 1496270097.778902 5 2 6 0x7f34637ff9a8 0x7fc9cb40e160 1 -1 8 492 26
get: 1496270097.778989 5 2 6 0x7f34637ff9b0 0x7fc9cb40e158 1 -1 8 492 26
get: 1496270097.779041 5 2 6 0x7f34637fff80 0x7fc9cb417108 1 -1 16 1295 53
get: 1496270097.779087 5 2 6 0x7f34637fff40 0x7fc9cb420130 1 -1 16 1295 53
get: 1496270097.779165 5 2 6 0x7f34637ffe50 0x7fc9cb417020 1 -1 16 1294 53
get: 1496270097.779256 5 2 6 0x7f34637ff9a8 0x7fc9cb40e160 1 -1 8 492 26
get: 1496270097.779334 5 2 6 0x7f34637ff9b0 0x7fc9cb40e158 1 -1 8 492 26
get: 1496270097.779502 5 2 6 0x7f34637ffe80 0x7fc9cb417068 1 -1 16 1294 53
get: 1496270097.779653 5 2 6 0x7f34637ffe40 0x7fc9cb420040 1 -1 16 1294 53
get: 1496270097.779951 5 2 6 0x7f34637fff50 0x7fc9cb4170c0 1 -1 16 1295 53
get: 1496270097.780075 5 2 6 0x7f34637ff9a8 0x7fc9cb40e160 1 -1 8 492 26
get: 1496270097.780206 5 2 6 0x7f34637ff9b0 0x7fc9cb40e158 1 -1 8 492 26
get: 1496270097.780312 5 2 6 0x7f34637fff80 0x7fc9cb417108 1 -1 16 1295 53
get: 1496270097.780452 5 2 6 0x7f34637fff40 0x7fc9cb420140 1 -1 16 1295 53
get: 1496270097.780546 5 2 6 0x7f34637ffe50 0x7fc9cb417020 1 -1 16 1294 53
get: 1496270097.780660 5 2 6 0x7f34637ff9a8 0x7fc9cb40e160 1 -1 8 492 26
get: 1496270097.780746 5 2 6 0x7f34637ff9b0 0x7fc9cb40e158 1 -1 8 492 26
get: 1496270097.780822 5 2 6 0x7f34637ffe80 0x7fc9cb417068 1 -1 16 1294 53
get: 1496270097.780960 5 2 6 0x7f34637ffe40 0x7fc9cb420050 1 -1 16 1294 53
get: 1496270097.781080 5 2 6 0x7f34637fff50 0x7fc9cb4170c0 1 -1 16 1295 53
get: 1496270097.781171 5 2 6 0x7f34637ff9a8 0x7fc9cb40e160 1 -1 8 492 26
get: 1496270097.781316 5 2 6 0x7f34637ff9b0 0x7fc9cb40e158 1 -1 8 492 26
get: 1496270097.781550 5 2 6 0x7f34637fff80 0x7fc9cb417108 1 -1 16 1295 53
get: 1496270097.781666 5 2 6 0x7f34637fff40 0x7fc9cb420150 1 -1 16 1295 53
get: 1496270097.781755 5 2 6 0x7f34637ffe50 0x7fc9cb417020 1 -1 16 1294 53
get: 1496270097.781810 5 2 6 0x7f34637ff9a8 0x7fc9cb40e160 1 -1 8 492 26
get: 1496270097.781940 5 2 6 0x7f34637ff9b0 0x7fc9cb40e158 1 -1 8 492 26
get: 1496270097.782042 5 2 6 0x7f34637ffe80 0x7fc9cb417068 1 -1 16 1294 53
get: 1496270097.782146 5 2 6 0x7f34637ffe40 0x7fc9cb420060 1 -1 16 1294 53
get: 1496270097.782230 5 2 6 0x7f34637fff50 0x7fc9cb4170c0 1 -1 16 1295 53
get: 1496270097.782280 5 2 6 0x7f34637ff9a8 0x7fc9cb40e160 1 -1 8 492 26
get: 1496270097.782381 5 2 6 0x7f34637ff9b0 0x7fc9cb40e158 1 -1 8 492 26
get: 1496270097.782440 5 2 6 0x7f34637fff80 0x7fc9cb417108 1 -1 16 1295 53
get: 1496270097.782546 5 2 6 0x7f34637fff40 0x7fc9cb420160 1 -1 16 1295 53
get: 1496270097.782706 5 2 6 0x7f34637ffe50 0x7fc9cb417020 1 -1 16 1294 53
get: 1496270097.782922 5 2 6 0x7f34637ff9a8 0x7fc9cb40e160 1 -1 8 492 26
get: 1496270097.783028 5 2 6 0x7f34637ff9b0 0x7fc9cb40e158 1 -1 8 492 26
get: 1496270097.783141 5 2 6 0x7f34637ffe80 0x7fc9cb417068 1 -1 16 1294 53
get: 1496270097.783287 5 2 6 0x7f34637ffe40 0x7fc9cb420070 1 -1 16 1294 53
get: 1496270097.783434 5 2 6 0x7f34637fff50 0x7fc9cb4170c0 1 -1 16 1295 53
get: 1496270097.783635 5 2 6 0x7f34637ff9a8 0x7fc9cb40e160 1 -1 8 492 26
get: 1496270097.783863 5 2 6 0x7f34637ff9b0 0x7fc9cb40e158 1 -1 8 492 26
get: 1496270097.783992 5 2 6 0x7f34637fff80 0x7fc9cb417108 1 -1 16 1295 53
get: 1496270097.784080 5 2 6 0x7f34637fff40 0x7fc9cb420170 1 -1 16 1295 53
get: 1496270097.784132 5 2 6 0x7f34637ffe50 0x7fc9cb417020 1 -1 16 1294 53
get: 1496270097.784179 5 2 6 0x7f34637ff9a8 0x7fc9cb40e160 1 -1 8 492 26
get: 1496270097.784259 5 2 6 0x7f34637ff9b0 0x7fc9cb40e158 1 -1 8 492 26
get: 1496270097.784403 5 2 6 0x7f34637ffe80 0x7fc9cb417068 1 -1 16 1294 53
get: 1496270097.784527 5 2 6 0x7f34637ffe40 0x7fc9cb420080 1 -1 16 1294 53
get: 1496270097.784672 5 2 6 0x7f34637fff50 0x7fc9cb4170c0 1 -1 16 1295 53
get: 1496270097.784809 5 2 6 0x7f34637ff9a8 0x7fc9cb40e160 1 -1 8 492 26
get: 1496270097.784938 5 2 6 0x7f34637ff9b0 0x7fc9cb40e158 1 -1 8 492 26
get: 1496270097.785084 5 2 6 0x7f34637fff80 0x7fc9cb417108 1 -1 16 1295 53
get: 1496270097.785170 5 2 6 0x7f34637fff40 0x7fc9cb420180 1 -1 16 1295 53
get: 1496270097.785254 5 2 6 0x7f34637ffe50 0x7fc9cb417020 1 -1 16 1294 53
get: 1496270097.785420 5 2 6 0x7f34637ff9a8 0x7fc9cb40e160 1 -1 8 492 26
get: 1496270097.785543 5 2 6 0x7f34637ff9b0 0x7fc9cb40e158 1 -1 8 492 26
get: 1496270097.785688 5 2 6 0x7f34637ffe80 0x7fc9cb417068 1 -1 16 1294 53
get: 1496270097.785837 5 2 6 0x7f34637ffe40 0x7fc9cb420090 1 -1 16 1294 53
get: 1496270097.785946 5 2 6 0x7f34637fff50 0x7fc9cb4170c0 1 -1 16 1295 53
get: 1496270097.786110 5 2 6 0x7f34637ff9a8 0x7fc9cb40e160 1 -1 8 492 26
get: 1496270097.786273 5 2 6 0x7f34637ff9b0 0x7fc9cb40e158 1 -1 8 492 26
get: 1496270097.786375 5 2 6 0x7f34637fff80 0x7fc9cb417108 1 -1 16 1295 53
get: 1496270097.786465 5 2 6 0x7f34637fff40 0x7fc9cb420190 1 -1 16 1295 53
get: 1496270097.786516 5 2 6 0x7f34637ffe50 0x7fc9cb417020 1 -1 16 1294 53
get: 1496270097.786564 5 2 6 0x7f34637ff9a8 0x7fc9cb40e160 1 -1 8 492 26
get: 1496270097.786645 5 2 6 0x7f34637ff9b0 0x7fc9cb40e158 1 -1 8 492 26
get: 1496270097.786784 5 2 6 0x7f34637ffe80 0x7fc9cb417068 1 -1 16 1294 53
get: 1496270097.786904 5 2 6 0x7f34637ffe40 0x7fc9cb4200a0 1 -1 16 1294 53
get: 1496270097.787032 5 2 6 0x7f34637fff50 0x7fc9cb4170c0 1 -1 16 1295 53
get: 1496270097.787183 5 2 6 0x7f34637ff9a8 0x7fc9cb40e160 1 -1 8 492 26
get: 1496270097.787280 5 2 6 0x7f34637ff9b0 0x7fc9cb40e158 1 -1 8 492 26
get: 1496270097.787441 5 2 6 0x7f34637fff80 0x7fc9cb417108 1 -1 16 1295 53
get: 1496270097.787566 5 2 6 0x7f34637fff40 0x7fc9cb4201a0 1 -1 16 1295 53
get: 1496270097.787728 5 2 6 0x7f34637ffe50 0x7fc9cb417020 1 -1 16 1294 53
get: 1496270097.787908 5 2 6 0x7f34637ff9a8 0x7fc9cb40e160 1 -1 8 492 26
get: 1496270097.788050 5 2 6 0x7f34637ff9b0 0x7fc9cb40e158 1 -1 8 492 26
get: 1496270097.788194 5 2 6 0x7f34637ffe80 0x7fc9cb417068 1 -1 16 1294 53
get: 1496270097.788309 5 2 6 0x7f34637ffe40 0x7fc9cb4200b0 1 -1 16 1294 53
get: 1496270097.788453 5 2 6 0x7f34637fff50 0x7fc9cb4170c0 1 -1 16 1295 53
get: 1496270097.788589 5 2 6 0x7f34637ff9a8 0x7fc9cb40e160 1 -1 8 492 26
get: 1496270097.788640 5 2 6 0x7f34637ff9b0 0x7fc9cb40e158 1 -1 8 492 26
get: 1496270097.788781 5 2 6 0x7f34637fff80 0x7fc9cb417108 1 -1 16 1295 53
get: 1496270097.788875 5 2 6 0x7f34637fff40 0x7fc9cb4201b0 1 -1 16 1295 53
get: 1496270097.788965 5 2 6 0x7f34637ffe50 0x7fc9cb417020 1 -1 16 1294 53
get: 1496270097.789105 5 2 6 0x7f34637ff9a8 0x7fc9cb40e160 1 -1 8 492 26
get: 1496270097.789250 5 2 6 0x7f34637ff9b0 0x7fc9cb40e158 1 -1 8 492 26
get: 1496270097.789462 5 2 6 0x7f34637ffe80 0x7fc9cb417068 1 -1 16 1294 53
get: 1496270097.789662 5 2 6 0x7f34637ffe40 0x7fc9cb4200c0 1 -1 16 1294 53
get: 1496270097.789817 5 2 6 0x7f34637fff50 0x7fc9cb4170c0 1 -1 16 1295 53
get: 1496270097.789998 5 2 6 0x7f34637ff9a8 0x7fc9cb40e160 1 -1 8 492 26
get: 1496270097.790167 5 2 6 0x7f34637ff9b0 0x7fc9cb40e158 1 -1 8 492 26
get: 1496270097.790270 5 2 6 0x7f34637fff80 0x7fc9cb417108 1 -1 16 1295 53
get: 1496270097.790361 5 2 6 0x7f34637fff40 0x7fc9cb4201c0 1 -1 16 1295 53
get: 1496270097.790435 5 2 6 0x7f34637ffe50 0x7fc9cb417020 1 -1 16 1294 53
get: 1496270097.790572 5 2 6 0x7f34637ff9a8 0x7fc9cb40e160 1 -1 8 492 26
get: 1496270097.790678 5 2 6 0x7f34637ff9b0 0x7fc9cb40e158 1 -1 8 492 26
get: 1496270097.790766 5 2 6 0x7f34637ffe80 0x7fc9cb417068 1 -1 16 1294 53
get: 1496270097.790825 5 2 6 0x7f34637ffe40 0x7fc9cb4200d0 1 -1 16 1294 53
get: 1496270097.790991 5 2 6 0x7f34637fff50 0x7fc9cb4170c0 1 -1 16 1295 53
get: 1496270097.791162 5 2 6 0x7f34637ff9a8 0x7fc9cb40e160 1 -1 8 492 26
get: 1496270097.791292 5 2 6 0x7f34637ff9b0 0x7fc9cb40e158 1 -1 8 492 26
get: 1496270097.791438 5 2 6 0x7f34637fff80 0x7fc9cb417108 1 -1 16 1295 53
get: 1496270097.791756 5 2 6 0x7f34637fff40 0x7fc9cb4201d0 1 -1 16 1295 53
get: 1496270097.791860 5 2 6 0x7f34637ffe50 0x7fc9cb417020 1 -1 16 1294 53
get: 1496270097.791950 5 2 6 0x7f34637ff9a8 0x7fc9cb40e160 1 -1 8 492 26
get: 1496270097.791999 5 2 6 0x7f34637ff9b0 0x7fc9cb40e158 1 -1 8 492 26
get: 1496270097.792053 5 2 6 0x7f34637ffe80 0x7fc9cb417068 1 -1 16 1294 53
get: 1496270097.792156 5 2 6 0x7f34637ffe40 0x7fc9cb4200e0 1 -1 16 1294 53
get: 1496270097.792264 5 2 6 0x7f34637fff50 0x7fc9cb4170c0 1 -1 16 1295 53
get: 1496270097.792351 5 2 6 0x7f34637ff9a8 0x7fc9cb40e160 1 -1 8 492 26
get: 1496270097.792403 5 2 6 0x7f34637ff9b0 0x7fc9cb40e158 1 -1 8 492 26
get: 1496270097.792545 5 2 6 0x7f34637fff80 0x7fc9cb417108 1 -1 16 1295 53
get: 1496270097.792708 5 2 6 0x7f34637fff40 0x7fc9cb4201e0 1 -1 16 1295 53
get: 1496270097.792773 5 2 6 0x7f34637ffe50 0x7fc9cb417020 1 -1 16 1294 53
get: 1496270097.792869 5 2 6 0x7f34637ff9a8 0x7fc9cb40e160 1 -1 8 492 26
get: 1496270097.792985 5 2 6 0x7f34637ff9b0 0x7fc9cb40e158 1 -1 8 492 26
get: 1496270097.793072 5 2 6 0x7f34637ffe80 0x7fc9cb417068 1 -1 16 1294 53
get: 1496270097.793121 5 2 6 0x7f34637ffe40 0x7fc9cb4200f0 1 -1 16 1294 53
get: 1496270097.793241 5 2 6 0x7f34637fff50 0x7fc9cb4170c0 1 -1 16 1295 53
get: 1496270097.793333 5 2 6 0x7f34637ff9a8 0x7fc9cb40e160 1 -1 8 492 26
get: 1496270097.793446 5 2 6 0x7f34637ff9b0 0x7fc9cb40e158 1 -1 8 492 26
get: 1496270097.793532 5 2 6 0x7f34637fff80 0x7fc9cb417108 1 -1 16 1295 53
get: 1496270097.793580 5 2 6 0x7f34637fff40 0x7fc9cb4201f0 1 -1 16 1295 53
task: 1496270097.793736 5 7 6 L 215 28 23
task: 1496270097.793747 5 8 6 L 218 28 30
Btask: 1496270097.793788 5 7
fork: 1496270097.794258 5 11 -2 27 0x7f3482800dc0 216 7 
Btask: 1496270097.794271 5 8
fork: 1496270097.794286 5 12 -2 33 0x7f3483003dc0 216 8 
Etask: 1496270097.816952 5 8
Etask: 1496270097.829772 5 7
Etask: 1496270097.829785 5 6
task: 1496270097.899156 5 9 1 O 0 -5 125
Btask: 1496270097.899644 5 9
get: 1496270097.900095 5 0 9 0x7f345e800b50 0x7f55921114c0 1 -1 16 933 53
get: 1496270097.900311 5 0 9 0x7f345e800b60 0x7f5592111520 1 -1 16 933 53
get: 1496270097.900568 5 0 9 0x7f345e8009c8 0x7f55921104e0 1 -1 8 492 26
get: 1496270097.900709 5 0 9 0x7f345e8009d0 0x7f55921104d8 1 -1 8 492 26
get: 1496270097.900886 5 0 9 0x7f345e800b90 0x7f5592111568 1 -1 16 933 53
get: 1496270097.901094 5 0 9 0x7f345e800be0 0x7f55921114a8 1 -1 16 934 53
get: 1496270097.901264 5 0 9 0x7f345e800770 0x7f5592184348 1 -1 16 588 53
get: 1496270097.901427 5 0 9 0x7f345e800790 0x7f55921113e0 1 -1 16 588 53
get: 1496270097.901584 5 0 9 0x7f345e800628 0x7f55921104e0 1 -1 8 492 26
get: 1496270097.901733 5 0 9 0x7f345e800630 0x7f55921104d8 1 -1 8 492 26
get: 1496270097.901888 5 0 9 0x7f345e8007c0 0x7f5592111428 1 -1 16 588 53
get: 1496270097.901973 5 0 9 0x7f345e800780 0x7f5592051450 1 -1 16 588 53
get: 1496270097.902080 5 0 9 0x7f345e800640 0x7f55921114e0 1 -1 16 1609 28
get: 1496270097.902172 5 0 9 0x7f345e8005b0 0x7f5592110558 1 -1 32 145 26
put: 1496270097.902303 5 0 9 0x7f345e800c20 0x7f5592051550 1 -1 16 933 53
f_executeOn: 1496270097.902387 5 0 -2 18 0x7f345e800e70 112 9
Etask: 1496270097.902433 5 9
task: 1496270097.921051 5 10 1 O 0 -5 26
Btask: 1496270097.921547 5 10
get: 1496270097.922008 5 2 10 0x7f3459800400 0x7fc9cb00f060 1 -1 16 1332 53
get: 1496270097.922175 5 2 10 0x7f3459800420 0x7fc9cb00f0c0 1 -1 16 1332 53
get: 1496270097.922321 5 2 10 0x7f3459800048 0x7fc9cb40e160 1 -1 8 492 26
get: 1496270097.922467 5 2 10 0x7f3459800050 0x7fc9cb40e158 1 -1 8 492 26
get: 1496270097.922603 5 2 10 0x7f3459800450 0x7fc9cb00f108 1 -1 16 1332 53
get: 1496270097.922764 5 2 10 0x7f3459800410 0x7fc9cb014000 1 -1 16 1332 53
get: 1496270097.922922 5 2 10 0x7f3459800420 0x7fc9cb00f0c0 1 -1 16 1332 53
get: 1496270097.923041 5 2 10 0x7f3459800048 0x7fc9cb40e160 1 -1 8 492 26
get: 1496270097.923227 5 2 10 0x7f3459800050 0x7fc9cb40e158 1 -1 8 492 26
get: 1496270097.923317 5 2 10 0x7f3459800450 0x7fc9cb00f108 1 -1 16 1332 53
get: 1496270097.923416 5 2 10 0x7f3459800410 0x7fc9cb014010 1 -1 16 1332 53
get: 1496270097.923525 5 2 10 0x7f3459800420 0x7fc9cb00f0c0 1 -1 16 1332 53
get: 1496270097.923657 5 2 10 0x7f3459800048 0x7fc9cb40e160 1 -1 8 492 26
get: 1496270097.923797 5 2 10 0x7f3459800050 0x7fc9cb40e158 1 -1 8 492 26
get: 1496270097.923945 5 2 10 0x7f3459800450 0x7fc9cb00f108 1 -1 16 1332 53
get: 1496270097.924036 5 2 10 0x7f3459800410 0x7fc9cb014020 1 -1 16 1332 53
get: 1496270097.924112 5 2 10 0x7f3459800420 0x7fc9cb00f0c0 1 -1 16 1332 53
get: 1496270097.924257 5 2 10 0x7f3459800048 0x7fc9cb40e160 1 -1 8 492 26
get: 1496270097.924405 5 2 10 0x7f3459800050 0x7fc9cb40e158 1 -1 8 492 26
get: 1496270097.924543 5 2 10 0x7f3459800450 0x7fc9cb00f108 1 -1 16 1332 53
get: 1496270097.924652 5 2 10 0x7f3459800410 0x7fc9cb014030 1 -1 16 1332 53
get: 1496270097.924738 5 2 10 0x7f3459800420 0x7fc9cb00f0c0 1 -1 16 1332 53
get: 1496270097.924790 5 2 10 0x7f3459800048 0x7fc9cb40e160 1 -1 8 492 26
get: 1496270097.924911 5 2 10 0x7f3459800050 0x7fc9cb40e158 1 -1 8 492 26
get: 1496270097.925016 5 2 10 0x7f3459800450 0x7fc9cb00f108 1 -1 16 1332 53
get: 1496270097.925162 5 2 10 0x7f3459800410 0x7fc9cb014040 1 -1 16 1332 53
get: 1496270097.925307 5 2 10 0x7f3459800420 0x7fc9cb00f0c0 1 -1 16 1332 53
get: 1496270097.925393 5 2 10 0x7f3459800048 0x7fc9cb40e160 1 -1 8 492 26
get: 1496270097.925444 5 2 10 0x7f3459800050 0x7fc9cb40e158 1 -1 8 492 26
get: 1496270097.925495 5 2 10 0x7f3459800450 0x7fc9cb00f108 1 -1 16 1332 53
get: 1496270097.925567 5 2 10 0x7f3459800410 0x7fc9cb014050 1 -1 16 1332 53
get: 1496270097.925678 5 2 10 0x7f3459800420 0x7fc9cb00f0c0 1 -1 16 1332 53
get: 1496270097.925766 5 2 10 0x7f3459800048 0x7fc9cb40e160 1 -1 8 492 26
get: 1496270097.925840 5 2 10 0x7f3459800050 0x7fc9cb40e158 1 -1 8 492 26
get: 1496270097.925987 5 2 10 0x7f3459800450 0x7fc9cb00f108 1 -1 16 1332 53
get: 1496270097.926132 5 2 10 0x7f3459800410 0x7fc9cb014060 1 -1 16 1332 53
get: 1496270097.926229 5 2 10 0x7f3459800420 0x7fc9cb00f0c0 1 -1 16 1332 53
get: 1496270097.926344 5 2 10 0x7f3459800048 0x7fc9cb40e160 1 -1 8 492 26
get: 1496270097.926431 5 2 10 0x7f3459800050 0x7fc9cb40e158 1 -1 8 492 26
get: 1496270097.926517 5 2 10 0x7f3459800450 0x7fc9cb00f108 1 -1 16 1332 53
get: 1496270097.926594 5 2 10 0x7f3459800410 0x7fc9cb014070 1 -1 16 1332 53
get: 1496270097.926728 5 2 10 0x7f3459800420 0x7fc9cb00f0c0 1 -1 16 1332 53
get: 1496270097.926838 5 2 10 0x7f3459800048 0x7fc9cb40e160 1 -1 8 492 26
get: 1496270097.926926 5 2 10 0x7f3459800050 0x7fc9cb40e158 1 -1 8 492 26
get: 1496270097.927040 5 2 10 0x7f3459800450 0x7fc9cb00f108 1 -1 16 1332 53
get: 1496270097.927132 5 2 10 0x7f3459800410 0x7fc9cb014080 1 -1 16 1332 53
get: 1496270097.927247 5 2 10 0x7f3459800420 0x7fc9cb00f0c0 1 -1 16 1332 53
get: 1496270097.927383 5 2 10 0x7f3459800048 0x7fc9cb40e160 1 -1 8 492 26
get: 1496270097.927480 5 2 10 0x7f3459800050 0x7fc9cb40e158 1 -1 8 492 26
get: 1496270097.927581 5 2 10 0x7f3459800450 0x7fc9cb00f108 1 -1 16 1332 53
get: 1496270097.927666 5 2 10 0x7f3459800410 0x7fc9cb014090 1 -1 16 1332 53
get: 1496270097.927767 5 2 10 0x7f3459800420 0x7fc9cb00f0c0 1 -1 16 1332 53
get: 1496270097.927887 5 2 10 0x7f3459800048 0x7fc9cb40e160 1 -1 8 492 26
get: 1496270097.928034 5 2 10 0x7f3459800050 0x7fc9cb40e158 1 -1 8 492 26
get: 1496270097.928123 5 2 10 0x7f3459800450 0x7fc9cb00f108 1 -1 16 1332 53
get: 1496270097.928208 5 2 10 0x7f3459800410 0x7fc9cb0140a0 1 -1 16 1332 53
get: 1496270097.928299 5 2 10 0x7f3459800420 0x7fc9cb00f0c0 1 -1 16 1332 53
get: 1496270097.928422 5 2 10 0x7f3459800048 0x7fc9cb40e160 1 -1 8 492 26
get: 1496270097.928532 5 2 10 0x7f3459800050 0x7fc9cb40e158 1 -1 8 492 26
get: 1496270097.928618 5 2 10 0x7f3459800450 0x7fc9cb00f108 1 -1 16 1332 53
get: 1496270097.928704 5 2 10 0x7f3459800410 0x7fc9cb0140b0 1 -1 16 1332 53
get: 1496270097.928843 5 2 10 0x7f3459800420 0x7fc9cb00f0c0 1 -1 16 1332 53
get: 1496270097.928942 5 2 10 0x7f3459800048 0x7fc9cb40e160 1 -1 8 492 26
get: 1496270097.929056 5 2 10 0x7f3459800050 0x7fc9cb40e158 1 -1 8 492 26
get: 1496270097.929145 5 2 10 0x7f3459800450 0x7fc9cb00f108 1 -1 16 1332 53
get: 1496270097.929200 5 2 10 0x7f3459800410 0x7fc9cb0140c0 1 -1 16 1332 53
get: 1496270097.929308 5 2 10 0x7f3459800420 0x7fc9cb00f0c0 1 -1 16 1332 53
get: 1496270097.929427 5 2 10 0x7f3459800048 0x7fc9cb40e160 1 -1 8 492 26
get: 1496270097.929570 5 2 10 0x7f3459800050 0x7fc9cb40e158 1 -1 8 492 26
get: 1496270097.929665 5 2 10 0x7f3459800450 0x7fc9cb00f108 1 -1 16 1332 53
get: 1496270097.929767 5 2 10 0x7f3459800410 0x7fc9cb0140d0 1 -1 16 1332 53
get: 1496270097.929818 5 2 10 0x7f3459800420 0x7fc9cb00f0c0 1 -1 16 1332 53
get: 1496270097.929906 5 2 10 0x7f3459800048 0x7fc9cb40e160 1 -1 8 492 26
get: 1496270097.930041 5 2 10 0x7f3459800050 0x7fc9cb40e158 1 -1 8 492 26
get: 1496270097.930157 5 2 10 0x7f3459800450 0x7fc9cb00f108 1 -1 16 1332 53
get: 1496270097.930310 5 2 10 0x7f3459800410 0x7fc9cb0140e0 1 -1 16 1332 53
get: 1496270097.930441 5 2 10 0x7f3459800420 0x7fc9cb00f0c0 1 -1 16 1332 53
get: 1496270097.930529 5 2 10 0x7f3459800048 0x7fc9cb40e160 1 -1 8 492 26
get: 1496270097.930652 5 2 10 0x7f3459800050 0x7fc9cb40e158 1 -1 8 492 26
get: 1496270097.930734 5 2 10 0x7f3459800450 0x7fc9cb00f108 1 -1 16 1332 53
get: 1496270097.930808 5 2 10 0x7f3459800410 0x7fc9cb0140f0 1 -1 16 1332 53
task: 1496270097.930911 5 11 10 L 215 28 25
task: 1496270097.930923 5 12 10 L 218 28 29
Btask: 1496270097.931006 5 11
Btask: 1496270097.931006 5 12
fork: 1496270097.931038 5 11 -2 26 0x7f3482800df0 168 11 
fork: 1496270097.931043 5 12 -2 34 0x7f3483003df0 168 12 
Etask: 1496270097.942382 5 11
Etask: 1496270097.948306 5 12
Etask: 1496270097.948319 5 10
task: 1496270097.951034 5 13 4 O 0 -5 126
Btask: 1496270097.951565 5 13
get: 1496270097.952031 5 0 13 0x7f3454800c60 0x7f55921114c0 1 -1 16 939 53
get: 1496270097.952173 5 0 13 0x7f3454800c80 0x7f5592111520 1 -1 16 939 53
get: 1496270097.952336 5 0 13 0x7f3454800b18 0x7f55921104e0 1 -1 8 492 26
get: 1496270097.952462 5 0 13 0x7f3454800b20 0x7f55921104d8 1 -1 8 492 26
get: 1496270097.952597 5 0 13 0x7f3454800cb0 0x7f5592111568 1 -1 16 939 53
get: 1496270097.952648 5 0 13 0x7f3454800c70 0x7f5592051550 1 -1 16 939 53
get: 1496270097.952702 5 0 13 0x7f3454800d20 0x7f55921114a8 1 -1 16 939 53
get: 1496270097.952815 5 0 13 0x7f34548008c0 0x7f5592184348 1 -1 16 588 53
get: 1496270097.952923 5 0 13 0x7f34548008e0 0x7f55921113e0 1 -1 16 588 53
get: 1496270097.953113 5 0 13 0x7f3454800778 0x7f55921104e0 1 -1 8 492 26
get: 1496270097.953232 5 0 13 0x7f3454800780 0x7f55921104d8 1 -1 8 492 26
get: 1496270097.953374 5 0 13 0x7f3454800910 0x7f5592111428 1 -1 16 588 53
get: 1496270097.953493 5 0 13 0x7f34548008d0 0x7f5592051450 1 -1 16 588 53
get: 1496270097.953631 5 0 13 0x7f3454800790 0x7f55921114e0 1 -1 16 1609 28
get: 1496270097.953785 5 0 13 0x7f3454800700 0x7f5592110558 1 -1 32 145 26
f_executeOn: 1496270097.953889 5 0 -2 18 0x7f3454800e70 112 13
Etask: 1496270097.954037 5 13
task: 1496270097.974096 5 14 4 O 0 -5 42
Btask: 1496270097.974582 5 14
get: 1496270097.975006 5 2 14 0x7f344f800720 0x7fc9cb00f060 1 -1 16 1341 53
get: 1496270097.975172 5 2 14 0x7f344f800740 0x7fc9cb00f0c0 1 -1 16 1341 53
get: 1496270097.975384 5 2 14 0x7f344f8004a8 0x7fc9cb40e160 1 -1 8 492 26
get: 1496270097.975526 5 2 14 0x7f344f8004b0 0x7fc9cb40e158 1 -1 8 492 26
get: 1496270097.975667 5 2 14 0x7f344f800770 0x7fc9cb00f108 1 -1 16 1341 53
get: 1496270097.975803 5 2 14 0x7f344f800730 0x7fc9cb014000 1 -1 16 1341 53
get: 1496270097.975949 5 2 14 0x7f344f800740 0x7fc9cb00f0c0 1 -1 16 1341 53
get: 1496270097.976097 5 2 14 0x7f344f8004a8 0x7fc9cb40e160 1 -1 8 492 26
get: 1496270097.976191 5 2 14 0x7f344f8004b0 0x7fc9cb40e158 1 -1 8 492 26
get: 1496270097.976384 5 2 14 0x7f344f800770 0x7fc9cb00f108 1 -1 16 1341 53
get: 1496270097.976506 5 2 14 0x7f344f800730 0x7fc9cb014010 1 -1 16 1341 53
get: 1496270097.976646 5 2 14 0x7f344f800740 0x7fc9cb00f0c0 1 -1 16 1341 53
get: 1496270097.976787 5 2 14 0x7f344f8004a8 0x7fc9cb40e160 1 -1 8 492 26
get: 1496270097.976923 5 2 14 0x7f344f8004b0 0x7fc9cb40e158 1 -1 8 492 26
get: 1496270097.977047 5 2 14 0x7f344f800770 0x7fc9cb00f108 1 -1 16 1341 53
get: 1496270097.977148 5 2 14 0x7f344f800730 0x7fc9cb014020 1 -1 16 1341 53
get: 1496270097.977310 5 2 14 0x7f344f800740 0x7fc9cb00f0c0 1 -1 16 1341 53
get: 1496270097.977400 5 2 14 0x7f344f8004a8 0x7fc9cb40e160 1 -1 8 492 26
get: 1496270097.977518 5 2 14 0x7f344f8004b0 0x7fc9cb40e158 1 -1 8 492 26
get: 1496270097.977615 5 2 14 0x7f344f800770 0x7fc9cb00f108 1 -1 16 1341 53
get: 1496270097.977758 5 2 14 0x7f344f800730 0x7fc9cb014030 1 -1 16 1341 53
get: 1496270097.977864 5 2 14 0x7f344f800740 0x7fc9cb00f0c0 1 -1 16 1341 53
get: 1496270097.977949 5 2 14 0x7f344f8004a8 0x7fc9cb40e160 1 -1 8 492 26
get: 1496270097.978096 5 2 14 0x7f344f8004b0 0x7fc9cb40e158 1 -1 8 492 26
get: 1496270097.978200 5 2 14 0x7f344f800770 0x7fc9cb00f108 1 -1 16 1341 53
get: 1496270097.978252 5 2 14 0x7f344f800730 0x7fc9cb014040 1 -1 16 1341 53
get: 1496270097.978374 5 2 14 0x7f344f800740 0x7fc9cb00f0c0 1 -1 16 1341 53
get: 1496270097.978463 5 2 14 0x7f344f8004a8 0x7fc9cb40e160 1 -1 8 492 26
get: 1496270097.978571 5 2 14 0x7f344f8004b0 0x7fc9cb40e158 1 -1 8 492 26
get: 1496270097.978693 5 2 14 0x7f344f800770 0x7fc9cb00f108 1 -1 16 1341 53
get: 1496270097.978818 5 2 14 0x7f344f800730 0x7fc9cb014050 1 -1 16 1341 53
get: 1496270097.978931 5 2 14 0x7f344f800740 0x7fc9cb00f0c0 1 -1 16 1341 53
get: 1496270097.979014 5 2 14 0x7f344f8004a8 0x7fc9cb40e160 1 -1 8 492 26
get: 1496270097.979120 5 2 14 0x7f344f8004b0 0x7fc9cb40e158 1 -1 8 492 26
get: 1496270097.979228 5 2 14 0x7f344f800770 0x7fc9cb00f108 1 -1 16 1341 53
get: 1496270097.979314 5 2 14 0x7f344f800730 0x7fc9cb014060 1 -1 16 1341 53
get: 1496270097.979398 5 2 14 0x7f344f800740 0x7fc9cb00f0c0 1 -1 16 1341 53
get: 1496270097.979451 5 2 14 0x7f344f8004a8 0x7fc9cb40e160 1 -1 8 492 26
get: 1496270097.979528 5 2 14 0x7f344f8004b0 0x7fc9cb40e158 1 -1 8 492 26
get: 1496270097.979684 5 2 14 0x7f344f800770 0x7fc9cb00f108 1 -1 16 1341 53
get: 1496270097.979796 5 2 14 0x7f344f800730 0x7fc9cb014070 1 -1 16 1341 53
get: 1496270097.979902 5 2 14 0x7f344f800740 0x7fc9cb00f0c0 1 -1 16 1341 53
get: 1496270097.980034 5 2 14 0x7f344f8004a8 0x7fc9cb40e160 1 -1 8 492 26
get: 1496270097.980163 5 2 14 0x7f344f8004b0 0x7fc9cb40e158 1 -1 8 492 26
get: 1496270097.980332 5 2 14 0x7f344f800770 0x7fc9cb00f108 1 -1 16 1341 53
get: 1496270097.980495 5 2 14 0x7f344f800730 0x7fc9cb014080 1 -1 16 1341 53
get: 1496270097.980582 5 2 14 0x7f344f800740 0x7fc9cb00f0c0 1 -1 16 1341 53
get: 1496270097.980631 5 2 14 0x7f344f8004a8 0x7fc9cb40e160 1 -1 8 492 26
get: 1496270097.980703 5 2 14 0x7f344f8004b0 0x7fc9cb40e158 1 -1 8 492 26
get: 1496270097.980794 5 2 14 0x7f344f800770 0x7fc9cb00f108 1 -1 16 1341 53
get: 1496270097.980846 5 2 14 0x7f344f800730 0x7fc9cb014090 1 -1 16 1341 53
get: 1496270097.980960 5 2 14 0x7f344f800740 0x7fc9cb00f0c0 1 -1 16 1341 53
get: 1496270097.981051 5 2 14 0x7f344f8004a8 0x7fc9cb40e160 1 -1 8 492 26
get: 1496270097.981102 5 2 14 0x7f344f8004b0 0x7fc9cb40e158 1 -1 8 492 26
get: 1496270097.981150 5 2 14 0x7f344f800770 0x7fc9cb00f108 1 -1 16 1341 53
get: 1496270097.981232 5 2 14 0x7f344f800730 0x7fc9cb0140a0 1 -1 16 1341 53
get: 1496270097.981342 5 2 14 0x7f344f800740 0x7fc9cb00f0c0 1 -1 16 1341 53
get: 1496270097.981479 5 2 14 0x7f344f8004a8 0x7fc9cb40e160 1 -1 8 492 26
get: 1496270097.981630 5 2 14 0x7f344f8004b0 0x7fc9cb40e158 1 -1 8 492 26
get: 1496270097.981735 5 2 14 0x7f344f800770 0x7fc9cb00f108 1 -1 16 1341 53
get: 1496270097.981871 5 2 14 0x7f344f800730 0x7fc9cb0140b0 1 -1 16 1341 53
get: 1496270097.982027 5 2 14 0x7f344f800740 0x7fc9cb00f0c0 1 -1 16 1341 53
get: 1496270097.982138 5 2 14 0x7f344f8004a8 0x7fc9cb40e160 1 -1 8 492 26
get: 1496270097.982215 5 2 14 0x7f344f8004b0 0x7fc9cb40e158 1 -1 8 492 26
get: 1496270097.982302 5 2 14 0x7f344f800770 0x7fc9cb00f108 1 -1 16 1341 53
get: 1496270097.982352 5 2 14 0x7f344f800730 0x7fc9cb0140c0 1 -1 16 1341 53
get: 1496270097.982463 5 2 14 0x7f344f800740 0x7fc9cb00f0c0 1 -1 16 1341 53
get: 1496270097.982577 5 2 14 0x7f344f8004a8 0x7fc9cb40e160 1 -1 8 492 26
get: 1496270097.982666 5 2 14 0x7f344f8004b0 0x7fc9cb40e158 1 -1 8 492 26
get: 1496270097.982850 5 2 14 0x7f344f800770 0x7fc9cb00f108 1 -1 16 1341 53
get: 1496270097.982933 5 2 14 0x7f344f800730 0x7fc9cb0140d0 1 -1 16 1341 53
get: 1496270097.983014 5 2 14 0x7f344f800740 0x7fc9cb00f0c0 1 -1 16 1341 53
get: 1496270097.983123 5 2 14 0x7f344f8004a8 0x7fc9cb40e160 1 -1 8 492 26
get: 1496270097.983261 5 2 14 0x7f344f8004b0 0x7fc9cb40e158 1 -1 8 492 26
get: 1496270097.983376 5 2 14 0x7f344f800770 0x7fc9cb00f108 1 -1 16 1341 53
get: 1496270097.983551 5 2 14 0x7f344f800730 0x7fc9cb0140e0 1 -1 16 1341 53
get: 1496270097.983671 5 2 14 0x7f344f800740 0x7fc9cb00f0c0 1 -1 16 1341 53
get: 1496270097.983817 5 2 14 0x7f344f8004a8 0x7fc9cb40e160 1 -1 8 492 26
get: 1496270097.983996 5 2 14 0x7f344f8004b0 0x7fc9cb40e158 1 -1 8 492 26
get: 1496270097.984084 5 2 14 0x7f344f800770 0x7fc9cb00f108 1 -1 16 1341 53
get: 1496270097.984187 5 2 14 0x7f344f800730 0x7fc9cb0140f0 1 -1 16 1341 53
task: 1496270097.984354 5 15 14 L 271 28 41
task: 1496270097.984366 5 16 14 L 274 28 43
Btask: 1496270097.984444 5 16
Btask: 1496270097.984443 5 15
fork: 1496270097.984482 5 12 -2 44 0x7f3483003df0 160 16 
fork: 1496270097.984488 5 11 -2 42 0x7f3482800df0 160 15 
Etask: 1496270097.996437 5 15
Etask: 1496270097.999258 5 16
Etask: 1496270097.999272 5 14
task: 1496270098.006772 5 17 4 O 0 -5 158
Btask: 1496270098.007261 5 17
VdbMark: 1496270098.007698 5 17
Tag: 1496270098.007714 0.840000 0.428000 5 17 1
Etask: 1496270098.007772 5 17
task: 1496270098.024601 5 18 4 O 0 -5 129
Btask: 1496270098.024670 5 18
get: 1496270098.024705 5 0 18 0x7f3482800930 0x7f559201d4f8 1 -1 16 1002 53
get: 1496270098.025004 5 0 18 0x7f3482800650 0x7f55921114c0 1 -1 16 753 53
get: 1496270098.025258 5 0 18 0x7f3482800670 0x7f5592111520 1 -1 16 753 53
get: 1496270098.025422 5 0 18 0x7f3482800528 0x7f55921104e0 1 -1 8 492 26
get: 1496270098.025586 5 0 18 0x7f3482800530 0x7f55921104d8 1 -1 8 492 26
get: 1496270098.025708 5 0 18 0x7f34828006a0 0x7f5592111568 1 -1 16 753 53
get: 1496270098.025879 5 0 18 0x7f3482800660 0x7f5592051550 1 -1 16 753 53
get: 1496270098.026028 5 0 18 0x7f3482800970 0x7f559201d510 1 -1 16 1003 53
get: 1496270098.026216 5 0 18 0x7f3482800980 0x7f55921115c0 1 -1 16 1003 53
get: 1496270098.026474 5 0 18 0x7f3482800768 0x7f55921104e0 1 -1 8 492 26
get: 1496270098.026626 5 0 18 0x7f3482800770 0x7f55921104d8 1 -1 8 492 26
get: 1496270098.026726 5 0 18 0x7f34828009b0 0x7f5592111608 1 -1 16 1003 53
put: 1496270098.026932 5 0 18 0x7f3482800a50 0x7f5592051650 1 -1 16 1003 53
f_executeOn: 1496270098.027405 5 0 -2 18 0x7f3482800e70 112 18
Etask: 1496270098.027498 5 18
task: 1496270098.035801 5 19 4 O 0 -5 28
Btask: 1496270098.035835 5 19
get: 1496270098.035877 5 2 19 0x7f3483003330 0x7fc9d401a040 1 -1 16 1354 53
get: 1496270098.036091 5 2 19 0x7f3483003350 0x7fc9d4011160 1 -1 16 1354 53
get: 1496270098.036231 5 2 19 0x7f3483002f28 0x7fc9cb40e160 1 -1 8 492 26
get: 1496270098.036407 5 2 19 0x7f3483002f30 0x7fc9cb40e158 1 -1 8 492 26
get: 1496270098.036651 5 2 19 0x7f3483003380 0x7fc9d40111a8 1 -1 16 1354 53
get: 1496270098.036794 5 2 19 0x7f3483003340 0x7fc9d4016100 1 -1 16 1354 53
get: 1496270098.036942 5 2 19 0x7f3483003350 0x7fc9d4011160 1 -1 16 1354 53
get: 1496270098.037101 5 2 19 0x7f3483002f28 0x7fc9cb40e160 1 -1 8 492 26
get: 1496270098.037233 5 2 19 0x7f3483002f30 0x7fc9cb40e158 1 -1 8 492 26
get: 1496270098.037375 5 2 19 0x7f3483003380 0x7fc9d40111a8 1 -1 16 1354 53
get: 1496270098.037461 5 2 19 0x7f3483003340 0x7fc9d4016110 1 -1 16 1354 53
get: 1496270098.037543 5 2 19 0x7f3483003350 0x7fc9d4011160 1 -1 16 1354 53
get: 1496270098.037798 5 2 19 0x7f3483002f28 0x7fc9cb40e160 1 -1 8 492 26
get: 1496270098.037895 5 2 19 0x7f3483002f30 0x7fc9cb40e158 1 -1 8 492 26
get: 1496270098.038040 5 2 19 0x7f3483003380 0x7fc9d40111a8 1 -1 16 1354 53
get: 1496270098.038426 5 2 19 0x7f3483003340 0x7fc9d4016120 1 -1 16 1354 53
get: 1496270098.038577 5 2 19 0x7f3483003350 0x7fc9d4011160 1 -1 16 1354 53
get: 1496270098.038687 5 2 19 0x7f3483002f28 0x7fc9cb40e160 1 -1 8 492 26
get: 1496270098.038797 5 2 19 0x7f3483002f30 0x7fc9cb40e158 1 -1 8 492 26
get: 1496270098.038965 5 2 19 0x7f3483003380 0x7fc9d40111a8 1 -1 16 1354 53
get: 1496270098.039185 5 2 19 0x7f3483003340 0x7fc9d4016130 1 -1 16 1354 53
get: 1496270098.039308 5 2 19 0x7f3483003350 0x7fc9d4011160 1 -1 16 1354 53
get: 1496270098.039638 5 2 19 0x7f3483002f28 0x7fc9cb40e160 1 -1 8 492 26
get: 1496270098.039762 5 2 19 0x7f3483002f30 0x7fc9cb40e158 1 -1 8 492 26
get: 1496270098.040111 5 2 19 0x7f3483003380 0x7fc9d40111a8 1 -1 16 1354 53
get: 1496270098.040414 5 2 19 0x7f3483003340 0x7fc9d4016140 1 -1 16 1354 53
get: 1496270098.040536 5 2 19 0x7f3483003350 0x7fc9d4011160 1 -1 16 1354 53
get: 1496270098.040682 5 2 19 0x7f3483002f28 0x7fc9cb40e160 1 -1 8 492 26
get: 1496270098.040823 5 2 19 0x7f3483002f30 0x7fc9cb40e158 1 -1 8 492 26
get: 1496270098.040908 5 2 19 0x7f3483003380 0x7fc9d40111a8 1 -1 16 1354 53
get: 1496270098.040967 5 2 19 0x7f3483003340 0x7fc9d4016150 1 -1 16 1354 53
get: 1496270098.041165 5 2 19 0x7f3483003350 0x7fc9d4011160 1 -1 16 1354 53
get: 1496270098.041261 5 2 19 0x7f3483002f28 0x7fc9cb40e160 1 -1 8 492 26
get: 1496270098.041478 5 2 19 0x7f3483002f30 0x7fc9cb40e158 1 -1 8 492 26
get: 1496270098.041659 5 2 19 0x7f3483003380 0x7fc9d40111a8 1 -1 16 1354 53
get: 1496270098.041908 5 2 19 0x7f3483003340 0x7fc9d4016160 1 -1 16 1354 53
get: 1496270098.042575 5 2 19 0x7f3483003350 0x7fc9d4011160 1 -1 16 1354 53
get: 1496270098.042669 5 2 19 0x7f3483002f28 0x7fc9cb40e160 1 -1 8 492 26
get: 1496270098.042928 5 2 19 0x7f3483002f30 0x7fc9cb40e158 1 -1 8 492 26
get: 1496270098.043124 5 2 19 0x7f3483003380 0x7fc9d40111a8 1 -1 16 1354 53
get: 1496270098.043217 5 2 19 0x7f3483003340 0x7fc9d4016170 1 -1 16 1354 53
get: 1496270098.043325 5 2 19 0x7f3483003350 0x7fc9d4011160 1 -1 16 1354 53
get: 1496270098.043490 5 2 19 0x7f3483002f28 0x7fc9cb40e160 1 -1 8 492 26
get: 1496270098.043637 5 2 19 0x7f3483002f30 0x7fc9cb40e158 1 -1 8 492 26
get: 1496270098.043786 5 2 19 0x7f3483003380 0x7fc9d40111a8 1 -1 16 1354 53
get: 1496270098.043887 5 2 19 0x7f3483003340 0x7fc9d4016180 1 -1 16 1354 53
get: 1496270098.044023 5 2 19 0x7f3483003350 0x7fc9d4011160 1 -1 16 1354 53
get: 1496270098.044334 5 2 19 0x7f3483002f28 0x7fc9cb40e160 1 -1 8 492 26
get: 1496270098.044421 5 2 19 0x7f3483002f30 0x7fc9cb40e158 1 -1 8 492 26
get: 1496270098.044473 5 2 19 0x7f3483003380 0x7fc9d40111a8 1 -1 16 1354 53
get: 1496270098.044586 5 2 19 0x7f3483003340 0x7fc9d4016190 1 -1 16 1354 53
get: 1496270098.044675 5 2 19 0x7f3483003350 0x7fc9d4011160 1 -1 16 1354 53
get: 1496270098.044785 5 2 19 0x7f3483002f28 0x7fc9cb40e160 1 -1 8 492 26
get: 1496270098.044901 5 2 19 0x7f3483002f30 0x7fc9cb40e158 1 -1 8 492 26
get: 1496270098.045021 5 2 19 0x7f3483003380 0x7fc9d40111a8 1 -1 16 1354 53
get: 1496270098.045201 5 2 19 0x7f3483003340 0x7fc9d40161a0 1 -1 16 1354 53
get: 1496270098.045501 5 2 19 0x7f3483003350 0x7fc9d4011160 1 -1 16 1354 53
get: 1496270098.045750 5 2 19 0x7f3483002f28 0x7fc9cb40e160 1 -1 8 492 26
get: 1496270098.045940 5 2 19 0x7f3483002f30 0x7fc9cb40e158 1 -1 8 492 26
get: 1496270098.046255 5 2 19 0x7f3483003380 0x7fc9d40111a8 1 -1 16 1354 53
get: 1496270098.046602 5 2 19 0x7f3483003340 0x7fc9d40161b0 1 -1 16 1354 53
get: 1496270098.046876 5 2 19 0x7f3483003350 0x7fc9d4011160 1 -1 16 1354 53
get: 1496270098.047225 5 2 19 0x7f3483002f28 0x7fc9cb40e160 1 -1 8 492 26
get: 1496270098.047349 5 2 19 0x7f3483002f30 0x7fc9cb40e158 1 -1 8 492 26
get: 1496270098.047407 5 2 19 0x7f3483003380 0x7fc9d40111a8 1 -1 16 1354 53
get: 1496270098.047553 5 2 19 0x7f3483003340 0x7fc9d40161c0 1 -1 16 1354 53
get: 1496270098.047647 5 2 19 0x7f3483003350 0x7fc9d4011160 1 -1 16 1354 53
get: 1496270098.047763 5 2 19 0x7f3483002f28 0x7fc9cb40e160 1 -1 8 492 26
get: 1496270098.047850 5 2 19 0x7f3483002f30 0x7fc9cb40e158 1 -1 8 492 26
get: 1496270098.047970 5 2 19 0x7f3483003380 0x7fc9d40111a8 1 -1 16 1354 53
get: 1496270098.048397 5 2 19 0x7f3483003340 0x7fc9d40161d0 1 -1 16 1354 53
get: 1496270098.048647 5 2 19 0x7f3483003350 0x7fc9d4011160 1 -1 16 1354 53
get: 1496270098.049527 5 2 19 0x7f3483002f28 0x7fc9cb40e160 1 -1 8 492 26
get: 1496270098.049616 5 2 19 0x7f3483002f30 0x7fc9cb40e158 1 -1 8 492 26
get: 1496270098.049666 5 2 19 0x7f3483003380 0x7fc9d40111a8 1 -1 16 1354 53
get: 1496270098.049866 5 2 19 0x7f3483003340 0x7fc9d40161e0 1 -1 16 1354 53
get: 1496270098.050174 5 2 19 0x7f3483003350 0x7fc9d4011160 1 -1 16 1354 53
get: 1496270098.050395 5 2 19 0x7f3483002f28 0x7fc9cb40e160 1 -1 8 492 26
get: 1496270098.050495 5 2 19 0x7f3483002f30 0x7fc9cb40e158 1 -1 8 492 26
get: 1496270098.050576 5 2 19 0x7f3483003380 0x7fc9d40111a8 1 -1 16 1354 53
get: 1496270098.050648 5 2 19 0x7f3483003340 0x7fc9d40161f0 1 -1 16 1354 53
task: 1496270098.050743 5 20 19 L 215 28 24
task: 1496270098.050754 5 21 19 L 218 28 31
Btask: 1496270098.050792 5 21
Btask: 1496270098.050813 5 20
fork: 1496270098.050815 5 12 -2 32 0x7f3483806e10 136 21 
fork: 1496270098.050826 5 11 -2 28 0x7f3482800e10 136 20 
Etask: 1496270098.062436 5 20
Etask: 1496270098.063033 5 21
Etask: 1496270098.063067 5 19
task: 1496270098.066236 5 22 1 O 0 -5 129
Btask: 1496270098.066354 5 22
get: 1496270098.066367 5 0 22 0x7f347d800930 0x7f559201d568 1 -1 16 1002 53
get: 1496270098.066530 5 0 22 0x7f347d800650 0x7f55921114c0 1 -1 16 753 53
get: 1496270098.066689 5 0 22 0x7f347d800670 0x7f5592111520 1 -1 16 753 53
get: 1496270098.066922 5 0 22 0x7f347d800528 0x7f55921104e0 1 -1 8 492 26
get: 1496270098.067017 5 0 22 0x7f347d800530 0x7f55921104d8 1 -1 8 492 26
get: 1496270098.067068 5 0 22 0x7f347d8006a0 0x7f5592111568 1 -1 16 753 53
get: 1496270098.067123 5 0 22 0x7f347d800660 0x7f5592051550 1 -1 16 753 53
get: 1496270098.067225 5 0 22 0x7f347d800970 0x7f559201d580 1 -1 16 1003 53
get: 1496270098.067386 5 0 22 0x7f347d800980 0x7f5592111660 1 -1 16 1003 53
get: 1496270098.067524 5 0 22 0x7f347d800768 0x7f55921104e0 1 -1 8 492 26
get: 1496270098.067622 5 0 22 0x7f347d800770 0x7f55921104d8 1 -1 8 492 26
get: 1496270098.067734 5 0 22 0x7f347d8009b0 0x7f55921116a8 1 -1 16 1003 53
put: 1496270098.067951 5 0 22 0x7f347d800a50 0x7f5592051750 1 -1 16 1003 53
f_executeOn: 1496270098.068081 5 0 -2 18 0x7f347d800e70 112 22
Etask: 1496270098.068216 5 22
task: 1496270098.080409 5 23 4 O 0 -5 28
Btask: 1496270098.080503 5 23
get: 1496270098.080540 5 2 23 0x7f3478800330 0x7fc9cba4b040 1 -1 16 1354 53
get: 1496270098.080793 5 2 23 0x7f3478800350 0x7fc9cba52020 1 -1 16 1354 53
get: 1496270098.080933 5 2 23 0x7f34787fff28 0x7fc9cb40e160 1 -1 8 492 26
get: 1496270098.081155 5 2 23 0x7f34787fff30 0x7fc9cb40e158 1 -1 8 492 26
get: 1496270098.081267 5 2 23 0x7f3478800380 0x7fc9cba52068 1 -1 16 1354 53
get: 1496270098.081579 5 2 23 0x7f3478800340 0x7fc9cba57000 1 -1 16 1354 53
get: 1496270098.081801 5 2 23 0x7f3478800350 0x7fc9cba52020 1 -1 16 1354 53
get: 1496270098.081993 5 2 23 0x7f34787fff28 0x7fc9cb40e160 1 -1 8 492 26
get: 1496270098.082356 5 2 23 0x7f34787fff30 0x7fc9cb40e158 1 -1 8 492 26
get: 1496270098.082554 5 2 23 0x7f3478800380 0x7fc9cba52068 1 -1 16 1354 53
get: 1496270098.082794 5 2 23 0x7f3478800340 0x7fc9cba57010 1 -1 16 1354 53
get: 1496270098.082902 5 2 23 0x7f3478800350 0x7fc9cba52020 1 -1 16 1354 53
get: 1496270098.083533 5 2 23 0x7f34787fff28 0x7fc9cb40e160 1 -1 8 492 26
get: 1496270098.083663 5 2 23 0x7f34787fff30 0x7fc9cb40e158 1 -1 8 492 26
get: 1496270098.083758 5 2 23 0x7f3478800380 0x7fc9cba52068 1 -1 16 1354 53
get: 1496270098.083858 5 2 23 0x7f3478800340 0x7fc9cba57020 1 -1 16 1354 53
get: 1496270098.083946 5 2 23 0x7f3478800350 0x7fc9cba52020 1 -1 16 1354 53
get: 1496270098.084134 5 2 23 0x7f34787fff28 0x7fc9cb40e160 1 -1 8 492 26
get: 1496270098.084267 5 2 23 0x7f34787fff30 0x7fc9cb40e158 1 -1 8 492 26
get: 1496270098.084322 5 2 23 0x7f3478800380 0x7fc9cba52068 1 -1 16 1354 53
get: 1496270098.084427 5 2 23 0x7f3478800340 0x7fc9cba57030 1 -1 16 1354 53
get: 1496270098.084524 5 2 23 0x7f3478800350 0x7fc9cba52020 1 -1 16 1354 53
get: 1496270098.084613 5 2 23 0x7f34787fff28 0x7fc9cb40e160 1 -1 8 492 26
get: 1496270098.085120 5 2 23 0x7f34787fff30 0x7fc9cb40e158 1 -1 8 492 26
get: 1496270098.085213 5 2 23 0x7f3478800380 0x7fc9cba52068 1 -1 16 1354 53
get: 1496270098.085359 5 2 23 0x7f3478800340 0x7fc9cba57040 1 -1 16 1354 53
get: 1496270098.085544 5 2 23 0x7f3478800350 0x7fc9cba52020 1 -1 16 1354 53
get: 1496270098.085730 5 2 23 0x7f34787fff28 0x7fc9cb40e160 1 -1 8 492 26
get: 1496270098.085874 5 2 23 0x7f34787fff30 0x7fc9cb40e158 1 -1 8 492 26
get: 1496270098.085974 5 2 23 0x7f3478800380 0x7fc9cba52068 1 -1 16 1354 53
get: 1496270098.086246 5 2 23 0x7f3478800340 0x7fc9cba57050 1 -1 16 1354 53
get: 1496270098.086337 5 2 23 0x7f3478800350 0x7fc9cba52020 1 -1 16 1354 53
get: 1496270098.086461 5 2 23 0x7f34787fff28 0x7fc9cb40e160 1 -1 8 492 26
get: 1496270098.086545 5 2 23 0x7f34787fff30 0x7fc9cb40e158 1 -1 8 492 26
get: 1496270098.086707 5 2 23 0x7f3478800380 0x7fc9cba52068 1 -1 16 1354 53
get: 1496270098.086934 5 2 23 0x7f3478800340 0x7fc9cba57060 1 -1 16 1354 53
get: 1496270098.087047 5 2 23 0x7f3478800350 0x7fc9cba52020 1 -1 16 1354 53
get: 1496270098.087141 5 2 23 0x7f34787fff28 0x7fc9cb40e160 1 -1 8 492 26
get: 1496270098.087497 5 2 23 0x7f34787fff30 0x7fc9cb40e158 1 -1 8 492 26
get: 1496270098.087643 5 2 23 0x7f3478800380 0x7fc9cba52068 1 -1 16 1354 53
get: 1496270098.087748 5 2 23 0x7f3478800340 0x7fc9cba57070 1 -1 16 1354 53
get: 1496270098.087873 5 2 23 0x7f3478800350 0x7fc9cba52020 1 -1 16 1354 53
get: 1496270098.087981 5 2 23 0x7f34787fff28 0x7fc9cb40e160 1 -1 8 492 26
get: 1496270098.088070 5 2 23 0x7f34787fff30 0x7fc9cb40e158 1 -1 8 492 26
get: 1496270098.088125 5 2 23 0x7f3478800380 0x7fc9cba52068 1 -1 16 1354 53
get: 1496270098.088199 5 2 23 0x7f3478800340 0x7fc9cba57080 1 -1 16 1354 53
get: 1496270098.088354 5 2 23 0x7f3478800350 0x7fc9cba52020 1 -1 16 1354 53
get: 1496270098.088467 5 2 23 0x7f34787fff28 0x7fc9cb40e160 1 -1 8 492 26
get: 1496270098.088612 5 2 23 0x7f34787fff30 0x7fc9cb40e158 1 -1 8 492 26
get: 1496270098.088699 5 2 23 0x7f3478800380 0x7fc9cba52068 1 -1 16 1354 53
get: 1496270098.088756 5 2 23 0x7f3478800340 0x7fc9cba57090 1 -1 16 1354 53
get: 1496270098.088863 5 2 23 0x7f3478800350 0x7fc9cba52020 1 -1 16 1354 53
get: 1496270098.088949 5 2 23 0x7f34787fff28 0x7fc9cb40e160 1 -1 8 492 26
get: 1496270098.089128 5 2 23 0x7f34787fff30 0x7fc9cb40e158 1 -1 8 492 26
get: 1496270098.089280 5 2 23 0x7f3478800380 0x7fc9cba52068 1 -1 16 1354 53
get: 1496270098.089366 5 2 23 0x7f3478800340 0x7fc9cba570a0 1 -1 16 1354 53
get: 1496270098.089664 5 2 23 0x7f3478800350 0x7fc9cba52020 1 -1 16 1354 53
get: 1496270098.090028 5 2 23 0x7f34787fff28 0x7fc9cb40e160 1 -1 8 492 26
get: 1496270098.090137 5 2 23 0x7f34787fff30 0x7fc9cb40e158 1 -1 8 492 26
get: 1496270098.090218 5 2 23 0x7f3478800380 0x7fc9cba52068 1 -1 16 1354 53
get: 1496270098.090297 5 2 23 0x7f3478800340 0x7fc9cba570b0 1 -1 16 1354 53
get: 1496270098.090490 5 2 23 0x7f3478800350 0x7fc9cba52020 1 -1 16 1354 53
get: 1496270098.090814 5 2 23 0x7f34787fff28 0x7fc9cb40e160 1 -1 8 492 26
get: 1496270098.090918 5 2 23 0x7f34787fff30 0x7fc9cb40e158 1 -1 8 492 26
get: 1496270098.091068 5 2 23 0x7f3478800380 0x7fc9cba52068 1 -1 16 1354 53
get: 1496270098.091160 5 2 23 0x7f3478800340 0x7fc9cba570c0 1 -1 16 1354 53
get: 1496270098.091270 5 2 23 0x7f3478800350 0x7fc9cba52020 1 -1 16 1354 53
get: 1496270098.091359 5 2 23 0x7f34787fff28 0x7fc9cb40e160 1 -1 8 492 26
get: 1496270098.091475 5 2 23 0x7f34787fff30 0x7fc9cb40e158 1 -1 8 492 26
get: 1496270098.091826 5 2 23 0x7f3478800380 0x7fc9cba52068 1 -1 16 1354 53
get: 1496270098.091996 5 2 23 0x7f3478800340 0x7fc9cba570d0 1 -1 16 1354 53
get: 1496270098.092090 5 2 23 0x7f3478800350 0x7fc9cba52020 1 -1 16 1354 53
get: 1496270098.092205 5 2 23 0x7f34787fff28 0x7fc9cb40e160 1 -1 8 492 26
get: 1496270098.092423 5 2 23 0x7f34787fff30 0x7fc9cb40e158 1 -1 8 492 26
get: 1496270098.092587 5 2 23 0x7f3478800380 0x7fc9cba52068 1 -1 16 1354 53
get: 1496270098.092677 5 2 23 0x7f3478800340 0x7fc9cba570e0 1 -1 16 1354 53
get: 1496270098.092820 5 2 23 0x7f3478800350 0x7fc9cba52020 1 -1 16 1354 53
get: 1496270098.093039 5 2 23 0x7f34787fff28 0x7fc9cb40e160 1 -1 8 492 26
get: 1496270098.093397 5 2 23 0x7f34787fff30 0x7fc9cb40e158 1 -1 8 492 26
get: 1496270098.093510 5 2 23 0x7f3478800380 0x7fc9cba52068 1 -1 16 1354 53
get: 1496270098.093768 5 2 23 0x7f3478800340 0x7fc9cba570f0 1 -1 16 1354 53
task: 1496270098.093865 5 24 23 L 215 28 24
task: 1496270098.093874 5 25 23 L 218 28 31
Btask: 1496270098.093930 5 24
Btask: 1496270098.093942 5 25
fork: 1496270098.093945 5 11 -2 28 0x7f3482800e10 136 24 
fork: 1496270098.093955 5 12 -2 32 0x7f3483003e10 136 25 
Etask: 1496270098.106499 5 24
Etask: 1496270098.113277 5 25
Etask: 1496270098.113296 5 23
task: 1496270098.114280 5 26 4 O 0 -5 129
Btask: 1496270098.114376 5 26
get: 1496270098.114390 5 0 26 0x7f3473800930 0x7f559201d5d8 1 -1 16 1002 53
get: 1496270098.114535 5 0 26 0x7f3473800650 0x7f55921114c0 1 -1 16 753 53
get: 1496270098.114814 5 0 26 0x7f3473800670 0x7f5592111520 1 -1 16 753 53
get: 1496270098.114949 5 0 26 0x7f3473800528 0x7f55921104e0 1 -1 8 492 26
get: 1496270098.115032 5 0 26 0x7f3473800530 0x7f55921104d8 1 -1 8 492 26
get: 1496270098.115082 5 0 26 0x7f34738006a0 0x7f5592111568 1 -1 16 753 53
get: 1496270098.115140 5 0 26 0x7f3473800660 0x7f5592051550 1 -1 16 753 53
get: 1496270098.115708 5 0 26 0x7f3473800970 0x7f559201d5f0 1 -1 16 1003 53
get: 1496270098.115847 5 0 26 0x7f3473800980 0x7f5592111700 1 -1 16 1003 53
get: 1496270098.115935 5 0 26 0x7f3473800768 0x7f55921104e0 1 -1 8 492 26
get: 1496270098.116110 5 0 26 0x7f3473800770 0x7f55921104d8 1 -1 8 492 26
get: 1496270098.116378 5 0 26 0x7f34738009b0 0x7f5592111748 1 -1 16 1003 53
put: 1496270098.116563 5 0 26 0x7f3473800a50 0x7f5592051850 1 -1 16 1003 53
f_executeOn: 1496270098.116652 5 0 -2 18 0x7f3473800e70 112 26
Etask: 1496270098.116768 5 26
task: 1496270098.128379 5 27 4 O 0 -5 28
Btask: 1496270098.128484 5 27
get: 1496270098.128523 5 2 27 0x7f346e800330 0x7fc9cb613040 1 -1 16 1354 53
get: 1496270098.128623 5 2 27 0x7f346e800350 0x7fc9cb61a020 1 -1 16 1354 53
get: 1496270098.128781 5 2 27 0x7f346e7fff28 0x7fc9cb40e160 1 -1 8 492 26
get: 1496270098.128912 5 2 27 0x7f346e7fff30 0x7fc9cb40e158 1 -1 8 492 26
get: 1496270098.129135 5 2 27 0x7f346e800380 0x7fc9cb61a068 1 -1 16 1354 53
get: 1496270098.129297 5 2 27 0x7f346e800340 0x7fc9cb61f000 1 -1 16 1354 53
get: 1496270098.129429 5 2 27 0x7f346e800350 0x7fc9cb61a020 1 -1 16 1354 53
get: 1496270098.129587 5 2 27 0x7f346e7fff28 0x7fc9cb40e160 1 -1 8 492 26
get: 1496270098.129757 5 2 27 0x7f346e7fff30 0x7fc9cb40e158 1 -1 8 492 26
get: 1496270098.129975 5 2 27 0x7f346e800380 0x7fc9cb61a068 1 -1 16 1354 53
get: 1496270098.130075 5 2 27 0x7f346e800340 0x7fc9cb61f010 1 -1 16 1354 53
get: 1496270098.130209 5 2 27 0x7f346e800350 0x7fc9cb61a020 1 -1 16 1354 53
get: 1496270098.130467 5 2 27 0x7f346e7fff28 0x7fc9cb40e160 1 -1 8 492 26
get: 1496270098.130629 5 2 27 0x7f346e7fff30 0x7fc9cb40e158 1 -1 8 492 26
get: 1496270098.130736 5 2 27 0x7f346e800380 0x7fc9cb61a068 1 -1 16 1354 53
get: 1496270098.131050 5 2 27 0x7f346e800340 0x7fc9cb61f020 1 -1 16 1354 53
get: 1496270098.131611 5 2 27 0x7f346e800350 0x7fc9cb61a020 1 -1 16 1354 53
get: 1496270098.131733 5 2 27 0x7f346e7fff28 0x7fc9cb40e160 1 -1 8 492 26
get: 1496270098.132043 5 2 27 0x7f346e7fff30 0x7fc9cb40e158 1 -1 8 492 26
get: 1496270098.132307 5 2 27 0x7f346e800380 0x7fc9cb61a068 1 -1 16 1354 53
get: 1496270098.132540 5 2 27 0x7f346e800340 0x7fc9cb61f030 1 -1 16 1354 53
get: 1496270098.132630 5 2 27 0x7f346e800350 0x7fc9cb61a020 1 -1 16 1354 53
get: 1496270098.132831 5 2 27 0x7f346e7fff28 0x7fc9cb40e160 1 -1 8 492 26
get: 1496270098.132928 5 2 27 0x7f346e7fff30 0x7fc9cb40e158 1 -1 8 492 26
get: 1496270098.133222 5 2 27 0x7f346e800380 0x7fc9cb61a068 1 -1 16 1354 53
get: 1496270098.133279 5 2 27 0x7f346e800340 0x7fc9cb61f040 1 -1 16 1354 53
get: 1496270098.133397 5 2 27 0x7f346e800350 0x7fc9cb61a020 1 -1 16 1354 53
get: 1496270098.133601 5 2 27 0x7f346e7fff28 0x7fc9cb40e160 1 -1 8 492 26
get: 1496270098.133801 5 2 27 0x7f346e7fff30 0x7fc9cb40e158 1 -1 8 492 26
get: 1496270098.134093 5 2 27 0x7f346e800380 0x7fc9cb61a068 1 -1 16 1354 53
get: 1496270098.134171 5 2 27 0x7f346e800340 0x7fc9cb61f050 1 -1 16 1354 53
get: 1496270098.134412 5 2 27 0x7f346e800350 0x7fc9cb61a020 1 -1 16 1354 53
get: 1496270098.134524 5 2 27 0x7f346e7fff28 0x7fc9cb40e160 1 -1 8 492 26
get: 1496270098.134608 5 2 27 0x7f346e7fff30 0x7fc9cb40e158 1 -1 8 492 26
get: 1496270098.135066 5 2 27 0x7f346e800380 0x7fc9cb61a068 1 -1 16 1354 53
get: 1496270098.135185 5 2 27 0x7f346e800340 0x7fc9cb61f060 1 -1 16 1354 53
get: 1496270098.135335 5 2 27 0x7f346e800350 0x7fc9cb61a020 1 -1 16 1354 53
get: 1496270098.135483 5 2 27 0x7f346e7fff28 0x7fc9cb40e160 1 -1 8 492 26
get: 1496270098.135629 5 2 27 0x7f346e7fff30 0x7fc9cb40e158 1 -1 8 492 26
get: 1496270098.135842 5 2 27 0x7f346e800380 0x7fc9cb61a068 1 -1 16 1354 53
get: 1496270098.135928 5 2 27 0x7f346e800340 0x7fc9cb61f070 1 -1 16 1354 53
get: 1496270098.136249 5 2 27 0x7f346e800350 0x7fc9cb61a020 1 -1 16 1354 53
get: 1496270098.136342 5 2 27 0x7f346e7fff28 0x7fc9cb40e160 1 -1 8 492 26
get: 1496270098.136398 5 2 27 0x7f346e7fff30 0x7fc9cb40e158 1 -1 8 492 26
get: 1496270098.136515 5 2 27 0x7f346e800380 0x7fc9cb61a068 1 -1 16 1354 53
get: 1496270098.136675 5 2 27 0x7f346e800340 0x7fc9cb61f080 1 -1 16 1354 53
get: 1496270098.136772 5 2 27 0x7f346e800350 0x7fc9cb61a020 1 -1 16 1354 53
get: 1496270098.136870 5 2 27 0x7f346e7fff28 0x7fc9cb40e160 1 -1 8 492 26
get: 1496270098.137128 5 2 27 0x7f346e7fff30 0x7fc9cb40e158 1 -1 8 492 26
get: 1496270098.137212 5 2 27 0x7f346e800380 0x7fc9cb61a068 1 -1 16 1354 53
get: 1496270098.137322 5 2 27 0x7f346e800340 0x7fc9cb61f090 1 -1 16 1354 53
get: 1496270098.137439 5 2 27 0x7f346e800350 0x7fc9cb61a020 1 -1 16 1354 53
get: 1496270098.137531 5 2 27 0x7f346e7fff28 0x7fc9cb40e160 1 -1 8 492 26
get: 1496270098.137719 5 2 27 0x7f346e7fff30 0x7fc9cb40e158 1 -1 8 492 26
get: 1496270098.137795 5 2 27 0x7f346e800380 0x7fc9cb61a068 1 -1 16 1354 53
get: 1496270098.137883 5 2 27 0x7f346e800340 0x7fc9cb61f0a0 1 -1 16 1354 53
get: 1496270098.137955 5 2 27 0x7f346e800350 0x7fc9cb61a020 1 -1 16 1354 53
get: 1496270098.138045 5 2 27 0x7f346e7fff28 0x7fc9cb40e160 1 -1 8 492 26
get: 1496270098.138154 5 2 27 0x7f346e7fff30 0x7fc9cb40e158 1 -1 8 492 26
get: 1496270098.138261 5 2 27 0x7f346e800380 0x7fc9cb61a068 1 -1 16 1354 53
get: 1496270098.138402 5 2 27 0x7f346e800340 0x7fc9cb61f0b0 1 -1 16 1354 53
get: 1496270098.138501 5 2 27 0x7f346e800350 0x7fc9cb61a020 1 -1 16 1354 53
get: 1496270098.138744 5 2 27 0x7f346e7fff28 0x7fc9cb40e160 1 -1 8 492 26
get: 1496270098.138834 5 2 27 0x7f346e7fff30 0x7fc9cb40e158 1 -1 8 492 26
get: 1496270098.138886 5 2 27 0x7f346e800380 0x7fc9cb61a068 1 -1 16 1354 53
get: 1496270098.138997 5 2 27 0x7f346e800340 0x7fc9cb61f0c0 1 -1 16 1354 53
get: 1496270098.139242 5 2 27 0x7f346e800350 0x7fc9cb61a020 1 -1 16 1354 53
get: 1496270098.139382 5 2 27 0x7f346e7fff28 0x7fc9cb40e160 1 -1 8 492 26
get: 1496270098.139743 5 2 27 0x7f346e7fff30 0x7fc9cb40e158 1 -1 8 492 26
get: 1496270098.139842 5 2 27 0x7f346e800380 0x7fc9cb61a068 1 -1 16 1354 53
get: 1496270098.140003 5 2 27 0x7f346e800340 0x7fc9cb61f0d0 1 -1 16 1354 53
get: 1496270098.140092 5 2 27 0x7f346e800350 0x7fc9cb61a020 1 -1 16 1354 53
get: 1496270098.140707 5 2 27 0x7f346e7fff28 0x7fc9cb40e160 1 -1 8 492 26
get: 1496270098.140795 5 2 27 0x7f346e7fff30 0x7fc9cb40e158 1 -1 8 492 26
get: 1496270098.141776 5 2 27 0x7f346e800380 0x7fc9cb61a068 1 -1 16 1354 53
get: 1496270098.142038 5 2 27 0x7f346e800340 0x7fc9cb61f0e0 1 -1 16 1354 53
get: 1496270098.142151 5 2 27 0x7f346e800350 0x7fc9cb61a020 1 -1 16 1354 53
get: 1496270098.142250 5 2 27 0x7f346e7fff28 0x7fc9cb40e160 1 -1 8 492 26
get: 1496270098.142416 5 2 27 0x7f346e7fff30 0x7fc9cb40e158 1 -1 8 492 26
get: 1496270098.142499 5 2 27 0x7f346e800380 0x7fc9cb61a068 1 -1 16 1354 53
get: 1496270098.142556 5 2 27 0x7f346e800340 0x7fc9cb61f0f0 1 -1 16 1354 53
task: 1496270098.142680 5 28 27 L 215 28 24
task: 1496270098.142690 5 29 27 L 218 28 31
Btask: 1496270098.142717 5 28
fork: 1496270098.142729 5 11 -2 28 0x7f3482800e10 136 28 
Btask: 1496270098.142751 5 29
fork: 1496270098.142764 5 12 -2 32 0x7f3483003e10 136 29 
Etask: 1496270098.154415 5 29
Etask: 1496270098.159127 5 28
Etask: 1496270098.159146 5 27
task: 1496270098.192682 5 30 1 O 0 -5 129
Btask: 1496270098.192787 5 30
get: 1496270098.192794 5 0 30 0x7f3463800930 0x7f559201d648 1 -1 16 1002 53
get: 1496270098.193099 5 0 30 0x7f3463800650 0x7f55921114c0 1 -1 16 753 53
get: 1496270098.193252 5 0 30 0x7f3463800670 0x7f5592111520 1 -1 16 753 53
get: 1496270098.193401 5 0 30 0x7f3463800528 0x7f55921104e0 1 -1 8 492 26
get: 1496270098.193552 5 0 30 0x7f3463800530 0x7f55921104d8 1 -1 8 492 26
get: 1496270098.193700 5 0 30 0x7f34638006a0 0x7f5592111568 1 -1 16 753 53
get: 1496270098.193827 5 0 30 0x7f3463800660 0x7f5592051550 1 -1 16 753 53
get: 1496270098.193983 5 0 30 0x7f3463800970 0x7f559201d660 1 -1 16 1003 53
get: 1496270098.194100 5 0 30 0x7f3463800980 0x7f55921117a0 1 -1 16 1003 53
get: 1496270098.194183 5 0 30 0x7f3463800768 0x7f55921104e0 1 -1 8 492 26
get: 1496270098.194228 5 0 30 0x7f3463800770 0x7f55921104d8 1 -1 8 492 26
get: 1496270098.194312 5 0 30 0x7f34638009b0 0x7f55921117e8 1 -1 16 1003 53
put: 1496270098.194415 5 0 30 0x7f3463800a50 0x7f5592051950 1 -1 16 1003 53
f_executeOn: 1496270098.194596 5 0 -2 18 0x7f3463800e70 112 30
Etask: 1496270098.194704 5 30
task: 1496270098.217013 5 31 1 O 0 -5 28
Btask: 1496270098.217108 5 31
get: 1496270098.217143 5 2 31 0x7f345e800330 0x7fc9cb213040 1 -1 16 1354 53
get: 1496270098.217318 5 2 31 0x7f345e800350 0x7fc9cb21a020 1 -1 16 1354 53
get: 1496270098.217457 5 2 31 0x7f345e7fff28 0x7fc9cb40e160 1 -1 8 492 26
get: 1496270098.217607 5 2 31 0x7f345e7fff30 0x7fc9cb40e158 1 -1 8 492 26
get: 1496270098.217761 5 2 31 0x7f345e800380 0x7fc9cb21a068 1 -1 16 1354 53
get: 1496270098.217958 5 2 31 0x7f345e800340 0x7fc9cb21f000 1 -1 16 1354 53
get: 1496270098.218081 5 2 31 0x7f345e800350 0x7fc9cb21a020 1 -1 16 1354 53
get: 1496270098.218194 5 2 31 0x7f345e7fff28 0x7fc9cb40e160 1 -1 8 492 26
get: 1496270098.218327 5 2 31 0x7f345e7fff30 0x7fc9cb40e158 1 -1 8 492 26
get: 1496270098.218501 5 2 31 0x7f345e800380 0x7fc9cb21a068 1 -1 16 1354 53
get: 1496270098.218613 5 2 31 0x7f345e800340 0x7fc9cb21f010 1 -1 16 1354 53
get: 1496270098.218710 5 2 31 0x7f345e800350 0x7fc9cb21a020 1 -1 16 1354 53
get: 1496270098.218765 5 2 31 0x7f345e7fff28 0x7fc9cb40e160 1 -1 8 492 26
get: 1496270098.218952 5 2 31 0x7f345e7fff30 0x7fc9cb40e158 1 -1 8 492 26
get: 1496270098.219065 5 2 31 0x7f345e800380 0x7fc9cb21a068 1 -1 16 1354 53
get: 1496270098.219142 5 2 31 0x7f345e800340 0x7fc9cb21f020 1 -1 16 1354 53
get: 1496270098.219291 5 2 31 0x7f345e800350 0x7fc9cb21a020 1 -1 16 1354 53
get: 1496270098.219376 5 2 31 0x7f345e7fff28 0x7fc9cb40e160 1 -1 8 492 26
get: 1496270098.219434 5 2 31 0x7f345e7fff30 0x7fc9cb40e158 1 -1 8 492 26
get: 1496270098.219539 5 2 31 0x7f345e800380 0x7fc9cb21a068 1 -1 16 1354 53
get: 1496270098.219613 5 2 31 0x7f345e800340 0x7fc9cb21f030 1 -1 16 1354 53
get: 1496270098.219699 5 2 31 0x7f345e800350 0x7fc9cb21a020 1 -1 16 1354 53
get: 1496270098.219773 5 2 31 0x7f345e7fff28 0x7fc9cb40e160 1 -1 8 492 26
get: 1496270098.219911 5 2 31 0x7f345e7fff30 0x7fc9cb40e158 1 -1 8 492 26
get: 1496270098.220003 5 2 31 0x7f345e800380 0x7fc9cb21a068 1 -1 16 1354 53
get: 1496270098.220109 5 2 31 0x7f345e800340 0x7fc9cb21f040 1 -1 16 1354 53
get: 1496270098.220197 5 2 31 0x7f345e800350 0x7fc9cb21a020 1 -1 16 1354 53
get: 1496270098.220245 5 2 31 0x7f345e7fff28 0x7fc9cb40e160 1 -1 8 492 26
get: 1496270098.220293 5 2 31 0x7f345e7fff30 0x7fc9cb40e158 1 -1 8 492 26
get: 1496270098.220367 5 2 31 0x7f345e800380 0x7fc9cb21a068 1 -1 16 1354 53
get: 1496270098.220506 5 2 31 0x7f345e800340 0x7fc9cb21f050 1 -1 16 1354 53
get: 1496270098.220648 5 2 31 0x7f345e800350 0x7fc9cb21a020 1 -1 16 1354 53
get: 1496270098.220736 5 2 31 0x7f345e7fff28 0x7fc9cb40e160 1 -1 8 492 26
get: 1496270098.220814 5 2 31 0x7f345e7fff30 0x7fc9cb40e158 1 -1 8 492 26
get: 1496270098.220924 5 2 31 0x7f345e800380 0x7fc9cb21a068 1 -1 16 1354 53
get: 1496270098.221017 5 2 31 0x7f345e800340 0x7fc9cb21f060 1 -1 16 1354 53
get: 1496270098.221161 5 2 31 0x7f345e800350 0x7fc9cb21a020 1 -1 16 1354 53
get: 1496270098.221275 5 2 31 0x7f345e7fff28 0x7fc9cb40e160 1 -1 8 492 26
get: 1496270098.221363 5 2 31 0x7f345e7fff30 0x7fc9cb40e158 1 -1 8 492 26
get: 1496270098.221477 5 2 31 0x7f345e800380 0x7fc9cb21a068 1 -1 16 1354 53
get: 1496270098.221561 5 2 31 0x7f345e800340 0x7fc9cb21f070 1 -1 16 1354 53
get: 1496270098.221633 5 2 31 0x7f345e800350 0x7fc9cb21a020 1 -1 16 1354 53
get: 1496270098.221793 5 2 31 0x7f345e7fff28 0x7fc9cb40e160 1 -1 8 492 26
get: 1496270098.221879 5 2 31 0x7f345e7fff30 0x7fc9cb40e158 1 -1 8 492 26
get: 1496270098.221993 5 2 31 0x7f345e800380 0x7fc9cb21a068 1 -1 16 1354 53
get: 1496270098.222078 5 2 31 0x7f345e800340 0x7fc9cb21f080 1 -1 16 1354 53
get: 1496270098.222152 5 2 31 0x7f345e800350 0x7fc9cb21a020 1 -1 16 1354 53
get: 1496270098.222303 5 2 31 0x7f345e7fff28 0x7fc9cb40e160 1 -1 8 492 26
get: 1496270098.222399 5 2 31 0x7f345e7fff30 0x7fc9cb40e158 1 -1 8 492 26
get: 1496270098.222451 5 2 31 0x7f345e800380 0x7fc9cb21a068 1 -1 16 1354 53
get: 1496270098.222562 5 2 31 0x7f345e800340 0x7fc9cb21f090 1 -1 16 1354 53
get: 1496270098.222665 5 2 31 0x7f345e800350 0x7fc9cb21a020 1 -1 16 1354 53
get: 1496270098.222821 5 2 31 0x7f345e7fff28 0x7fc9cb40e160 1 -1 8 492 26
get: 1496270098.222912 5 2 31 0x7f345e7fff30 0x7fc9cb40e158 1 -1 8 492 26
get: 1496270098.223026 5 2 31 0x7f345e800380 0x7fc9cb21a068 1 -1 16 1354 53
get: 1496270098.223164 5 2 31 0x7f345e800340 0x7fc9cb21f0a0 1 -1 16 1354 53
get: 1496270098.223267 5 2 31 0x7f345e800350 0x7fc9cb21a020 1 -1 16 1354 53
get: 1496270098.223356 5 2 31 0x7f345e7fff28 0x7fc9cb40e160 1 -1 8 492 26
get: 1496270098.223462 5 2 31 0x7f345e7fff30 0x7fc9cb40e158 1 -1 8 492 26
get: 1496270098.223561 5 2 31 0x7f345e800380 0x7fc9cb21a068 1 -1 16 1354 53
get: 1496270098.223664 5 2 31 0x7f345e800340 0x7fc9cb21f0b0 1 -1 16 1354 53
get: 1496270098.223798 5 2 31 0x7f345e800350 0x7fc9cb21a020 1 -1 16 1354 53
get: 1496270098.223899 5 2 31 0x7f345e7fff28 0x7fc9cb40e160 1 -1 8 492 26
get: 1496270098.223983 5 2 31 0x7f345e7fff30 0x7fc9cb40e158 1 -1 8 492 26
get: 1496270098.224126 5 2 31 0x7f345e800380 0x7fc9cb21a068 1 -1 16 1354 53
get: 1496270098.224274 5 2 31 0x7f345e800340 0x7fc9cb21f0c0 1 -1 16 1354 53
get: 1496270098.224367 5 2 31 0x7f345e800350 0x7fc9cb21a020 1 -1 16 1354 53
get: 1496270098.224487 5 2 31 0x7f345e7fff28 0x7fc9cb40e160 1 -1 8 492 26
get: 1496270098.224571 5 2 31 0x7f345e7fff30 0x7fc9cb40e158 1 -1 8 492 26
get: 1496270098.224657 5 2 31 0x7f345e800380 0x7fc9cb21a068 1 -1 16 1354 53
get: 1496270098.224838 5 2 31 0x7f345e800340 0x7fc9cb21f0d0 1 -1 16 1354 53
get: 1496270098.224927 5 2 31 0x7f345e800350 0x7fc9cb21a020 1 -1 16 1354 53
get: 1496270098.225047 5 2 31 0x7f345e7fff28 0x7fc9cb40e160 1 -1 8 492 26
get: 1496270098.225130 5 2 31 0x7f345e7fff30 0x7fc9cb40e158 1 -1 8 492 26
get: 1496270098.225209 5 2 31 0x7f345e800380 0x7fc9cb21a068 1 -1 16 1354 53
get: 1496270098.225293 5 2 31 0x7f345e800340 0x7fc9cb21f0e0 1 -1 16 1354 53
get: 1496270098.225374 5 2 31 0x7f345e800350 0x7fc9cb21a020 1 -1 16 1354 53
get: 1496270098.225459 5 2 31 0x7f345e7fff28 0x7fc9cb40e160 1 -1 8 492 26
get: 1496270098.225509 5 2 31 0x7f345e7fff30 0x7fc9cb40e158 1 -1 8 492 26
get: 1496270098.225559 5 2 31 0x7f345e800380 0x7fc9cb21a068 1 -1 16 1354 53
get: 1496270098.225610 5 2 31 0x7f345e800340 0x7fc9cb21f0f0 1 -1 16 1354 53
task: 1496270098.225693 5 32 31 L 215 28 24
task: 1496270098.225701 5 33 31 L 218 28 31
Btask: 1496270098.225769 5 32
Btask: 1496270098.225770 5 33
fork: 1496270098.225800 5 11 -2 28 0x7f3482800e10 136 32 
fork: 1496270098.225806 5 12 -2 32 0x7f3483003e10 136 33 
Etask: 1496270098.235813 5 33
Etask: 1496270098.238748 5 32
Etask: 1496270098.238759 5 31
task: 1496270098.451516 5 34 4 O 0 -5 129
Btask: 1496270098.451636 5 34
get: 1496270098.451648 5 0 34 0x7f3459800930 0x7f559201d6b8 1 -1 16 1002 53
get: 1496270098.451804 5 0 34 0x7f3459800650 0x7f55921114c0 1 -1 16 753 53
get: 1496270098.452002 5 0 34 0x7f3459800670 0x7f5592111520 1 -1 16 753 53
get: 1496270098.452125 5 0 34 0x7f3459800528 0x7f55921104e0 1 -1 8 492 26
get: 1496270098.452291 5 0 34 0x7f3459800530 0x7f55921104d8 1 -1 8 492 26
get: 1496270098.452434 5 0 34 0x7f34598006a0 0x7f5592111568 1 -1 16 753 53
get: 1496270098.452579 5 0 34 0x7f3459800660 0x7f5592051550 1 -1 16 753 53
get: 1496270098.452770 5 0 34 0x7f3459800970 0x7f559201d6d0 1 -1 16 1003 53
get: 1496270098.452926 5 0 34 0x7f3459800980 0x7f5592111840 1 -1 16 1003 53
get: 1496270098.453143 5 0 34 0x7f3459800768 0x7f55921104e0 1 -1 8 492 26
get: 1496270098.453319 5 0 34 0x7f3459800770 0x7f55921104d8 1 -1 8 492 26
get: 1496270098.453437 5 0 34 0x7f34598009b0 0x7f5592111888 1 -1 16 1003 53
put: 1496270098.453626 5 0 34 0x7f3459800a50 0x7f5592051a50 1 -1 16 1003 53
f_executeOn: 1496270098.453779 5 0 -2 18 0x7f3459800e70 112 34
Etask: 1496270098.453909 5 34
task: 1496270098.462576 5 35 1 O 0 -5 28
Btask: 1496270098.462661 5 35
get: 1496270098.462688 5 2 35 0x7f3454800330 0x7fc9cae10040 1 -1 16 1354 53
get: 1496270098.462857 5 2 35 0x7f3454800350 0x7fc9cae17020 1 -1 16 1354 53
get: 1496270098.463002 5 2 35 0x7f34547fff28 0x7fc9cb40e160 1 -1 8 492 26
get: 1496270098.463165 5 2 35 0x7f34547fff30 0x7fc9cb40e158 1 -1 8 492 26
get: 1496270098.463283 5 2 35 0x7f3454800380 0x7fc9cae17068 1 -1 16 1354 53
get: 1496270098.463405 5 2 35 0x7f3454800340 0x7fc9cae1c000 1 -1 16 1354 53
get: 1496270098.463529 5 2 35 0x7f3454800350 0x7fc9cae17020 1 -1 16 1354 53
get: 1496270098.463644 5 2 35 0x7f34547fff28 0x7fc9cb40e160 1 -1 8 492 26
get: 1496270098.463845 5 2 35 0x7f34547fff30 0x7fc9cb40e158 1 -1 8 492 26
get: 1496270098.463967 5 2 35 0x7f3454800380 0x7fc9cae17068 1 -1 16 1354 53
get: 1496270098.464085 5 2 35 0x7f3454800340 0x7fc9cae1c010 1 -1 16 1354 53
get: 1496270098.464175 5 2 35 0x7f3454800350 0x7fc9cae17020 1 -1 16 1354 53
get: 1496270098.464250 5 2 35 0x7f34547fff28 0x7fc9cb40e160 1 -1 8 492 26
get: 1496270098.464334 5 2 35 0x7f34547fff30 0x7fc9cb40e158 1 -1 8 492 26
get: 1496270098.464409 5 2 35 0x7f3454800380 0x7fc9cae17068 1 -1 16 1354 53
get: 1496270098.464590 5 2 35 0x7f3454800340 0x7fc9cae1c020 1 -1 16 1354 53
get: 1496270098.464737 5 2 35 0x7f3454800350 0x7fc9cae17020 1 -1 16 1354 53
get: 1496270098.464962 5 2 35 0x7f34547fff28 0x7fc9cb40e160 1 -1 8 492 26
get: 1496270098.465049 5 2 35 0x7f34547fff30 0x7fc9cb40e158 1 -1 8 492 26
get: 1496270098.465161 5 2 35 0x7f3454800380 0x7fc9cae17068 1 -1 16 1354 53
get: 1496270098.465288 5 2 35 0x7f3454800340 0x7fc9cae1c030 1 -1 16 1354 53
get: 1496270098.465403 5 2 35 0x7f3454800350 0x7fc9cae17020 1 -1 16 1354 53
get: 1496270098.465541 5 2 35 0x7f34547fff28 0x7fc9cb40e160 1 -1 8 492 26
get: 1496270098.465628 5 2 35 0x7f34547fff30 0x7fc9cb40e158 1 -1 8 492 26
get: 1496270098.465709 5 2 35 0x7f3454800380 0x7fc9cae17068 1 -1 16 1354 53
get: 1496270098.465878 5 2 35 0x7f3454800340 0x7fc9cae1c040 1 -1 16 1354 53
get: 1496270098.465969 5 2 35 0x7f3454800350 0x7fc9cae17020 1 -1 16 1354 53
get: 1496270098.466170 5 2 35 0x7f34547fff28 0x7fc9cb40e160 1 -1 8 492 26
get: 1496270098.466288 5 2 35 0x7f34547fff30 0x7fc9cb40e158 1 -1 8 492 26
get: 1496270098.466396 5 2 35 0x7f3454800380 0x7fc9cae17068 1 -1 16 1354 53
get: 1496270098.466537 5 2 35 0x7f3454800340 0x7fc9cae1c050 1 -1 16 1354 53
get: 1496270098.466646 5 2 35 0x7f3454800350 0x7fc9cae17020 1 -1 16 1354 53
get: 1496270098.466828 5 2 35 0x7f34547fff28 0x7fc9cb40e160 1 -1 8 492 26
get: 1496270098.466917 5 2 35 0x7f34547fff30 0x7fc9cb40e158 1 -1 8 492 26
get: 1496270098.466967 5 2 35 0x7f3454800380 0x7fc9cae17068 1 -1 16 1354 53
get: 1496270098.467041 5 2 35 0x7f3454800340 0x7fc9cae1c060 1 -1 16 1354 53
get: 1496270098.467140 5 2 35 0x7f3454800350 0x7fc9cae17020 1 -1 16 1354 53
get: 1496270098.467226 5 2 35 0x7f34547fff28 0x7fc9cb40e160 1 -1 8 492 26
get: 1496270098.467297 5 2 35 0x7f34547fff30 0x7fc9cb40e158 1 -1 8 492 26
get: 1496270098.467439 5 2 35 0x7f3454800380 0x7fc9cae17068 1 -1 16 1354 53
get: 1496270098.467536 5 2 35 0x7f3454800340 0x7fc9cae1c070 1 -1 16 1354 53
get: 1496270098.467633 5 2 35 0x7f3454800350 0x7fc9cae17020 1 -1 16 1354 53
get: 1496270098.467721 5 2 35 0x7f34547fff28 0x7fc9cb40e160 1 -1 8 492 26
get: 1496270098.467797 5 2 35 0x7f34547fff30 0x7fc9cb40e158 1 -1 8 492 26
get: 1496270098.467903 5 2 35 0x7f3454800380 0x7fc9cae17068 1 -1 16 1354 53
get: 1496270098.467992 5 2 35 0x7f3454800340 0x7fc9cae1c080 1 -1 16 1354 53
get: 1496270098.468067 5 2 35 0x7f3454800350 0x7fc9cae17020 1 -1 16 1354 53
get: 1496270098.468207 5 2 35 0x7f34547fff28 0x7fc9cb40e160 1 -1 8 492 26
get: 1496270098.468296 5 2 35 0x7f34547fff30 0x7fc9cb40e158 1 -1 8 492 26
get: 1496270098.468410 5 2 35 0x7f3454800380 0x7fc9cae17068 1 -1 16 1354 53
get: 1496270098.468499 5 2 35 0x7f3454800340 0x7fc9cae1c090 1 -1 16 1354 53
get: 1496270098.468583 5 2 35 0x7f3454800350 0x7fc9cae17020 1 -1 16 1354 53
get: 1496270098.468670 5 2 35 0x7f34547fff28 0x7fc9cb40e160 1 -1 8 492 26
get: 1496270098.468744 5 2 35 0x7f34547fff30 0x7fc9cb40e158 1 -1 8 492 26
get: 1496270098.468849 5 2 35 0x7f3454800380 0x7fc9cae17068 1 -1 16 1354 53
get: 1496270098.468939 5 2 35 0x7f3454800340 0x7fc9cae1c0a0 1 -1 16 1354 53
get: 1496270098.468994 5 2 35 0x7f3454800350 0x7fc9cae17020 1 -1 16 1354 53
get: 1496270098.469103 5 2 35 0x7f34547fff28 0x7fc9cb40e160 1 -1 8 492 26
get: 1496270098.469189 5 2 35 0x7f34547fff30 0x7fc9cb40e158 1 -1 8 492 26
get: 1496270098.469240 5 2 35 0x7f3454800380 0x7fc9cae17068 1 -1 16 1354 53
get: 1496270098.469352 5 2 35 0x7f3454800340 0x7fc9cae1c0b0 1 -1 16 1354 53
get: 1496270098.469443 5 2 35 0x7f3454800350 0x7fc9cae17020 1 -1 16 1354 53
get: 1496270098.469498 5 2 35 0x7f34547fff28 0x7fc9cb40e160 1 -1 8 492 26
get: 1496270098.469605 5 2 35 0x7f34547fff30 0x7fc9cb40e158 1 -1 8 492 26
get: 1496270098.469689 5 2 35 0x7f3454800380 0x7fc9cae17068 1 -1 16 1354 53
get: 1496270098.469740 5 2 35 0x7f3454800340 0x7fc9cae1c0c0 1 -1 16 1354 53
get: 1496270098.469823 5 2 35 0x7f3454800350 0x7fc9cae17020 1 -1 16 1354 53
get: 1496270098.469966 5 2 35 0x7f34547fff28 0x7fc9cb40e160 1 -1 8 492 26
get: 1496270098.470089 5 2 35 0x7f34547fff30 0x7fc9cb40e158 1 -1 8 492 26
get: 1496270098.470173 5 2 35 0x7f3454800380 0x7fc9cae17068 1 -1 16 1354 53
get: 1496270098.470223 5 2 35 0x7f3454800340 0x7fc9cae1c0d0 1 -1 16 1354 53
get: 1496270098.470288 5 2 35 0x7f3454800350 0x7fc9cae17020 1 -1 16 1354 53
get: 1496270098.470454 5 2 35 0x7f34547fff28 0x7fc9cb40e160 1 -1 8 492 26
get: 1496270098.470541 5 2 35 0x7f34547fff30 0x7fc9cb40e158 1 -1 8 492 26
get: 1496270098.470590 5 2 35 0x7f3454800380 0x7fc9cae17068 1 -1 16 1354 53
get: 1496270098.470707 5 2 35 0x7f3454800340 0x7fc9cae1c0e0 1 -1 16 1354 53
get: 1496270098.470837 5 2 35 0x7f3454800350 0x7fc9cae17020 1 -1 16 1354 53
get: 1496270098.470951 5 2 35 0x7f34547fff28 0x7fc9cb40e160 1 -1 8 492 26
get: 1496270098.471072 5 2 35 0x7f34547fff30 0x7fc9cb40e158 1 -1 8 492 26
get: 1496270098.471216 5 2 35 0x7f3454800380 0x7fc9cae17068 1 -1 16 1354 53
get: 1496270098.471337 5 2 35 0x7f3454800340 0x7fc9cae1c0f0 1 -1 16 1354 53
task: 1496270098.471466 5 36 35 L 215 28 24
task: 1496270098.471475 5 37 35 L 218 28 31
Btask: 1496270098.471548 5 36
Btask: 1496270098.471549 5 37
fork: 1496270098.471579 5 11 -2 28 0x7f3482800e10 136 36 
fork: 1496270098.471585 5 12 -2 32 0x7f3483003e10 136 37 
Etask: 1496270098.482037 5 36
Etask: 1496270098.484298 5 37
Etask: 1496270098.484319 5 35
task: 1496270098.520117 5 38 4 O 0 -5 158
Btask: 1496270098.520204 5 38
VdbMark: 1496270098.520211 5 38
Tag: 1496270098.520218 1.608000 0.908000 5 38 2
Etask: 1496270098.520244 5 38
task: 1496270098.527797 5 39 1 O 0 -5 164
Btask: 1496270098.527955 5 39
f_executeOn: 1496270098.528003 5 0 -2 18 0x7f344a800e20 112 39
Etask: 1496270098.528149 5 39
task: 1496270098.535314 5 40 4 O 0 -5 158
Btask: 1496270098.535377 5 40
VdbMark: 1496270098.535391 5 40
Tag: 1496270098.535405 1.636000 0.916000 5 40 3
Etask: 1496270098.535440 5 40
task: 1496270098.579635 5 41 1 O 0 -5 158
Btask: 1496270098.579679 5 41
VdbMark: 1496270098.579714 5 41
Tag: 1496270098.579773 1.712000 0.932000 5 41 4
Etask: 1496270098.579827 5 41
task: 1496270098.587406 5 42 4 O 0 -5 160
Btask: 1496270098.587458 5 42
get: 1496270098.587479 5 2 42 0x7f347d800a80 0x7fc9cbc1d020 1 -1 8 33 51
get: 1496270098.587669 5 2 42 0x7f347d800a90 0x7fc9cbc1d028 1 -1 16 33 51
task: 1496270098.587805 5 43 42 L 30 51 159
task: 1496270098.587820 5 44 42 L 32 51 161
Btask: 1496270098.587845 5 43
fork: 1496270098.587858 5 11 -2 160 0x7f3482800e60 104 43 
Btask: 1496270098.587869 5 44
fork: 1496270098.587882 5 12 -2 162 0x7f3483003e60 104 44 
Etask: 1496270098.589239 5 43
Etask: 1496270098.589402 5 44
Etask: 1496270098.589423 5 42
task: 1496270098.595207 5 45 1 O 0 -5 158
Btask: 1496270098.595246 5 45
VdbMark: 1496270098.595251 5 45
Tag: 1496270098.595259 1.752000 0.936000 5 45 5
Etask: 1496270098.595292 5 45
task: 1496270098.605700 5 46 4 O 0 -5 158
Btask: 1496270098.605761 5 46
VdbMark: 1496270098.605776 5 46
Tag: 1496270098.605785 1.772000 0.936000 5 46 6
Etask: 1496270098.605818 5 46
task: 1496270098.610218 5 47 4 O 0 -5 166
Btask: 1496270098.610260 5 47
task: 1496270098.610278 5 48 47 L 76 51 165
task: 1496270098.610286 5 49 47 L 78 51 167
task: 1496270098.610292 5 50 47 L 80 51 169
Btask: 1496270098.610324 5 48
Btask: 1496270098.610326 5 49
fork: 1496270098.610334 5 11 -2 166 0x7f347d800e90 72 48 
fork: 1496270098.610337 5 12 -2 168 0x7f3478800e90 72 49 
Btask: 1496270098.610347 5 50
Etask: 1496270098.610364 5 50
Etask: 1496270098.610693 5 49
Etask: 1496270098.610973 5 48
Etask: 1496270098.610994 5 47
task: 1496270098.622296 5 51 4 O 0 -5 158
Btask: 1496270098.622324 5 51
VdbMark: 1496270098.622341 5 51
Tag: 1496270098.622349 1.804000 0.952000 5 51 7
Etask: 1496270098.622371 5 51
task: 1496270098.677062 5 52 1 O 0 -5 158
Btask: 1496270098.677084 5 52
VdbMark: 1496270098.677091 5 52
Tag: 1496270098.677097 1.860000 1.008000 5 52 8
Etask: 1496270098.677116 5 52
task: 1496270098.680308 5 53 1 O 0 -5 171
Btask: 1496270098.680367 5 53
Etask: 1496270098.680423 5 53
task: 1496270098.687340 5 54 1 O 0 -5 158
Btask: 1496270098.687398 5 54
VdbMark: 1496270098.687410 5 54
Tag: 1496270098.687418 1.864000 1.028000 5 54 9
Etask: 1496270098.687490 5 54
task: 1496270098.723795 5 55 4 O 0 -5 158
Btask: 1496270098.723863 5 55
VdbMark: 1496270098.723875 5 55
Pause: 1496270098.723882 1.904000 1.064000 5 55 9
VdbMark: 1496270098.726570 5 56
Tag: 1496270098.726585 1.908000 1.068000 5 56 10
Etask: 1496270098.726609 5 56
task: 1496270098.756436 5 57 1 O 0 -5 172
Btask: 1496270098.756569 5 57
get: 1496270098.756598 5 4 57 0x7f3482800e80 0x7f8936800a98 1 -1 8 157 51
get: 1496270098.756834 5 4 57 0x7f3482800e88 0x7f8936800a98 1 -1 8 157 51
get: 1496270098.757010 5 4 57 0x7f3482800930 0x7f8977219180 1 -1 8 157 51
get: 1496270098.757270 5 4 57 0x7f3482800940 0x7f8977219188 1 -1 16 157 51
Etask: 1496270098.757520 5 57
task: 1496270098.760530 5 58 4 O 0 -5 158
Btask: 1496270098.760584 5 58
VdbMark: 1496270098.760596 5 58
Tag: 1496270098.760606 1.944000 1.104000 5 58 11
Etask: 1496270098.760639 5 58
task: 1496270098.784396 5 59 4 O 0 -5 158
Btask: 1496270098.784434 5 59
VdbMark: 1496270098.784457 5 59
Pause: 1496270098.784470 1.980000 1.120000 5 59 11
VdbMark: 1496270098.788430 5 60
Tag: 1496270098.788446 1.988000 1.124000 5 60 12
Etask: 1496270098.788468 5 60
task: 1496270098.794314 5 61 1 O 0 -5 174
Btask: 1496270098.794375 5 61
get: 1496270098.794390 5 4 61 0x7f3473800a90 0x7f8930c0f000 1 -1 8 204 51
get: 1496270098.794633 5 4 61 0x7f3473800aa0 0x7f8930c0f008 1 -1 16 204 51
Etask: 1496270098.794884 5 61
task: 1496270098.806782 5 62 4 O 0 -5 158
Btask: 1496270098.806841 5 62
VdbMark: 1496270098.806855 5 62
End: 1496270098.806865 2.024000 1.128000 5 62
