ChplVdebug: ver 1.2 nodes 16 nid 1 tid 2 seq 56097699490.000 1496270097.700374 0.328000 0.128000 
Etask: 1496270097.701651 1 2
task: 1496270097.724174 1 3 1 O 0 -5 158
Btask: 1496270097.724724 1 3
VdbMark: 1496270097.725145 1 3
Tag: 1496270097.725163 0.368000 0.140000 1 3 0
Etask: 1496270097.725283 1 3
task: 1496270097.751505 1 4 5 O 0 -5 123
Btask: 1496270097.752002 1 4
get: 1496270097.752415 1 0 4 0x7f5181800c50 0x7f5592184348 1 -1 16 451 53
get: 1496270097.752582 1 0 4 0x7f5181800c60 0x7f55921113e0 1 -1 16 451 53
get: 1496270097.752758 1 0 4 0x7f5181800b08 0x7f55921104e0 1 -1 8 492 26
get: 1496270097.752970 1 0 4 0x7f5181800b10 0x7f55921104d8 1 -1 8 492 26
get: 1496270097.753165 1 0 4 0x7f5181800c90 0x7f5592111428 1 -1 16 451 53
put: 1496270097.753409 1 0 4 0x7f5181800cb0 0x7f5592051410 1 -1 16 451 53
f_executeOn: 1496270097.753598 1 0 -2 18 0x7f5181800df0 112 4
Etask: 1496270097.753770 1 4
task: 1496270097.755474 1 6 1 O 0 -5 27
Btask: 1496270097.755965 1 6
get: 1496270097.756453 1 0 6 0x7f517c7fff30 0x7f5592184348 1 -1 16 1295 53
get: 1496270097.756588 1 0 6 0x7f517c7ffe30 0x7f5592184328 1 -1 16 1294 53
get: 1496270097.756765 1 0 6 0x7f517c7ffe50 0x7f5592111340 1 -1 16 1294 53
get: 1496270097.756930 1 0 6 0x7f517c7ff9a8 0x7f55921104e0 1 -1 8 492 26
get: 1496270097.757101 1 0 6 0x7f517c7ff9b0 0x7f55921104d8 1 -1 8 492 26
get: 1496270097.757271 1 0 6 0x7f517c7ffe80 0x7f5592111388 1 -1 16 1294 53
get: 1496270097.757460 1 0 6 0x7f517c7ffe40 0x7f5592051300 1 -1 16 1294 53
get: 1496270097.757568 1 0 6 0x7f517c7fff50 0x7f55921113e0 1 -1 16 1295 53
get: 1496270097.757705 1 0 6 0x7f517c7ff9a8 0x7f55921104e0 1 -1 8 492 26
get: 1496270097.757825 1 0 6 0x7f517c7ff9b0 0x7f55921104d8 1 -1 8 492 26
get: 1496270097.757907 1 0 6 0x7f517c7fff80 0x7f5592111428 1 -1 16 1295 53
get: 1496270097.757956 1 0 6 0x7f517c7fff40 0x7f5592051400 1 -1 16 1295 53
get: 1496270097.758031 1 0 6 0x7f517c7ffe50 0x7f5592111340 1 -1 16 1294 53
get: 1496270097.758142 1 0 6 0x7f517c7ff9a8 0x7f55921104e0 1 -1 8 492 26
get: 1496270097.758316 1 0 6 0x7f517c7ff9b0 0x7f55921104d8 1 -1 8 492 26
get: 1496270097.758439 1 0 6 0x7f517c7ffe80 0x7f5592111388 1 -1 16 1294 53
get: 1496270097.758578 1 0 6 0x7f517c7ffe40 0x7f5592051310 1 -1 16 1294 53
get: 1496270097.758663 1 0 6 0x7f517c7fff50 0x7f55921113e0 1 -1 16 1295 53
get: 1496270097.758710 1 0 6 0x7f517c7ff9a8 0x7f55921104e0 1 -1 8 492 26
get: 1496270097.758776 1 0 6 0x7f517c7ff9b0 0x7f55921104d8 1 -1 8 492 26
get: 1496270097.758859 1 0 6 0x7f517c7fff80 0x7f5592111428 1 -1 16 1295 53
get: 1496270097.758909 1 0 6 0x7f517c7fff40 0x7f5592051410 1 -1 16 1295 53
get: 1496270097.758958 1 0 6 0x7f517c7ffe50 0x7f5592111340 1 -1 16 1294 53
get: 1496270097.759007 1 0 6 0x7f517c7ff9a8 0x7f55921104e0 1 -1 8 492 26
get: 1496270097.759088 1 0 6 0x7f517c7ff9b0 0x7f55921104d8 1 -1 8 492 26
get: 1496270097.759211 1 0 6 0x7f517c7ffe80 0x7f5592111388 1 -1 16 1294 53
get: 1496270097.759358 1 0 6 0x7f517c7ffe40 0x7f5592051320 1 -1 16 1294 53
get: 1496270097.759485 1 0 6 0x7f517c7fff50 0x7f55921113e0 1 -1 16 1295 53
get: 1496270097.759567 1 0 6 0x7f517c7ff9a8 0x7f55921104e0 1 -1 8 492 26
get: 1496270097.759615 1 0 6 0x7f517c7ff9b0 0x7f55921104d8 1 -1 8 492 26
get: 1496270097.759664 1 0 6 0x7f517c7fff80 0x7f5592111428 1 -1 16 1295 53
get: 1496270097.759736 1 0 6 0x7f517c7fff40 0x7f5592051420 1 -1 16 1295 53
get: 1496270097.759785 1 0 6 0x7f517c7ffe50 0x7f5592111340 1 -1 16 1294 53
get: 1496270097.759863 1 0 6 0x7f517c7ff9a8 0x7f55921104e0 1 -1 8 492 26
get: 1496270097.759999 1 0 6 0x7f517c7ff9b0 0x7f55921104d8 1 -1 8 492 26
get: 1496270097.760131 1 0 6 0x7f517c7ffe80 0x7f5592111388 1 -1 16 1294 53
get: 1496270097.760268 1 0 6 0x7f517c7ffe40 0x7f5592051330 1 -1 16 1294 53
get: 1496270097.760371 1 0 6 0x7f517c7fff50 0x7f55921113e0 1 -1 16 1295 53
get: 1496270097.760481 1 0 6 0x7f517c7ff9a8 0x7f55921104e0 1 -1 8 492 26
get: 1496270097.760526 1 0 6 0x7f517c7ff9b0 0x7f55921104d8 1 -1 8 492 26
get: 1496270097.760604 1 0 6 0x7f517c7fff80 0x7f5592111428 1 -1 16 1295 53
get: 1496270097.760768 1 0 6 0x7f517c7fff40 0x7f5592051430 1 -1 16 1295 53
get: 1496270097.760852 1 0 6 0x7f517c7ffe50 0x7f5592111340 1 -1 16 1294 53
get: 1496270097.760908 1 0 6 0x7f517c7ff9a8 0x7f55921104e0 1 -1 8 492 26
get: 1496270097.760955 1 0 6 0x7f517c7ff9b0 0x7f55921104d8 1 -1 8 492 26
get: 1496270097.761053 1 0 6 0x7f517c7ffe80 0x7f5592111388 1 -1 16 1294 53
get: 1496270097.761138 1 0 6 0x7f517c7ffe40 0x7f5592051340 1 -1 16 1294 53
get: 1496270097.761183 1 0 6 0x7f517c7fff50 0x7f55921113e0 1 -1 16 1295 53
get: 1496270097.761233 1 0 6 0x7f517c7ff9a8 0x7f55921104e0 1 -1 8 492 26
get: 1496270097.761288 1 0 6 0x7f517c7ff9b0 0x7f55921104d8 1 -1 8 492 26
get: 1496270097.761350 1 0 6 0x7f517c7fff80 0x7f5592111428 1 -1 16 1295 53
get: 1496270097.761400 1 0 6 0x7f517c7fff40 0x7f5592051440 1 -1 16 1295 53
get: 1496270097.761480 1 0 6 0x7f517c7ffe50 0x7f5592111340 1 -1 16 1294 53
get: 1496270097.761566 1 0 6 0x7f517c7ff9a8 0x7f55921104e0 1 -1 8 492 26
get: 1496270097.761614 1 0 6 0x7f517c7ff9b0 0x7f55921104d8 1 -1 8 492 26
get: 1496270097.761666 1 0 6 0x7f517c7ffe80 0x7f5592111388 1 -1 16 1294 53
get: 1496270097.761731 1 0 6 0x7f517c7ffe40 0x7f5592051350 1 -1 16 1294 53
get: 1496270097.761903 1 0 6 0x7f517c7fff50 0x7f55921113e0 1 -1 16 1295 53
get: 1496270097.762012 1 0 6 0x7f517c7ff9a8 0x7f55921104e0 1 -1 8 492 26
get: 1496270097.762136 1 0 6 0x7f517c7ff9b0 0x7f55921104d8 1 -1 8 492 26
get: 1496270097.762183 1 0 6 0x7f517c7fff80 0x7f5592111428 1 -1 16 1295 53
get: 1496270097.762233 1 0 6 0x7f517c7fff40 0x7f5592051450 1 -1 16 1295 53
get: 1496270097.762282 1 0 6 0x7f517c7ffe50 0x7f5592111340 1 -1 16 1294 53
get: 1496270097.762426 1 0 6 0x7f517c7ff9a8 0x7f55921104e0 1 -1 8 492 26
get: 1496270097.762527 1 0 6 0x7f517c7ff9b0 0x7f55921104d8 1 -1 8 492 26
get: 1496270097.762612 1 0 6 0x7f517c7ffe80 0x7f5592111388 1 -1 16 1294 53
get: 1496270097.762722 1 0 6 0x7f517c7ffe40 0x7f5592051360 1 -1 16 1294 53
get: 1496270097.762775 1 0 6 0x7f517c7fff50 0x7f55921113e0 1 -1 16 1295 53
get: 1496270097.762822 1 0 6 0x7f517c7ff9a8 0x7f55921104e0 1 -1 8 492 26
get: 1496270097.762875 1 0 6 0x7f517c7ff9b0 0x7f55921104d8 1 -1 8 492 26
get: 1496270097.762921 1 0 6 0x7f517c7fff80 0x7f5592111428 1 -1 16 1295 53
get: 1496270097.762970 1 0 6 0x7f517c7fff40 0x7f5592051460 1 -1 16 1295 53
get: 1496270097.763020 1 0 6 0x7f517c7ffe50 0x7f5592111340 1 -1 16 1294 53
get: 1496270097.763067 1 0 6 0x7f517c7ff9a8 0x7f55921104e0 1 -1 8 492 26
get: 1496270097.763117 1 0 6 0x7f517c7ff9b0 0x7f55921104d8 1 -1 8 492 26
get: 1496270097.763172 1 0 6 0x7f517c7ffe80 0x7f5592111388 1 -1 16 1294 53
get: 1496270097.763217 1 0 6 0x7f517c7ffe40 0x7f5592051370 1 -1 16 1294 53
get: 1496270097.763265 1 0 6 0x7f517c7fff50 0x7f55921113e0 1 -1 16 1295 53
get: 1496270097.763331 1 0 6 0x7f517c7ff9a8 0x7f55921104e0 1 -1 8 492 26
get: 1496270097.763428 1 0 6 0x7f517c7ff9b0 0x7f55921104d8 1 -1 8 492 26
get: 1496270097.763499 1 0 6 0x7f517c7fff80 0x7f5592111428 1 -1 16 1295 53
get: 1496270097.763626 1 0 6 0x7f517c7fff40 0x7f5592051470 1 -1 16 1295 53
get: 1496270097.763691 1 0 6 0x7f517c7ffe50 0x7f5592111340 1 -1 16 1294 53
get: 1496270097.763787 1 0 6 0x7f517c7ff9a8 0x7f55921104e0 1 -1 8 492 26
get: 1496270097.763836 1 0 6 0x7f517c7ff9b0 0x7f55921104d8 1 -1 8 492 26
get: 1496270097.763905 1 0 6 0x7f517c7ffe80 0x7f5592111388 1 -1 16 1294 53
get: 1496270097.763985 1 0 6 0x7f517c7ffe40 0x7f5592051380 1 -1 16 1294 53
get: 1496270097.764034 1 0 6 0x7f517c7fff50 0x7f55921113e0 1 -1 16 1295 53
get: 1496270097.764086 1 0 6 0x7f517c7ff9a8 0x7f55921104e0 1 -1 8 492 26
get: 1496270097.764141 1 0 6 0x7f517c7ff9b0 0x7f55921104d8 1 -1 8 492 26
get: 1496270097.764226 1 0 6 0x7f517c7fff80 0x7f5592111428 1 -1 16 1295 53
get: 1496270097.764393 1 0 6 0x7f517c7fff40 0x7f5592051480 1 -1 16 1295 53
get: 1496270097.764570 1 0 6 0x7f517c7ffe50 0x7f5592111340 1 -1 16 1294 53
get: 1496270097.764684 1 0 6 0x7f517c7ff9a8 0x7f55921104e0 1 -1 8 492 26
get: 1496270097.764771 1 0 6 0x7f517c7ff9b0 0x7f55921104d8 1 -1 8 492 26
get: 1496270097.764850 1 0 6 0x7f517c7ffe80 0x7f5592111388 1 -1 16 1294 53
get: 1496270097.764982 1 0 6 0x7f517c7ffe40 0x7f5592051390 1 -1 16 1294 53
get: 1496270097.765118 1 0 6 0x7f517c7fff50 0x7f55921113e0 1 -1 16 1295 53
get: 1496270097.765278 1 0 6 0x7f517c7ff9a8 0x7f55921104e0 1 -1 8 492 26
get: 1496270097.765400 1 0 6 0x7f517c7ff9b0 0x7f55921104d8 1 -1 8 492 26
get: 1496270097.765520 1 0 6 0x7f517c7fff80 0x7f5592111428 1 -1 16 1295 53
get: 1496270097.765636 1 0 6 0x7f517c7fff40 0x7f5592051490 1 -1 16 1295 53
get: 1496270097.765736 1 0 6 0x7f517c7ffe50 0x7f5592111340 1 -1 16 1294 53
get: 1496270097.765810 1 0 6 0x7f517c7ff9a8 0x7f55921104e0 1 -1 8 492 26
get: 1496270097.765892 1 0 6 0x7f517c7ff9b0 0x7f55921104d8 1 -1 8 492 26
get: 1496270097.766017 1 0 6 0x7f517c7ffe80 0x7f5592111388 1 -1 16 1294 53
get: 1496270097.766150 1 0 6 0x7f517c7ffe40 0x7f55920513a0 1 -1 16 1294 53
get: 1496270097.766268 1 0 6 0x7f517c7fff50 0x7f55921113e0 1 -1 16 1295 53
get: 1496270097.766441 1 0 6 0x7f517c7ff9a8 0x7f55921104e0 1 -1 8 492 26
get: 1496270097.766538 1 0 6 0x7f517c7ff9b0 0x7f55921104d8 1 -1 8 492 26
get: 1496270097.766617 1 0 6 0x7f517c7fff80 0x7f5592111428 1 -1 16 1295 53
get: 1496270097.766691 1 0 6 0x7f517c7fff40 0x7f55920514a0 1 -1 16 1295 53
get: 1496270097.766745 1 0 6 0x7f517c7ffe50 0x7f5592111340 1 -1 16 1294 53
get: 1496270097.766792 1 0 6 0x7f517c7ff9a8 0x7f55921104e0 1 -1 8 492 26
get: 1496270097.766901 1 0 6 0x7f517c7ff9b0 0x7f55921104d8 1 -1 8 492 26
get: 1496270097.767062 1 0 6 0x7f517c7ffe80 0x7f5592111388 1 -1 16 1294 53
get: 1496270097.767146 1 0 6 0x7f517c7ffe40 0x7f55920513b0 1 -1 16 1294 53
get: 1496270097.767193 1 0 6 0x7f517c7fff50 0x7f55921113e0 1 -1 16 1295 53
get: 1496270097.767273 1 0 6 0x7f517c7ff9a8 0x7f55921104e0 1 -1 8 492 26
get: 1496270097.767436 1 0 6 0x7f517c7ff9b0 0x7f55921104d8 1 -1 8 492 26
get: 1496270097.767516 1 0 6 0x7f517c7fff80 0x7f5592111428 1 -1 16 1295 53
get: 1496270097.767607 1 0 6 0x7f517c7fff40 0x7f55920514b0 1 -1 16 1295 53
get: 1496270097.767688 1 0 6 0x7f517c7ffe50 0x7f5592111340 1 -1 16 1294 53
get: 1496270097.767808 1 0 6 0x7f517c7ff9a8 0x7f55921104e0 1 -1 8 492 26
get: 1496270097.767891 1 0 6 0x7f517c7ff9b0 0x7f55921104d8 1 -1 8 492 26
get: 1496270097.767972 1 0 6 0x7f517c7ffe80 0x7f5592111388 1 -1 16 1294 53
get: 1496270097.768058 1 0 6 0x7f517c7ffe40 0x7f55920513c0 1 -1 16 1294 53
get: 1496270097.768225 1 0 6 0x7f517c7fff50 0x7f55921113e0 1 -1 16 1295 53
get: 1496270097.768291 1 0 6 0x7f517c7ff9a8 0x7f55921104e0 1 -1 8 492 26
get: 1496270097.768400 1 0 6 0x7f517c7ff9b0 0x7f55921104d8 1 -1 8 492 26
get: 1496270097.768477 1 0 6 0x7f517c7fff80 0x7f5592111428 1 -1 16 1295 53
get: 1496270097.768561 1 0 6 0x7f517c7fff40 0x7f55920514c0 1 -1 16 1295 53
get: 1496270097.768648 1 0 6 0x7f517c7ffe50 0x7f5592111340 1 -1 16 1294 53
get: 1496270097.768696 1 0 6 0x7f517c7ff9a8 0x7f55921104e0 1 -1 8 492 26
get: 1496270097.768771 1 0 6 0x7f517c7ff9b0 0x7f55921104d8 1 -1 8 492 26
get: 1496270097.768893 1 0 6 0x7f517c7ffe80 0x7f5592111388 1 -1 16 1294 53
get: 1496270097.768980 1 0 6 0x7f517c7ffe40 0x7f55920513d0 1 -1 16 1294 53
get: 1496270097.769106 1 0 6 0x7f517c7fff50 0x7f55921113e0 1 -1 16 1295 53
get: 1496270097.769190 1 0 6 0x7f517c7ff9a8 0x7f55921104e0 1 -1 8 492 26
get: 1496270097.769239 1 0 6 0x7f517c7ff9b0 0x7f55921104d8 1 -1 8 492 26
get: 1496270097.769330 1 0 6 0x7f517c7fff80 0x7f5592111428 1 -1 16 1295 53
get: 1496270097.769431 1 0 6 0x7f517c7fff40 0x7f55920514d0 1 -1 16 1295 53
get: 1496270097.769475 1 0 6 0x7f517c7ffe50 0x7f5592111340 1 -1 16 1294 53
get: 1496270097.769524 1 0 6 0x7f517c7ff9a8 0x7f55921104e0 1 -1 8 492 26
get: 1496270097.769621 1 0 6 0x7f517c7ff9b0 0x7f55921104d8 1 -1 8 492 26
get: 1496270097.769740 1 0 6 0x7f517c7ffe80 0x7f5592111388 1 -1 16 1294 53
get: 1496270097.769937 1 0 6 0x7f517c7ffe40 0x7f55920513e0 1 -1 16 1294 53
get: 1496270097.770073 1 0 6 0x7f517c7fff50 0x7f55921113e0 1 -1 16 1295 53
get: 1496270097.770184 1 0 6 0x7f517c7ff9a8 0x7f55921104e0 1 -1 8 492 26
get: 1496270097.770293 1 0 6 0x7f517c7ff9b0 0x7f55921104d8 1 -1 8 492 26
get: 1496270097.770406 1 0 6 0x7f517c7fff80 0x7f5592111428 1 -1 16 1295 53
get: 1496270097.770522 1 0 6 0x7f517c7fff40 0x7f55920514e0 1 -1 16 1295 53
get: 1496270097.770572 1 0 6 0x7f517c7ffe50 0x7f5592111340 1 -1 16 1294 53
get: 1496270097.770696 1 0 6 0x7f517c7ff9a8 0x7f55921104e0 1 -1 8 492 26
get: 1496270097.770782 1 0 6 0x7f517c7ff9b0 0x7f55921104d8 1 -1 8 492 26
get: 1496270097.770833 1 0 6 0x7f517c7ffe80 0x7f5592111388 1 -1 16 1294 53
get: 1496270097.770925 1 0 6 0x7f517c7ffe40 0x7f55920513f0 1 -1 16 1294 53
get: 1496270097.771035 1 0 6 0x7f517c7fff50 0x7f55921113e0 1 -1 16 1295 53
get: 1496270097.771154 1 0 6 0x7f517c7ff9a8 0x7f55921104e0 1 -1 8 492 26
get: 1496270097.771281 1 0 6 0x7f517c7ff9b0 0x7f55921104d8 1 -1 8 492 26
get: 1496270097.771424 1 0 6 0x7f517c7fff80 0x7f5592111428 1 -1 16 1295 53
get: 1496270097.771594 1 0 6 0x7f517c7fff40 0x7f55920514f0 1 -1 16 1295 53
task: 1496270097.771772 1 7 6 L 215 28 23
task: 1496270097.771782 1 8 6 L 218 28 30
Btask: 1496270097.771844 1 8
fork: 1496270097.771875 1 4 -2 33 0x7f519b003dc0 216 8 
Btask: 1496270097.771831 1 7
fork: 1496270097.772263 1 3 -2 27 0x7f519a800dc0 216 7 
Etask: 1496270097.827676 1 7
Etask: 1496270097.835240 1 8
Etask: 1496270097.835253 1 6
task: 1496270097.897166 1 9 1 O 0 -5 125
Btask: 1496270097.897693 1 9
get: 1496270097.898117 1 0 9 0x7f5177800b50 0x7f55921114c0 1 -1 16 933 53
get: 1496270097.898311 1 0 9 0x7f5177800b60 0x7f5592111520 1 -1 16 933 53
get: 1496270097.898576 1 0 9 0x7f51778009c8 0x7f55921104e0 1 -1 8 492 26
get: 1496270097.898698 1 0 9 0x7f51778009d0 0x7f55921104d8 1 -1 8 492 26
get: 1496270097.898865 1 0 9 0x7f5177800b90 0x7f5592111568 1 -1 16 933 53
get: 1496270097.899001 1 0 9 0x7f5177800be0 0x7f55921114a8 1 -1 16 934 53
get: 1496270097.899085 1 0 9 0x7f5177800770 0x7f5592184348 1 -1 16 588 53
get: 1496270097.899140 1 0 9 0x7f5177800790 0x7f55921113e0 1 -1 16 588 53
get: 1496270097.899279 1 0 9 0x7f5177800628 0x7f55921104e0 1 -1 8 492 26
get: 1496270097.899396 1 0 9 0x7f5177800630 0x7f55921104d8 1 -1 8 492 26
get: 1496270097.899564 1 0 9 0x7f51778007c0 0x7f5592111428 1 -1 16 588 53
get: 1496270097.899709 1 0 9 0x7f5177800780 0x7f5592051410 1 -1 16 588 53
get: 1496270097.899861 1 0 9 0x7f5177800640 0x7f55921114e0 1 -1 16 1609 28
get: 1496270097.899985 1 0 9 0x7f51778005b0 0x7f5592110558 1 -1 32 145 26
put: 1496270097.900165 1 0 9 0x7f5177800c20 0x7f5592051510 1 -1 16 933 53
f_executeOn: 1496270097.900395 1 0 -2 18 0x7f5177800e70 112 9
Etask: 1496270097.900535 1 9
task: 1496270097.910722 1 10 1 O 0 -5 26
Btask: 1496270097.911214 1 10
get: 1496270097.911671 1 0 10 0x7f5172800400 0x7f55921114c0 1 -1 16 1332 53
get: 1496270097.911863 1 0 10 0x7f5172800420 0x7f5592111520 1 -1 16 1332 53
get: 1496270097.911984 1 0 10 0x7f5172800048 0x7f55921104e0 1 -1 8 492 26
get: 1496270097.912096 1 0 10 0x7f5172800050 0x7f55921104d8 1 -1 8 492 26
get: 1496270097.912191 1 0 10 0x7f5172800450 0x7f5592111568 1 -1 16 1332 53
get: 1496270097.912239 1 0 10 0x7f5172800410 0x7f5592051500 1 -1 16 1332 53
get: 1496270097.912294 1 0 10 0x7f5172800420 0x7f5592111520 1 -1 16 1332 53
get: 1496270097.912411 1 0 10 0x7f5172800048 0x7f55921104e0 1 -1 8 492 26
get: 1496270097.912506 1 0 10 0x7f5172800050 0x7f55921104d8 1 -1 8 492 26
get: 1496270097.912557 1 0 10 0x7f5172800450 0x7f5592111568 1 -1 16 1332 53
get: 1496270097.912607 1 0 10 0x7f5172800410 0x7f5592051510 1 -1 16 1332 53
get: 1496270097.912694 1 0 10 0x7f5172800420 0x7f5592111520 1 -1 16 1332 53
get: 1496270097.912779 1 0 10 0x7f5172800048 0x7f55921104e0 1 -1 8 492 26
get: 1496270097.912831 1 0 10 0x7f5172800050 0x7f55921104d8 1 -1 8 492 26
get: 1496270097.912876 1 0 10 0x7f5172800450 0x7f5592111568 1 -1 16 1332 53
get: 1496270097.912967 1 0 10 0x7f5172800410 0x7f5592051520 1 -1 16 1332 53
get: 1496270097.913138 1 0 10 0x7f5172800420 0x7f5592111520 1 -1 16 1332 53
get: 1496270097.913222 1 0 10 0x7f5172800048 0x7f55921104e0 1 -1 8 492 26
get: 1496270097.913282 1 0 10 0x7f5172800050 0x7f55921104d8 1 -1 8 492 26
get: 1496270097.913337 1 0 10 0x7f5172800450 0x7f5592111568 1 -1 16 1332 53
get: 1496270097.913403 1 0 10 0x7f5172800410 0x7f5592051530 1 -1 16 1332 53
get: 1496270097.913503 1 0 10 0x7f5172800420 0x7f5592111520 1 -1 16 1332 53
get: 1496270097.913627 1 0 10 0x7f5172800048 0x7f55921104e0 1 -1 8 492 26
get: 1496270097.913720 1 0 10 0x7f5172800050 0x7f55921104d8 1 -1 8 492 26
get: 1496270097.913899 1 0 10 0x7f5172800450 0x7f5592111568 1 -1 16 1332 53
get: 1496270097.914012 1 0 10 0x7f5172800410 0x7f5592051540 1 -1 16 1332 53
get: 1496270097.914103 1 0 10 0x7f5172800420 0x7f5592111520 1 -1 16 1332 53
get: 1496270097.914246 1 0 10 0x7f5172800048 0x7f55921104e0 1 -1 8 492 26
get: 1496270097.914361 1 0 10 0x7f5172800050 0x7f55921104d8 1 -1 8 492 26
get: 1496270097.914455 1 0 10 0x7f5172800450 0x7f5592111568 1 -1 16 1332 53
get: 1496270097.914505 1 0 10 0x7f5172800410 0x7f5592051550 1 -1 16 1332 53
get: 1496270097.914558 1 0 10 0x7f5172800420 0x7f5592111520 1 -1 16 1332 53
get: 1496270097.914613 1 0 10 0x7f5172800048 0x7f55921104e0 1 -1 8 492 26
get: 1496270097.914690 1 0 10 0x7f5172800050 0x7f55921104d8 1 -1 8 492 26
get: 1496270097.914827 1 0 10 0x7f5172800450 0x7f5592111568 1 -1 16 1332 53
get: 1496270097.914924 1 0 10 0x7f5172800410 0x7f5592051560 1 -1 16 1332 53
get: 1496270097.914978 1 0 10 0x7f5172800420 0x7f5592111520 1 -1 16 1332 53
get: 1496270097.915190 1 0 10 0x7f5172800048 0x7f55921104e0 1 -1 8 492 26
get: 1496270097.915320 1 0 10 0x7f5172800050 0x7f55921104d8 1 -1 8 492 26
get: 1496270097.915436 1 0 10 0x7f5172800450 0x7f5592111568 1 -1 16 1332 53
get: 1496270097.915545 1 0 10 0x7f5172800410 0x7f5592051570 1 -1 16 1332 53
get: 1496270097.915658 1 0 10 0x7f5172800420 0x7f5592111520 1 -1 16 1332 53
get: 1496270097.915748 1 0 10 0x7f5172800048 0x7f55921104e0 1 -1 8 492 26
get: 1496270097.915856 1 0 10 0x7f5172800050 0x7f55921104d8 1 -1 8 492 26
get: 1496270097.915905 1 0 10 0x7f5172800450 0x7f5592111568 1 -1 16 1332 53
get: 1496270097.915953 1 0 10 0x7f5172800410 0x7f5592051580 1 -1 16 1332 53
get: 1496270097.916006 1 0 10 0x7f5172800420 0x7f5592111520 1 -1 16 1332 53
get: 1496270097.916072 1 0 10 0x7f5172800048 0x7f55921104e0 1 -1 8 492 26
get: 1496270097.916177 1 0 10 0x7f5172800050 0x7f55921104d8 1 -1 8 492 26
get: 1496270097.916273 1 0 10 0x7f5172800450 0x7f5592111568 1 -1 16 1332 53
get: 1496270097.916370 1 0 10 0x7f5172800410 0x7f5592051590 1 -1 16 1332 53
get: 1496270097.916518 1 0 10 0x7f5172800420 0x7f5592111520 1 -1 16 1332 53
get: 1496270097.916611 1 0 10 0x7f5172800048 0x7f55921104e0 1 -1 8 492 26
get: 1496270097.916699 1 0 10 0x7f5172800050 0x7f55921104d8 1 -1 8 492 26
get: 1496270097.916826 1 0 10 0x7f5172800450 0x7f5592111568 1 -1 16 1332 53
get: 1496270097.916983 1 0 10 0x7f5172800410 0x7f55920515a0 1 -1 16 1332 53
get: 1496270097.917102 1 0 10 0x7f5172800420 0x7f5592111520 1 -1 16 1332 53
get: 1496270097.917187 1 0 10 0x7f5172800048 0x7f55921104e0 1 -1 8 492 26
get: 1496270097.917271 1 0 10 0x7f5172800050 0x7f55921104d8 1 -1 8 492 26
get: 1496270097.917358 1 0 10 0x7f5172800450 0x7f5592111568 1 -1 16 1332 53
get: 1496270097.917478 1 0 10 0x7f5172800410 0x7f55920515b0 1 -1 16 1332 53
get: 1496270097.917566 1 0 10 0x7f5172800420 0x7f5592111520 1 -1 16 1332 53
get: 1496270097.917618 1 0 10 0x7f5172800048 0x7f55921104e0 1 -1 8 492 26
get: 1496270097.917673 1 0 10 0x7f5172800050 0x7f55921104d8 1 -1 8 492 26
get: 1496270097.917728 1 0 10 0x7f5172800450 0x7f5592111568 1 -1 16 1332 53
get: 1496270097.917780 1 0 10 0x7f5172800410 0x7f55920515c0 1 -1 16 1332 53
get: 1496270097.917837 1 0 10 0x7f5172800420 0x7f5592111520 1 -1 16 1332 53
get: 1496270097.917886 1 0 10 0x7f5172800048 0x7f55921104e0 1 -1 8 492 26
get: 1496270097.917933 1 0 10 0x7f5172800050 0x7f55921104d8 1 -1 8 492 26
get: 1496270097.917982 1 0 10 0x7f5172800450 0x7f5592111568 1 -1 16 1332 53
get: 1496270097.918029 1 0 10 0x7f5172800410 0x7f55920515d0 1 -1 16 1332 53
get: 1496270097.918084 1 0 10 0x7f5172800420 0x7f5592111520 1 -1 16 1332 53
get: 1496270097.918140 1 0 10 0x7f5172800048 0x7f55921104e0 1 -1 8 492 26
get: 1496270097.918303 1 0 10 0x7f5172800050 0x7f55921104d8 1 -1 8 492 26
get: 1496270097.918443 1 0 10 0x7f5172800450 0x7f5592111568 1 -1 16 1332 53
get: 1496270097.918534 1 0 10 0x7f5172800410 0x7f55920515e0 1 -1 16 1332 53
get: 1496270097.918625 1 0 10 0x7f5172800420 0x7f5592111520 1 -1 16 1332 53
get: 1496270097.918742 1 0 10 0x7f5172800048 0x7f55921104e0 1 -1 8 492 26
get: 1496270097.918941 1 0 10 0x7f5172800050 0x7f55921104d8 1 -1 8 492 26
get: 1496270097.919084 1 0 10 0x7f5172800450 0x7f5592111568 1 -1 16 1332 53
get: 1496270097.919206 1 0 10 0x7f5172800410 0x7f55920515f0 1 -1 16 1332 53
task: 1496270097.919341 1 11 10 L 215 28 25
task: 1496270097.919351 1 12 10 L 218 28 29
Btask: 1496270097.919389 1 11
Btask: 1496270097.919398 1 12
fork: 1496270097.919410 1 3 -2 26 0x7f519a800df0 168 11 
fork: 1496270097.919412 1 4 -2 34 0x7f519b003df0 168 12 
Etask: 1496270097.942320 1 12
Etask: 1496270097.947849 1 11
Etask: 1496270097.948353 1 10
task: 1496270097.948985 1 13 5 O 0 -5 126
Btask: 1496270097.949469 1 13
get: 1496270097.949898 1 0 13 0x7f516d800c60 0x7f55921114c0 1 -1 16 939 53
get: 1496270097.950052 1 0 13 0x7f516d800c80 0x7f5592111520 1 -1 16 939 53
get: 1496270097.950179 1 0 13 0x7f516d800b18 0x7f55921104e0 1 -1 8 492 26
get: 1496270097.950314 1 0 13 0x7f516d800b20 0x7f55921104d8 1 -1 8 492 26
get: 1496270097.950406 1 0 13 0x7f516d800cb0 0x7f5592111568 1 -1 16 939 53
get: 1496270097.950485 1 0 13 0x7f516d800c70 0x7f5592051510 1 -1 16 939 53
get: 1496270097.950566 1 0 13 0x7f516d800d20 0x7f55921114a8 1 -1 16 939 53
get: 1496270097.950712 1 0 13 0x7f516d8008c0 0x7f5592184348 1 -1 16 588 53
get: 1496270097.950874 1 0 13 0x7f516d8008e0 0x7f55921113e0 1 -1 16 588 53
get: 1496270097.950966 1 0 13 0x7f516d800778 0x7f55921104e0 1 -1 8 492 26
get: 1496270097.951093 1 0 13 0x7f516d800780 0x7f55921104d8 1 -1 8 492 26
get: 1496270097.951203 1 0 13 0x7f516d800910 0x7f5592111428 1 -1 16 588 53
get: 1496270097.951363 1 0 13 0x7f516d8008d0 0x7f5592051410 1 -1 16 588 53
get: 1496270097.951497 1 0 13 0x7f516d800790 0x7f55921114e0 1 -1 16 1609 28
get: 1496270097.951662 1 0 13 0x7f516d800700 0x7f5592110558 1 -1 32 145 26
f_executeOn: 1496270097.951811 1 0 -2 18 0x7f516d800e70 112 13
Etask: 1496270097.951933 1 13
task: 1496270097.962411 1 14 1 O 0 -5 42
Btask: 1496270097.962887 1 14
get: 1496270097.963322 1 0 14 0x7f5168800720 0x7f55921114c0 1 -1 16 1341 53
get: 1496270097.963463 1 0 14 0x7f5168800740 0x7f5592111520 1 -1 16 1341 53
get: 1496270097.963629 1 0 14 0x7f51688004a8 0x7f55921104e0 1 -1 8 492 26
get: 1496270097.963822 1 0 14 0x7f51688004b0 0x7f55921104d8 1 -1 8 492 26
get: 1496270097.964021 1 0 14 0x7f5168800770 0x7f5592111568 1 -1 16 1341 53
get: 1496270097.964194 1 0 14 0x7f5168800730 0x7f5592051500 1 -1 16 1341 53
get: 1496270097.964345 1 0 14 0x7f5168800740 0x7f5592111520 1 -1 16 1341 53
get: 1496270097.964526 1 0 14 0x7f51688004a8 0x7f55921104e0 1 -1 8 492 26
get: 1496270097.964661 1 0 14 0x7f51688004b0 0x7f55921104d8 1 -1 8 492 26
get: 1496270097.964803 1 0 14 0x7f5168800770 0x7f5592111568 1 -1 16 1341 53
get: 1496270097.965059 1 0 14 0x7f5168800730 0x7f5592051510 1 -1 16 1341 53
get: 1496270097.965222 1 0 14 0x7f5168800740 0x7f5592111520 1 -1 16 1341 53
get: 1496270097.965411 1 0 14 0x7f51688004a8 0x7f55921104e0 1 -1 8 492 26
get: 1496270097.965554 1 0 14 0x7f51688004b0 0x7f55921104d8 1 -1 8 492 26
get: 1496270097.965717 1 0 14 0x7f5168800770 0x7f5592111568 1 -1 16 1341 53
get: 1496270097.965875 1 0 14 0x7f5168800730 0x7f5592051520 1 -1 16 1341 53
get: 1496270097.965997 1 0 14 0x7f5168800740 0x7f5592111520 1 -1 16 1341 53
get: 1496270097.966143 1 0 14 0x7f51688004a8 0x7f55921104e0 1 -1 8 492 26
get: 1496270097.966233 1 0 14 0x7f51688004b0 0x7f55921104d8 1 -1 8 492 26
get: 1496270097.966425 1 0 14 0x7f5168800770 0x7f5592111568 1 -1 16 1341 53
get: 1496270097.966522 1 0 14 0x7f5168800730 0x7f5592051530 1 -1 16 1341 53
get: 1496270097.966620 1 0 14 0x7f5168800740 0x7f5592111520 1 -1 16 1341 53
get: 1496270097.966713 1 0 14 0x7f51688004a8 0x7f55921104e0 1 -1 8 492 26
get: 1496270097.966835 1 0 14 0x7f51688004b0 0x7f55921104d8 1 -1 8 492 26
get: 1496270097.966931 1 0 14 0x7f5168800770 0x7f5592111568 1 -1 16 1341 53
get: 1496270097.967028 1 0 14 0x7f5168800730 0x7f5592051540 1 -1 16 1341 53
get: 1496270097.967182 1 0 14 0x7f5168800740 0x7f5592111520 1 -1 16 1341 53
get: 1496270097.967290 1 0 14 0x7f51688004a8 0x7f55921104e0 1 -1 8 492 26
get: 1496270097.967430 1 0 14 0x7f51688004b0 0x7f55921104d8 1 -1 8 492 26
get: 1496270097.967521 1 0 14 0x7f5168800770 0x7f5592111568 1 -1 16 1341 53
get: 1496270097.967611 1 0 14 0x7f5168800730 0x7f5592051550 1 -1 16 1341 53
get: 1496270097.967808 1 0 14 0x7f5168800740 0x7f5592111520 1 -1 16 1341 53
get: 1496270097.967963 1 0 14 0x7f51688004a8 0x7f55921104e0 1 -1 8 492 26
get: 1496270097.968063 1 0 14 0x7f51688004b0 0x7f55921104d8 1 -1 8 492 26
get: 1496270097.968198 1 0 14 0x7f5168800770 0x7f5592111568 1 -1 16 1341 53
get: 1496270097.968340 1 0 14 0x7f5168800730 0x7f5592051560 1 -1 16 1341 53
get: 1496270097.968481 1 0 14 0x7f5168800740 0x7f5592111520 1 -1 16 1341 53
get: 1496270097.968575 1 0 14 0x7f51688004a8 0x7f55921104e0 1 -1 8 492 26
get: 1496270097.968692 1 0 14 0x7f51688004b0 0x7f55921104d8 1 -1 8 492 26
get: 1496270097.968817 1 0 14 0x7f5168800770 0x7f5592111568 1 -1 16 1341 53
get: 1496270097.968909 1 0 14 0x7f5168800730 0x7f5592051570 1 -1 16 1341 53
get: 1496270097.968998 1 0 14 0x7f5168800740 0x7f5592111520 1 -1 16 1341 53
get: 1496270097.969135 1 0 14 0x7f51688004a8 0x7f55921104e0 1 -1 8 492 26
get: 1496270097.969223 1 0 14 0x7f51688004b0 0x7f55921104d8 1 -1 8 492 26
get: 1496270097.969314 1 0 14 0x7f5168800770 0x7f5592111568 1 -1 16 1341 53
get: 1496270097.969611 1 0 14 0x7f5168800730 0x7f5592051580 1 -1 16 1341 53
get: 1496270097.969699 1 0 14 0x7f5168800740 0x7f5592111520 1 -1 16 1341 53
get: 1496270097.969795 1 0 14 0x7f51688004a8 0x7f55921104e0 1 -1 8 492 26
get: 1496270097.969875 1 0 14 0x7f51688004b0 0x7f55921104d8 1 -1 8 492 26
get: 1496270097.970001 1 0 14 0x7f5168800770 0x7f5592111568 1 -1 16 1341 53
get: 1496270097.970088 1 0 14 0x7f5168800730 0x7f5592051590 1 -1 16 1341 53
get: 1496270097.970230 1 0 14 0x7f5168800740 0x7f5592111520 1 -1 16 1341 53
get: 1496270097.970353 1 0 14 0x7f51688004a8 0x7f55921104e0 1 -1 8 492 26
get: 1496270097.970439 1 0 14 0x7f51688004b0 0x7f55921104d8 1 -1 8 492 26
get: 1496270097.970534 1 0 14 0x7f5168800770 0x7f5592111568 1 -1 16 1341 53
get: 1496270097.970633 1 0 14 0x7f5168800730 0x7f55920515a0 1 -1 16 1341 53
get: 1496270097.970685 1 0 14 0x7f5168800740 0x7f5592111520 1 -1 16 1341 53
get: 1496270097.970747 1 0 14 0x7f51688004a8 0x7f55921104e0 1 -1 8 492 26
get: 1496270097.970872 1 0 14 0x7f51688004b0 0x7f55921104d8 1 -1 8 492 26
get: 1496270097.970965 1 0 14 0x7f5168800770 0x7f5592111568 1 -1 16 1341 53
get: 1496270097.971057 1 0 14 0x7f5168800730 0x7f55920515b0 1 -1 16 1341 53
get: 1496270097.971142 1 0 14 0x7f5168800740 0x7f5592111520 1 -1 16 1341 53
get: 1496270097.971235 1 0 14 0x7f51688004a8 0x7f55921104e0 1 -1 8 492 26
get: 1496270097.971294 1 0 14 0x7f51688004b0 0x7f55921104d8 1 -1 8 492 26
get: 1496270097.971374 1 0 14 0x7f5168800770 0x7f5592111568 1 -1 16 1341 53
get: 1496270097.971506 1 0 14 0x7f5168800730 0x7f55920515c0 1 -1 16 1341 53
get: 1496270097.971675 1 0 14 0x7f5168800740 0x7f5592111520 1 -1 16 1341 53
get: 1496270097.971822 1 0 14 0x7f51688004a8 0x7f55921104e0 1 -1 8 492 26
get: 1496270097.971946 1 0 14 0x7f51688004b0 0x7f55921104d8 1 -1 8 492 26
get: 1496270097.972151 1 0 14 0x7f5168800770 0x7f5592111568 1 -1 16 1341 53
get: 1496270097.972282 1 0 14 0x7f5168800730 0x7f55920515d0 1 -1 16 1341 53
get: 1496270097.972484 1 0 14 0x7f5168800740 0x7f5592111520 1 -1 16 1341 53
get: 1496270097.972767 1 0 14 0x7f51688004a8 0x7f55921104e0 1 -1 8 492 26
get: 1496270097.972896 1 0 14 0x7f51688004b0 0x7f55921104d8 1 -1 8 492 26
get: 1496270097.972991 1 0 14 0x7f5168800770 0x7f5592111568 1 -1 16 1341 53
get: 1496270097.973077 1 0 14 0x7f5168800730 0x7f55920515e0 1 -1 16 1341 53
get: 1496270097.973243 1 0 14 0x7f5168800740 0x7f5592111520 1 -1 16 1341 53
get: 1496270097.973376 1 0 14 0x7f51688004a8 0x7f55921104e0 1 -1 8 492 26
get: 1496270097.973498 1 0 14 0x7f51688004b0 0x7f55921104d8 1 -1 8 492 26
get: 1496270097.973760 1 0 14 0x7f5168800770 0x7f5592111568 1 -1 16 1341 53
get: 1496270097.973821 1 0 14 0x7f5168800730 0x7f55920515f0 1 -1 16 1341 53
task: 1496270097.973931 1 15 14 L 271 28 41
task: 1496270097.973944 1 16 14 L 274 28 43
Btask: 1496270097.973981 1 16
Btask: 1496270097.973981 1 15
fork: 1496270097.974012 1 4 -2 44 0x7f519b003df0 160 16 
fork: 1496270097.974015 1 3 -2 42 0x7f519a800df0 160 15 
Etask: 1496270097.994822 1 16
Etask: 1496270097.999541 1 15
Etask: 1496270097.999561 1 14
task: 1496270098.003667 1 17 1 O 0 -5 158
Btask: 1496270098.003693 1 17
VdbMark: 1496270098.003701 1 17
Tag: 1496270098.003716 0.956000 0.428000 1 17 1
Etask: 1496270098.003749 1 17
task: 1496270098.022593 1 18 5 O 0 -5 129
Btask: 1496270098.022628 1 18
get: 1496270098.022644 1 0 18 0x7f519b003930 0x7f559201d4f8 1 -1 16 1002 53
get: 1496270098.022845 1 0 18 0x7f519b003650 0x7f55921114c0 1 -1 16 753 53
get: 1496270098.023015 1 0 18 0x7f519b003670 0x7f5592111520 1 -1 16 753 53
get: 1496270098.023251 1 0 18 0x7f519b003528 0x7f55921104e0 1 -1 8 492 26
get: 1496270098.023353 1 0 18 0x7f519b003530 0x7f55921104d8 1 -1 8 492 26
get: 1496270098.023428 1 0 18 0x7f519b0036a0 0x7f5592111568 1 -1 16 753 53
get: 1496270098.023561 1 0 18 0x7f519b003660 0x7f5592051510 1 -1 16 753 53
get: 1496270098.023620 1 0 18 0x7f519b003970 0x7f559201d510 1 -1 16 1003 53
get: 1496270098.023712 1 0 18 0x7f519b003980 0x7f55921115c0 1 -1 16 1003 53
get: 1496270098.023793 1 0 18 0x7f519b003768 0x7f55921104e0 1 -1 8 492 26
get: 1496270098.023930 1 0 18 0x7f519b003770 0x7f55921104d8 1 -1 8 492 26
get: 1496270098.024083 1 0 18 0x7f519b0039b0 0x7f5592111608 1 -1 16 1003 53
put: 1496270098.024249 1 0 18 0x7f519b003a50 0x7f5592051610 1 -1 16 1003 53
f_executeOn: 1496270098.024401 1 0 -2 18 0x7f519b003e70 112 18
Etask: 1496270098.024538 1 18
task: 1496270098.026928 1 19 1 O 0 -5 28
Btask: 1496270098.026959 1 19
get: 1496270098.026995 1 0 19 0x7f5195800330 0x7f559201d510 1 -1 16 1354 53
get: 1496270098.027114 1 0 19 0x7f5195800350 0x7f55921115c0 1 -1 16 1354 53
get: 1496270098.027336 1 0 19 0x7f51957fff28 0x7f55921104e0 1 -1 8 492 26
get: 1496270098.027463 1 0 19 0x7f51957fff30 0x7f55921104d8 1 -1 8 492 26
get: 1496270098.027649 1 0 19 0x7f5195800380 0x7f5592111608 1 -1 16 1354 53
get: 1496270098.027767 1 0 19 0x7f5195800340 0x7f5592051600 1 -1 16 1354 53
get: 1496270098.027826 1 0 19 0x7f5195800350 0x7f55921115c0 1 -1 16 1354 53
get: 1496270098.027921 1 0 19 0x7f51957fff28 0x7f55921104e0 1 -1 8 492 26
get: 1496270098.028049 1 0 19 0x7f51957fff30 0x7f55921104d8 1 -1 8 492 26
get: 1496270098.028154 1 0 19 0x7f5195800380 0x7f5592111608 1 -1 16 1354 53
get: 1496270098.028204 1 0 19 0x7f5195800340 0x7f5592051610 1 -1 16 1354 53
get: 1496270098.028258 1 0 19 0x7f5195800350 0x7f55921115c0 1 -1 16 1354 53
get: 1496270098.028314 1 0 19 0x7f51957fff28 0x7f55921104e0 1 -1 8 492 26
get: 1496270098.028364 1 0 19 0x7f51957fff30 0x7f55921104d8 1 -1 8 492 26
get: 1496270098.028430 1 0 19 0x7f5195800380 0x7f5592111608 1 -1 16 1354 53
get: 1496270098.028527 1 0 19 0x7f5195800340 0x7f5592051620 1 -1 16 1354 53
get: 1496270098.028638 1 0 19 0x7f5195800350 0x7f55921115c0 1 -1 16 1354 53
get: 1496270098.028766 1 0 19 0x7f51957fff28 0x7f55921104e0 1 -1 8 492 26
get: 1496270098.028863 1 0 19 0x7f51957fff30 0x7f55921104d8 1 -1 8 492 26
get: 1496270098.028913 1 0 19 0x7f5195800380 0x7f5592111608 1 -1 16 1354 53
get: 1496270098.028997 1 0 19 0x7f5195800340 0x7f5592051630 1 -1 16 1354 53
get: 1496270098.029141 1 0 19 0x7f5195800350 0x7f55921115c0 1 -1 16 1354 53
get: 1496270098.029228 1 0 19 0x7f51957fff28 0x7f55921104e0 1 -1 8 492 26
get: 1496270098.029330 1 0 19 0x7f51957fff30 0x7f55921104d8 1 -1 8 492 26
get: 1496270098.029465 1 0 19 0x7f5195800380 0x7f5592111608 1 -1 16 1354 53
get: 1496270098.029588 1 0 19 0x7f5195800340 0x7f5592051640 1 -1 16 1354 53
get: 1496270098.029682 1 0 19 0x7f5195800350 0x7f55921115c0 1 -1 16 1354 53
get: 1496270098.029772 1 0 19 0x7f51957fff28 0x7f55921104e0 1 -1 8 492 26
get: 1496270098.029907 1 0 19 0x7f51957fff30 0x7f55921104d8 1 -1 8 492 26
get: 1496270098.029992 1 0 19 0x7f5195800380 0x7f5592111608 1 -1 16 1354 53
get: 1496270098.030047 1 0 19 0x7f5195800340 0x7f5592051650 1 -1 16 1354 53
get: 1496270098.030137 1 0 19 0x7f5195800350 0x7f55921115c0 1 -1 16 1354 53
get: 1496270098.030192 1 0 19 0x7f51957fff28 0x7f55921104e0 1 -1 8 492 26
get: 1496270098.030295 1 0 19 0x7f51957fff30 0x7f55921104d8 1 -1 8 492 26
get: 1496270098.030378 1 0 19 0x7f5195800380 0x7f5592111608 1 -1 16 1354 53
get: 1496270098.030489 1 0 19 0x7f5195800340 0x7f5592051660 1 -1 16 1354 53
get: 1496270098.030583 1 0 19 0x7f5195800350 0x7f55921115c0 1 -1 16 1354 53
get: 1496270098.030681 1 0 19 0x7f51957fff28 0x7f55921104e0 1 -1 8 492 26
get: 1496270098.030742 1 0 19 0x7f51957fff30 0x7f55921104d8 1 -1 8 492 26
get: 1496270098.030824 1 0 19 0x7f5195800380 0x7f5592111608 1 -1 16 1354 53
get: 1496270098.030918 1 0 19 0x7f5195800340 0x7f5592051670 1 -1 16 1354 53
get: 1496270098.030968 1 0 19 0x7f5195800350 0x7f55921115c0 1 -1 16 1354 53
get: 1496270098.031042 1 0 19 0x7f51957fff28 0x7f55921104e0 1 -1 8 492 26
get: 1496270098.031165 1 0 19 0x7f51957fff30 0x7f55921104d8 1 -1 8 492 26
get: 1496270098.031286 1 0 19 0x7f5195800380 0x7f5592111608 1 -1 16 1354 53
get: 1496270098.031401 1 0 19 0x7f5195800340 0x7f5592051680 1 -1 16 1354 53
get: 1496270098.031452 1 0 19 0x7f5195800350 0x7f55921115c0 1 -1 16 1354 53
get: 1496270098.031499 1 0 19 0x7f51957fff28 0x7f55921104e0 1 -1 8 492 26
get: 1496270098.031577 1 0 19 0x7f51957fff30 0x7f55921104d8 1 -1 8 492 26
get: 1496270098.031662 1 0 19 0x7f5195800380 0x7f5592111608 1 -1 16 1354 53
get: 1496270098.031717 1 0 19 0x7f5195800340 0x7f5592051690 1 -1 16 1354 53
get: 1496270098.031770 1 0 19 0x7f5195800350 0x7f55921115c0 1 -1 16 1354 53
get: 1496270098.031820 1 0 19 0x7f51957fff28 0x7f55921104e0 1 -1 8 492 26
get: 1496270098.031873 1 0 19 0x7f51957fff30 0x7f55921104d8 1 -1 8 492 26
get: 1496270098.031924 1 0 19 0x7f5195800380 0x7f5592111608 1 -1 16 1354 53
get: 1496270098.031972 1 0 19 0x7f5195800340 0x7f55920516a0 1 -1 16 1354 53
get: 1496270098.032047 1 0 19 0x7f5195800350 0x7f55921115c0 1 -1 16 1354 53
get: 1496270098.032132 1 0 19 0x7f51957fff28 0x7f55921104e0 1 -1 8 492 26
get: 1496270098.032212 1 0 19 0x7f51957fff30 0x7f55921104d8 1 -1 8 492 26
get: 1496270098.032272 1 0 19 0x7f5195800380 0x7f5592111608 1 -1 16 1354 53
get: 1496270098.032320 1 0 19 0x7f5195800340 0x7f55920516b0 1 -1 16 1354 53
get: 1496270098.032370 1 0 19 0x7f5195800350 0x7f55921115c0 1 -1 16 1354 53
get: 1496270098.032417 1 0 19 0x7f51957fff28 0x7f55921104e0 1 -1 8 492 26
get: 1496270098.032482 1 0 19 0x7f51957fff30 0x7f55921104d8 1 -1 8 492 26
get: 1496270098.032592 1 0 19 0x7f5195800380 0x7f5592111608 1 -1 16 1354 53
get: 1496270098.032717 1 0 19 0x7f5195800340 0x7f55920516c0 1 -1 16 1354 53
get: 1496270098.032836 1 0 19 0x7f5195800350 0x7f55921115c0 1 -1 16 1354 53
get: 1496270098.032926 1 0 19 0x7f51957fff28 0x7f55921104e0 1 -1 8 492 26
get: 1496270098.032975 1 0 19 0x7f51957fff30 0x7f55921104d8 1 -1 8 492 26
get: 1496270098.033046 1 0 19 0x7f5195800380 0x7f5592111608 1 -1 16 1354 53
get: 1496270098.033141 1 0 19 0x7f5195800340 0x7f55920516d0 1 -1 16 1354 53
get: 1496270098.033227 1 0 19 0x7f5195800350 0x7f55921115c0 1 -1 16 1354 53
get: 1496270098.033314 1 0 19 0x7f51957fff28 0x7f55921104e0 1 -1 8 492 26
get: 1496270098.033397 1 0 19 0x7f51957fff30 0x7f55921104d8 1 -1 8 492 26
get: 1496270098.033528 1 0 19 0x7f5195800380 0x7f5592111608 1 -1 16 1354 53
get: 1496270098.033692 1 0 19 0x7f5195800340 0x7f55920516e0 1 -1 16 1354 53
get: 1496270098.033818 1 0 19 0x7f5195800350 0x7f55921115c0 1 -1 16 1354 53
get: 1496270098.033936 1 0 19 0x7f51957fff28 0x7f55921104e0 1 -1 8 492 26
get: 1496270098.034037 1 0 19 0x7f51957fff30 0x7f55921104d8 1 -1 8 492 26
get: 1496270098.034154 1 0 19 0x7f5195800380 0x7f5592111608 1 -1 16 1354 53
get: 1496270098.034293 1 0 19 0x7f5195800340 0x7f55920516f0 1 -1 16 1354 53
task: 1496270098.034442 1 20 19 L 215 28 24
task: 1496270098.034452 1 21 19 L 218 28 31
Btask: 1496270098.034474 1 20
Btask: 1496270098.034476 1 21
fork: 1496270098.034483 1 3 -2 28 0x7f519a800e10 136 20 
fork: 1496270098.034487 1 4 -2 32 0x7f519b003e10 136 21 
Etask: 1496270098.057348 1 21
Etask: 1496270098.063710 1 20
Etask: 1496270098.063734 1 19
task: 1496270098.064211 1 22 5 O 0 -5 129
Btask: 1496270098.064336 1 22
get: 1496270098.064794 1 0 22 0x7f5190800930 0x7f559201d568 1 -1 16 1002 53
get: 1496270098.064935 1 0 22 0x7f5190800650 0x7f55921114c0 1 -1 16 753 53
get: 1496270098.065069 1 0 22 0x7f5190800670 0x7f5592111520 1 -1 16 753 53
get: 1496270098.065195 1 0 22 0x7f5190800528 0x7f55921104e0 1 -1 8 492 26
get: 1496270098.065326 1 0 22 0x7f5190800530 0x7f55921104d8 1 -1 8 492 26
get: 1496270098.065480 1 0 22 0x7f51908006a0 0x7f5592111568 1 -1 16 753 53
get: 1496270098.065637 1 0 22 0x7f5190800660 0x7f5592051510 1 -1 16 753 53
get: 1496270098.065783 1 0 22 0x7f5190800970 0x7f559201d580 1 -1 16 1003 53
get: 1496270098.065907 1 0 22 0x7f5190800980 0x7f5592111660 1 -1 16 1003 53
get: 1496270098.065991 1 0 22 0x7f5190800768 0x7f55921104e0 1 -1 8 492 26
get: 1496270098.066038 1 0 22 0x7f5190800770 0x7f55921104d8 1 -1 8 492 26
get: 1496270098.066094 1 0 22 0x7f51908009b0 0x7f55921116a8 1 -1 16 1003 53
put: 1496270098.066180 1 0 22 0x7f5190800a50 0x7f5592051710 1 -1 16 1003 53
f_executeOn: 1496270098.066312 1 0 -2 18 0x7f5190800e70 112 22
Etask: 1496270098.066447 1 22
task: 1496270098.068183 1 23 5 O 0 -5 28
Btask: 1496270098.068298 1 23
get: 1496270098.068345 1 0 23 0x7f518b800330 0x7f559201d580 1 -1 16 1354 53
get: 1496270098.068491 1 0 23 0x7f518b800350 0x7f5592111660 1 -1 16 1354 53
get: 1496270098.068607 1 0 23 0x7f518b7fff28 0x7f55921104e0 1 -1 8 492 26
get: 1496270098.068707 1 0 23 0x7f518b7fff30 0x7f55921104d8 1 -1 8 492 26
get: 1496270098.068788 1 0 23 0x7f518b800380 0x7f55921116a8 1 -1 16 1354 53
get: 1496270098.068842 1 0 23 0x7f518b800340 0x7f5592051700 1 -1 16 1354 53
get: 1496270098.069104 1 0 23 0x7f518b800350 0x7f5592111660 1 -1 16 1354 53
get: 1496270098.069235 1 0 23 0x7f518b7fff28 0x7f55921104e0 1 -1 8 492 26
get: 1496270098.069324 1 0 23 0x7f518b7fff30 0x7f55921104d8 1 -1 8 492 26
get: 1496270098.069417 1 0 23 0x7f518b800380 0x7f55921116a8 1 -1 16 1354 53
get: 1496270098.069514 1 0 23 0x7f518b800340 0x7f5592051710 1 -1 16 1354 53
get: 1496270098.069701 1 0 23 0x7f518b800350 0x7f5592111660 1 -1 16 1354 53
get: 1496270098.069795 1 0 23 0x7f518b7fff28 0x7f55921104e0 1 -1 8 492 26
get: 1496270098.069970 1 0 23 0x7f518b7fff30 0x7f55921104d8 1 -1 8 492 26
get: 1496270098.070067 1 0 23 0x7f518b800380 0x7f55921116a8 1 -1 16 1354 53
get: 1496270098.070157 1 0 23 0x7f518b800340 0x7f5592051720 1 -1 16 1354 53
get: 1496270098.070315 1 0 23 0x7f518b800350 0x7f5592111660 1 -1 16 1354 53
get: 1496270098.070442 1 0 23 0x7f518b7fff28 0x7f55921104e0 1 -1 8 492 26
get: 1496270098.070570 1 0 23 0x7f518b7fff30 0x7f55921104d8 1 -1 8 492 26
get: 1496270098.070661 1 0 23 0x7f518b800380 0x7f55921116a8 1 -1 16 1354 53
get: 1496270098.070720 1 0 23 0x7f518b800340 0x7f5592051730 1 -1 16 1354 53
get: 1496270098.070776 1 0 23 0x7f518b800350 0x7f5592111660 1 -1 16 1354 53
get: 1496270098.070832 1 0 23 0x7f518b7fff28 0x7f55921104e0 1 -1 8 492 26
get: 1496270098.070887 1 0 23 0x7f518b7fff30 0x7f55921104d8 1 -1 8 492 26
get: 1496270098.070944 1 0 23 0x7f518b800380 0x7f55921116a8 1 -1 16 1354 53
get: 1496270098.071009 1 0 23 0x7f518b800340 0x7f5592051740 1 -1 16 1354 53
get: 1496270098.071226 1 0 23 0x7f518b800350 0x7f5592111660 1 -1 16 1354 53
get: 1496270098.071477 1 0 23 0x7f518b7fff28 0x7f55921104e0 1 -1 8 492 26
get: 1496270098.071610 1 0 23 0x7f518b7fff30 0x7f55921104d8 1 -1 8 492 26
get: 1496270098.071723 1 0 23 0x7f518b800380 0x7f55921116a8 1 -1 16 1354 53
get: 1496270098.071848 1 0 23 0x7f518b800340 0x7f5592051750 1 -1 16 1354 53
get: 1496270098.071939 1 0 23 0x7f518b800350 0x7f5592111660 1 -1 16 1354 53
get: 1496270098.072146 1 0 23 0x7f518b7fff28 0x7f55921104e0 1 -1 8 492 26
get: 1496270098.072247 1 0 23 0x7f518b7fff30 0x7f55921104d8 1 -1 8 492 26
get: 1496270098.072437 1 0 23 0x7f518b800380 0x7f55921116a8 1 -1 16 1354 53
get: 1496270098.072526 1 0 23 0x7f518b800340 0x7f5592051760 1 -1 16 1354 53
get: 1496270098.072617 1 0 23 0x7f518b800350 0x7f5592111660 1 -1 16 1354 53
get: 1496270098.072744 1 0 23 0x7f518b7fff28 0x7f55921104e0 1 -1 8 492 26
get: 1496270098.072844 1 0 23 0x7f518b7fff30 0x7f55921104d8 1 -1 8 492 26
get: 1496270098.073038 1 0 23 0x7f518b800380 0x7f55921116a8 1 -1 16 1354 53
get: 1496270098.073225 1 0 23 0x7f518b800340 0x7f5592051770 1 -1 16 1354 53
get: 1496270098.073283 1 0 23 0x7f518b800350 0x7f5592111660 1 -1 16 1354 53
get: 1496270098.073344 1 0 23 0x7f518b7fff28 0x7f55921104e0 1 -1 8 492 26
get: 1496270098.073466 1 0 23 0x7f518b7fff30 0x7f55921104d8 1 -1 8 492 26
get: 1496270098.073524 1 0 23 0x7f518b800380 0x7f55921116a8 1 -1 16 1354 53
get: 1496270098.073606 1 0 23 0x7f518b800340 0x7f5592051780 1 -1 16 1354 53
get: 1496270098.073739 1 0 23 0x7f518b800350 0x7f5592111660 1 -1 16 1354 53
get: 1496270098.073846 1 0 23 0x7f518b7fff28 0x7f55921104e0 1 -1 8 492 26
get: 1496270098.073983 1 0 23 0x7f518b7fff30 0x7f55921104d8 1 -1 8 492 26
get: 1496270098.074220 1 0 23 0x7f518b800380 0x7f55921116a8 1 -1 16 1354 53
get: 1496270098.074331 1 0 23 0x7f518b800340 0x7f5592051790 1 -1 16 1354 53
get: 1496270098.074421 1 0 23 0x7f518b800350 0x7f5592111660 1 -1 16 1354 53
get: 1496270098.074574 1 0 23 0x7f518b7fff28 0x7f55921104e0 1 -1 8 492 26
get: 1496270098.074670 1 0 23 0x7f518b7fff30 0x7f55921104d8 1 -1 8 492 26
get: 1496270098.074874 1 0 23 0x7f518b800380 0x7f55921116a8 1 -1 16 1354 53
get: 1496270098.074998 1 0 23 0x7f518b800340 0x7f55920517a0 1 -1 16 1354 53
get: 1496270098.075153 1 0 23 0x7f518b800350 0x7f5592111660 1 -1 16 1354 53
get: 1496270098.075409 1 0 23 0x7f518b7fff28 0x7f55921104e0 1 -1 8 492 26
get: 1496270098.075504 1 0 23 0x7f518b7fff30 0x7f55921104d8 1 -1 8 492 26
get: 1496270098.075622 1 0 23 0x7f518b800380 0x7f55921116a8 1 -1 16 1354 53
get: 1496270098.075715 1 0 23 0x7f518b800340 0x7f55920517b0 1 -1 16 1354 53
get: 1496270098.075820 1 0 23 0x7f518b800350 0x7f5592111660 1 -1 16 1354 53
get: 1496270098.075981 1 0 23 0x7f518b7fff28 0x7f55921104e0 1 -1 8 492 26
get: 1496270098.076115 1 0 23 0x7f518b7fff30 0x7f55921104d8 1 -1 8 492 26
get: 1496270098.076209 1 0 23 0x7f518b800380 0x7f55921116a8 1 -1 16 1354 53
get: 1496270098.076304 1 0 23 0x7f518b800340 0x7f55920517c0 1 -1 16 1354 53
get: 1496270098.076484 1 0 23 0x7f518b800350 0x7f5592111660 1 -1 16 1354 53
get: 1496270098.076613 1 0 23 0x7f518b7fff28 0x7f55921104e0 1 -1 8 492 26
get: 1496270098.076743 1 0 23 0x7f518b7fff30 0x7f55921104d8 1 -1 8 492 26
get: 1496270098.076917 1 0 23 0x7f518b800380 0x7f55921116a8 1 -1 16 1354 53
get: 1496270098.077053 1 0 23 0x7f518b800340 0x7f55920517d0 1 -1 16 1354 53
get: 1496270098.077163 1 0 23 0x7f518b800350 0x7f5592111660 1 -1 16 1354 53
get: 1496270098.077269 1 0 23 0x7f518b7fff28 0x7f55921104e0 1 -1 8 492 26
get: 1496270098.077359 1 0 23 0x7f518b7fff30 0x7f55921104d8 1 -1 8 492 26
get: 1496270098.077598 1 0 23 0x7f518b800380 0x7f55921116a8 1 -1 16 1354 53
get: 1496270098.077789 1 0 23 0x7f518b800340 0x7f55920517e0 1 -1 16 1354 53
get: 1496270098.077875 1 0 23 0x7f518b800350 0x7f5592111660 1 -1 16 1354 53
get: 1496270098.078044 1 0 23 0x7f518b7fff28 0x7f55921104e0 1 -1 8 492 26
get: 1496270098.078198 1 0 23 0x7f518b7fff30 0x7f55921104d8 1 -1 8 492 26
get: 1496270098.078318 1 0 23 0x7f518b800380 0x7f55921116a8 1 -1 16 1354 53
get: 1496270098.078438 1 0 23 0x7f518b800340 0x7f55920517f0 1 -1 16 1354 53
task: 1496270098.078573 1 24 23 L 215 28 24
task: 1496270098.078587 1 25 23 L 218 28 31
Btask: 1496270098.078601 1 24
fork: 1496270098.078610 1 3 -2 28 0x7f519a800e10 136 24 
Btask: 1496270098.078612 1 25
fork: 1496270098.078620 1 4 -2 32 0x7f519b003e10 136 25 
Etask: 1496270098.103010 1 25
Etask: 1496270098.111658 1 24
Etask: 1496270098.111708 1 23
task: 1496270098.112264 1 26 1 O 0 -5 129
Btask: 1496270098.112363 1 26
get: 1496270098.112370 1 0 26 0x7f5186800930 0x7f559201d5d8 1 -1 16 1002 53
get: 1496270098.112550 1 0 26 0x7f5186800650 0x7f55921114c0 1 -1 16 753 53
get: 1496270098.112709 1 0 26 0x7f5186800670 0x7f5592111520 1 -1 16 753 53
get: 1496270098.112858 1 0 26 0x7f5186800528 0x7f55921104e0 1 -1 8 492 26
get: 1496270098.113023 1 0 26 0x7f5186800530 0x7f55921104d8 1 -1 8 492 26
get: 1496270098.113171 1 0 26 0x7f51868006a0 0x7f5592111568 1 -1 16 753 53
get: 1496270098.113327 1 0 26 0x7f5186800660 0x7f5592051510 1 -1 16 753 53
get: 1496270098.113443 1 0 26 0x7f5186800970 0x7f559201d5f0 1 -1 16 1003 53
get: 1496270098.113602 1 0 26 0x7f5186800980 0x7f5592111700 1 -1 16 1003 53
get: 1496270098.113748 1 0 26 0x7f5186800768 0x7f55921104e0 1 -1 8 492 26
get: 1496270098.113870 1 0 26 0x7f5186800770 0x7f55921104d8 1 -1 8 492 26
get: 1496270098.114007 1 0 26 0x7f51868009b0 0x7f5592111748 1 -1 16 1003 53
put: 1496270098.114187 1 0 26 0x7f5186800a50 0x7f5592051810 1 -1 16 1003 53
f_executeOn: 1496270098.114347 1 0 -2 18 0x7f5186800e70 112 26
Etask: 1496270098.114497 1 26
task: 1496270098.118217 1 27 1 O 0 -5 28
Btask: 1496270098.118315 1 27
get: 1496270098.118350 1 0 27 0x7f5181800330 0x7f559201d5f0 1 -1 16 1354 53
get: 1496270098.118515 1 0 27 0x7f5181800350 0x7f5592111700 1 -1 16 1354 53
get: 1496270098.118753 1 0 27 0x7f51817fff28 0x7f55921104e0 1 -1 8 492 26
get: 1496270098.118844 1 0 27 0x7f51817fff30 0x7f55921104d8 1 -1 8 492 26
get: 1496270098.118891 1 0 27 0x7f5181800380 0x7f5592111748 1 -1 16 1354 53
get: 1496270098.118944 1 0 27 0x7f5181800340 0x7f5592051800 1 -1 16 1354 53
get: 1496270098.118994 1 0 27 0x7f5181800350 0x7f5592111700 1 -1 16 1354 53
get: 1496270098.119051 1 0 27 0x7f51817fff28 0x7f55921104e0 1 -1 8 492 26
get: 1496270098.119130 1 0 27 0x7f51817fff30 0x7f55921104d8 1 -1 8 492 26
get: 1496270098.119180 1 0 27 0x7f5181800380 0x7f5592111748 1 -1 16 1354 53
get: 1496270098.119300 1 0 27 0x7f5181800340 0x7f5592051810 1 -1 16 1354 53
get: 1496270098.119547 1 0 27 0x7f5181800350 0x7f5592111700 1 -1 16 1354 53
get: 1496270098.119596 1 0 27 0x7f51817fff28 0x7f55921104e0 1 -1 8 492 26
get: 1496270098.119645 1 0 27 0x7f51817fff30 0x7f55921104d8 1 -1 8 492 26
get: 1496270098.119730 1 0 27 0x7f5181800380 0x7f5592111748 1 -1 16 1354 53
get: 1496270098.120129 1 0 27 0x7f5181800340 0x7f5592051820 1 -1 16 1354 53
get: 1496270098.120257 1 0 27 0x7f5181800350 0x7f5592111700 1 -1 16 1354 53
get: 1496270098.120693 1 0 27 0x7f51817fff28 0x7f55921104e0 1 -1 8 492 26
get: 1496270098.121439 1 0 27 0x7f51817fff30 0x7f55921104d8 1 -1 8 492 26
get: 1496270098.121614 1 0 27 0x7f5181800380 0x7f5592111748 1 -1 16 1354 53
get: 1496270098.121911 1 0 27 0x7f5181800340 0x7f5592051830 1 -1 16 1354 53
get: 1496270098.122300 1 0 27 0x7f5181800350 0x7f5592111700 1 -1 16 1354 53
get: 1496270098.122389 1 0 27 0x7f51817fff28 0x7f55921104e0 1 -1 8 492 26
get: 1496270098.122437 1 0 27 0x7f51817fff30 0x7f55921104d8 1 -1 8 492 26
get: 1496270098.122770 1 0 27 0x7f5181800380 0x7f5592111748 1 -1 16 1354 53
get: 1496270098.122857 1 0 27 0x7f5181800340 0x7f5592051840 1 -1 16 1354 53
get: 1496270098.122977 1 0 27 0x7f5181800350 0x7f5592111700 1 -1 16 1354 53
get: 1496270098.123526 1 0 27 0x7f51817fff28 0x7f55921104e0 1 -1 8 492 26
get: 1496270098.123847 1 0 27 0x7f51817fff30 0x7f55921104d8 1 -1 8 492 26
get: 1496270098.124423 1 0 27 0x7f5181800380 0x7f5592111748 1 -1 16 1354 53
get: 1496270098.124475 1 0 27 0x7f5181800340 0x7f5592051850 1 -1 16 1354 53
get: 1496270098.124684 1 0 27 0x7f5181800350 0x7f5592111700 1 -1 16 1354 53
get: 1496270098.124776 1 0 27 0x7f51817fff28 0x7f55921104e0 1 -1 8 492 26
get: 1496270098.124831 1 0 27 0x7f51817fff30 0x7f55921104d8 1 -1 8 492 26
get: 1496270098.124879 1 0 27 0x7f5181800380 0x7f5592111748 1 -1 16 1354 53
get: 1496270098.124938 1 0 27 0x7f5181800340 0x7f5592051860 1 -1 16 1354 53
get: 1496270098.125218 1 0 27 0x7f5181800350 0x7f5592111700 1 -1 16 1354 53
get: 1496270098.125302 1 0 27 0x7f51817fff28 0x7f55921104e0 1 -1 8 492 26
get: 1496270098.125352 1 0 27 0x7f51817fff30 0x7f55921104d8 1 -1 8 492 26
get: 1496270098.125470 1 0 27 0x7f5181800380 0x7f5592111748 1 -1 16 1354 53
get: 1496270098.125591 1 0 27 0x7f5181800340 0x7f5592051870 1 -1 16 1354 53
get: 1496270098.125683 1 0 27 0x7f5181800350 0x7f5592111700 1 -1 16 1354 53
get: 1496270098.125741 1 0 27 0x7f51817fff28 0x7f55921104e0 1 -1 8 492 26
get: 1496270098.126008 1 0 27 0x7f51817fff30 0x7f55921104d8 1 -1 8 492 26
get: 1496270098.126096 1 0 27 0x7f5181800380 0x7f5592111748 1 -1 16 1354 53
get: 1496270098.126177 1 0 27 0x7f5181800340 0x7f5592051880 1 -1 16 1354 53
get: 1496270098.126289 1 0 27 0x7f5181800350 0x7f5592111700 1 -1 16 1354 53
get: 1496270098.126418 1 0 27 0x7f51817fff28 0x7f55921104e0 1 -1 8 492 26
get: 1496270098.126766 1 0 27 0x7f51817fff30 0x7f55921104d8 1 -1 8 492 26
get: 1496270098.126895 1 0 27 0x7f5181800380 0x7f5592111748 1 -1 16 1354 53
get: 1496270098.127083 1 0 27 0x7f5181800340 0x7f5592051890 1 -1 16 1354 53
get: 1496270098.127211 1 0 27 0x7f5181800350 0x7f5592111700 1 -1 16 1354 53
get: 1496270098.127338 1 0 27 0x7f51817fff28 0x7f55921104e0 1 -1 8 492 26
get: 1496270098.127557 1 0 27 0x7f51817fff30 0x7f55921104d8 1 -1 8 492 26
get: 1496270098.127680 1 0 27 0x7f5181800380 0x7f5592111748 1 -1 16 1354 53
get: 1496270098.127841 1 0 27 0x7f5181800340 0x7f55920518a0 1 -1 16 1354 53
get: 1496270098.127974 1 0 27 0x7f5181800350 0x7f5592111700 1 -1 16 1354 53
get: 1496270098.128326 1 0 27 0x7f51817fff28 0x7f55921104e0 1 -1 8 492 26
get: 1496270098.128773 1 0 27 0x7f51817fff30 0x7f55921104d8 1 -1 8 492 26
get: 1496270098.128896 1 0 27 0x7f5181800380 0x7f5592111748 1 -1 16 1354 53
get: 1496270098.129011 1 0 27 0x7f5181800340 0x7f55920518b0 1 -1 16 1354 53
get: 1496270098.129130 1 0 27 0x7f5181800350 0x7f5592111700 1 -1 16 1354 53
get: 1496270098.129212 1 0 27 0x7f51817fff28 0x7f55921104e0 1 -1 8 492 26
get: 1496270098.129431 1 0 27 0x7f51817fff30 0x7f55921104d8 1 -1 8 492 26
get: 1496270098.129616 1 0 27 0x7f5181800380 0x7f5592111748 1 -1 16 1354 53
get: 1496270098.129929 1 0 27 0x7f5181800340 0x7f55920518c0 1 -1 16 1354 53
get: 1496270098.130056 1 0 27 0x7f5181800350 0x7f5592111700 1 -1 16 1354 53
get: 1496270098.130172 1 0 27 0x7f51817fff28 0x7f55921104e0 1 -1 8 492 26
get: 1496270098.130297 1 0 27 0x7f51817fff30 0x7f55921104d8 1 -1 8 492 26
get: 1496270098.131100 1 0 27 0x7f5181800380 0x7f5592111748 1 -1 16 1354 53
get: 1496270098.131262 1 0 27 0x7f5181800340 0x7f55920518d0 1 -1 16 1354 53
get: 1496270098.131386 1 0 27 0x7f5181800350 0x7f5592111700 1 -1 16 1354 53
get: 1496270098.131513 1 0 27 0x7f51817fff28 0x7f55921104e0 1 -1 8 492 26
get: 1496270098.131657 1 0 27 0x7f51817fff30 0x7f55921104d8 1 -1 8 492 26
get: 1496270098.131780 1 0 27 0x7f5181800380 0x7f5592111748 1 -1 16 1354 53
get: 1496270098.131901 1 0 27 0x7f5181800340 0x7f55920518e0 1 -1 16 1354 53
get: 1496270098.132024 1 0 27 0x7f5181800350 0x7f5592111700 1 -1 16 1354 53
get: 1496270098.132153 1 0 27 0x7f51817fff28 0x7f55921104e0 1 -1 8 492 26
get: 1496270098.132331 1 0 27 0x7f51817fff30 0x7f55921104d8 1 -1 8 492 26
get: 1496270098.132668 1 0 27 0x7f5181800380 0x7f5592111748 1 -1 16 1354 53
get: 1496270098.132928 1 0 27 0x7f5181800340 0x7f55920518f0 1 -1 16 1354 53
task: 1496270098.133062 1 28 27 L 215 28 24
task: 1496270098.133070 1 29 27 L 218 28 31
Btask: 1496270098.133087 1 28
fork: 1496270098.133099 1 3 -2 28 0x7f519a800e10 136 28 
Btask: 1496270098.133101 1 29
fork: 1496270098.133114 1 4 -2 32 0x7f519b003e10 136 29 
Etask: 1496270098.164633 1 29
Etask: 1496270098.190080 1 28
Etask: 1496270098.190093 1 27
task: 1496270098.190662 1 30 5 O 0 -5 129
Btask: 1496270098.190758 1 30
get: 1496270098.190765 1 0 30 0x7f517c800930 0x7f559201d648 1 -1 16 1002 53
get: 1496270098.190944 1 0 30 0x7f517c800650 0x7f55921114c0 1 -1 16 753 53
get: 1496270098.191212 1 0 30 0x7f517c800670 0x7f5592111520 1 -1 16 753 53
get: 1496270098.191616 1 0 30 0x7f517c800528 0x7f55921104e0 1 -1 8 492 26
get: 1496270098.191955 1 0 30 0x7f517c800530 0x7f55921104d8 1 -1 8 492 26
get: 1496270098.192517 1 0 30 0x7f517c8006a0 0x7f5592111568 1 -1 16 753 53
get: 1496270098.192713 1 0 30 0x7f517c800660 0x7f5592051510 1 -1 16 753 53
get: 1496270098.193546 1 0 30 0x7f517c800970 0x7f559201d660 1 -1 16 1003 53
get: 1496270098.193704 1 0 30 0x7f517c800980 0x7f55921117a0 1 -1 16 1003 53
get: 1496270098.193855 1 0 30 0x7f517c800768 0x7f55921104e0 1 -1 8 492 26
get: 1496270098.193976 1 0 30 0x7f517c800770 0x7f55921104d8 1 -1 8 492 26
get: 1496270098.194087 1 0 30 0x7f517c8009b0 0x7f55921117e8 1 -1 16 1003 53
put: 1496270098.194219 1 0 30 0x7f517c800a50 0x7f5592051910 1 -1 16 1003 53
f_executeOn: 1496270098.194341 1 0 -2 18 0x7f517c800e70 112 30
Etask: 1496270098.194463 1 30
task: 1496270098.206303 1 31 1 O 0 -5 28
Btask: 1496270098.206452 1 31
get: 1496270098.206485 1 0 31 0x7f5177800330 0x7f559201d660 1 -1 16 1354 53
get: 1496270098.207151 1 0 31 0x7f5177800350 0x7f55921117a0 1 -1 16 1354 53
get: 1496270098.207519 1 0 31 0x7f51777fff28 0x7f55921104e0 1 -1 8 492 26
get: 1496270098.207642 1 0 31 0x7f51777fff30 0x7f55921104d8 1 -1 8 492 26
get: 1496270098.207801 1 0 31 0x7f5177800380 0x7f55921117e8 1 -1 16 1354 53
get: 1496270098.207952 1 0 31 0x7f5177800340 0x7f5592051900 1 -1 16 1354 53
get: 1496270098.208114 1 0 31 0x7f5177800350 0x7f55921117a0 1 -1 16 1354 53
get: 1496270098.208545 1 0 31 0x7f51777fff28 0x7f55921104e0 1 -1 8 492 26
get: 1496270098.208663 1 0 31 0x7f51777fff30 0x7f55921104d8 1 -1 8 492 26
get: 1496270098.208751 1 0 31 0x7f5177800380 0x7f55921117e8 1 -1 16 1354 53
get: 1496270098.208804 1 0 31 0x7f5177800340 0x7f5592051910 1 -1 16 1354 53
get: 1496270098.208890 1 0 31 0x7f5177800350 0x7f55921117a0 1 -1 16 1354 53
get: 1496270098.209185 1 0 31 0x7f51777fff28 0x7f55921104e0 1 -1 8 492 26
get: 1496270098.209305 1 0 31 0x7f51777fff30 0x7f55921104d8 1 -1 8 492 26
get: 1496270098.209444 1 0 31 0x7f5177800380 0x7f55921117e8 1 -1 16 1354 53
get: 1496270098.209526 1 0 31 0x7f5177800340 0x7f5592051920 1 -1 16 1354 53
get: 1496270098.209616 1 0 31 0x7f5177800350 0x7f55921117a0 1 -1 16 1354 53
get: 1496270098.209743 1 0 31 0x7f51777fff28 0x7f55921104e0 1 -1 8 492 26
get: 1496270098.210066 1 0 31 0x7f51777fff30 0x7f55921104d8 1 -1 8 492 26
get: 1496270098.210811 1 0 31 0x7f5177800380 0x7f55921117e8 1 -1 16 1354 53
get: 1496270098.211311 1 0 31 0x7f5177800340 0x7f5592051930 1 -1 16 1354 53
get: 1496270098.211439 1 0 31 0x7f5177800350 0x7f55921117a0 1 -1 16 1354 53
get: 1496270098.211523 1 0 31 0x7f51777fff28 0x7f55921104e0 1 -1 8 492 26
get: 1496270098.211736 1 0 31 0x7f51777fff30 0x7f55921104d8 1 -1 8 492 26
get: 1496270098.211924 1 0 31 0x7f5177800380 0x7f55921117e8 1 -1 16 1354 53
get: 1496270098.211974 1 0 31 0x7f5177800340 0x7f5592051940 1 -1 16 1354 53
get: 1496270098.212342 1 0 31 0x7f5177800350 0x7f55921117a0 1 -1 16 1354 53
get: 1496270098.212720 1 0 31 0x7f51777fff28 0x7f55921104e0 1 -1 8 492 26
get: 1496270098.212772 1 0 31 0x7f51777fff30 0x7f55921104d8 1 -1 8 492 26
get: 1496270098.212821 1 0 31 0x7f5177800380 0x7f55921117e8 1 -1 16 1354 53
get: 1496270098.212870 1 0 31 0x7f5177800340 0x7f5592051950 1 -1 16 1354 53
get: 1496270098.212921 1 0 31 0x7f5177800350 0x7f55921117a0 1 -1 16 1354 53
get: 1496270098.213069 1 0 31 0x7f51777fff28 0x7f55921104e0 1 -1 8 492 26
get: 1496270098.213153 1 0 31 0x7f51777fff30 0x7f55921104d8 1 -1 8 492 26
get: 1496270098.213291 1 0 31 0x7f5177800380 0x7f55921117e8 1 -1 16 1354 53
get: 1496270098.213586 1 0 31 0x7f5177800340 0x7f5592051960 1 -1 16 1354 53
get: 1496270098.214172 1 0 31 0x7f5177800350 0x7f55921117a0 1 -1 16 1354 53
get: 1496270098.214668 1 0 31 0x7f51777fff28 0x7f55921104e0 1 -1 8 492 26
get: 1496270098.214750 1 0 31 0x7f51777fff30 0x7f55921104d8 1 -1 8 492 26
get: 1496270098.214799 1 0 31 0x7f5177800380 0x7f55921117e8 1 -1 16 1354 53
get: 1496270098.215142 1 0 31 0x7f5177800340 0x7f5592051970 1 -1 16 1354 53
get: 1496270098.215399 1 0 31 0x7f5177800350 0x7f55921117a0 1 -1 16 1354 53
get: 1496270098.215519 1 0 31 0x7f51777fff28 0x7f55921104e0 1 -1 8 492 26
get: 1496270098.216760 1 0 31 0x7f51777fff30 0x7f55921104d8 1 -1 8 492 26
get: 1496270098.217101 1 0 31 0x7f5177800380 0x7f55921117e8 1 -1 16 1354 53
get: 1496270098.217222 1 0 31 0x7f5177800340 0x7f5592051980 1 -1 16 1354 53
get: 1496270098.217652 1 0 31 0x7f5177800350 0x7f55921117a0 1 -1 16 1354 53
get: 1496270098.218114 1 0 31 0x7f51777fff28 0x7f55921104e0 1 -1 8 492 26
get: 1496270098.218241 1 0 31 0x7f51777fff30 0x7f55921104d8 1 -1 8 492 26
get: 1496270098.218835 1 0 31 0x7f5177800380 0x7f55921117e8 1 -1 16 1354 53
get: 1496270098.219371 1 0 31 0x7f5177800340 0x7f5592051990 1 -1 16 1354 53
get: 1496270098.219718 1 0 31 0x7f5177800350 0x7f55921117a0 1 -1 16 1354 53
get: 1496270098.219834 1 0 31 0x7f51777fff28 0x7f55921104e0 1 -1 8 492 26
get: 1496270098.219950 1 0 31 0x7f51777fff30 0x7f55921104d8 1 -1 8 492 26
get: 1496270098.220051 1 0 31 0x7f5177800380 0x7f55921117e8 1 -1 16 1354 53
get: 1496270098.220134 1 0 31 0x7f5177800340 0x7f55920519a0 1 -1 16 1354 53
get: 1496270098.220221 1 0 31 0x7f5177800350 0x7f55921117a0 1 -1 16 1354 53
get: 1496270098.220341 1 0 31 0x7f51777fff28 0x7f55921104e0 1 -1 8 492 26
get: 1496270098.220507 1 0 31 0x7f51777fff30 0x7f55921104d8 1 -1 8 492 26
get: 1496270098.220632 1 0 31 0x7f5177800380 0x7f55921117e8 1 -1 16 1354 53
get: 1496270098.221094 1 0 31 0x7f5177800340 0x7f55920519b0 1 -1 16 1354 53
get: 1496270098.221598 1 0 31 0x7f5177800350 0x7f55921117a0 1 -1 16 1354 53
get: 1496270098.221759 1 0 31 0x7f51777fff28 0x7f55921104e0 1 -1 8 492 26
get: 1496270098.222090 1 0 31 0x7f51777fff30 0x7f55921104d8 1 -1 8 492 26
get: 1496270098.222303 1 0 31 0x7f5177800380 0x7f55921117e8 1 -1 16 1354 53
get: 1496270098.222424 1 0 31 0x7f5177800340 0x7f55920519c0 1 -1 16 1354 53
get: 1496270098.222592 1 0 31 0x7f5177800350 0x7f55921117a0 1 -1 16 1354 53
get: 1496270098.222827 1 0 31 0x7f51777fff28 0x7f55921104e0 1 -1 8 492 26
get: 1496270098.222951 1 0 31 0x7f51777fff30 0x7f55921104d8 1 -1 8 492 26
get: 1496270098.223614 1 0 31 0x7f5177800380 0x7f55921117e8 1 -1 16 1354 53
get: 1496270098.223732 1 0 31 0x7f5177800340 0x7f55920519d0 1 -1 16 1354 53
get: 1496270098.223958 1 0 31 0x7f5177800350 0x7f55921117a0 1 -1 16 1354 53
get: 1496270098.224078 1 0 31 0x7f51777fff28 0x7f55921104e0 1 -1 8 492 26
get: 1496270098.224240 1 0 31 0x7f51777fff30 0x7f55921104d8 1 -1 8 492 26
get: 1496270098.224359 1 0 31 0x7f5177800380 0x7f55921117e8 1 -1 16 1354 53
get: 1496270098.224479 1 0 31 0x7f5177800340 0x7f55920519e0 1 -1 16 1354 53
get: 1496270098.224607 1 0 31 0x7f5177800350 0x7f55921117a0 1 -1 16 1354 53
get: 1496270098.224736 1 0 31 0x7f51777fff28 0x7f55921104e0 1 -1 8 492 26
get: 1496270098.224848 1 0 31 0x7f51777fff30 0x7f55921104d8 1 -1 8 492 26
get: 1496270098.224967 1 0 31 0x7f5177800380 0x7f55921117e8 1 -1 16 1354 53
get: 1496270098.225044 1 0 31 0x7f5177800340 0x7f55920519f0 1 -1 16 1354 53
task: 1496270098.225212 1 32 31 L 215 28 24
task: 1496270098.225220 1 33 31 L 218 28 31
Btask: 1496270098.225243 1 32
Btask: 1496270098.225256 1 33
fork: 1496270098.225259 1 3 -2 28 0x7f519a800e10 136 32 
fork: 1496270098.225270 1 4 -2 32 0x7f519b003e10 136 33 
Etask: 1496270098.245470 1 33
Etask: 1496270098.271747 1 32
Etask: 1496270098.271760 1 31
task: 1496270098.449518 1 34 5 O 0 -5 129
Btask: 1496270098.449642 1 34
get: 1496270098.449654 1 0 34 0x7f5172800930 0x7f559201d6b8 1 -1 16 1002 53
get: 1496270098.449813 1 0 34 0x7f5172800650 0x7f55921114c0 1 -1 16 753 53
get: 1496270098.449942 1 0 34 0x7f5172800670 0x7f5592111520 1 -1 16 753 53
get: 1496270098.450114 1 0 34 0x7f5172800528 0x7f55921104e0 1 -1 8 492 26
get: 1496270098.450239 1 0 34 0x7f5172800530 0x7f55921104d8 1 -1 8 492 26
get: 1496270098.450412 1 0 34 0x7f51728006a0 0x7f5592111568 1 -1 16 753 53
get: 1496270098.450577 1 0 34 0x7f5172800660 0x7f5592051510 1 -1 16 753 53
get: 1496270098.450768 1 0 34 0x7f5172800970 0x7f559201d6d0 1 -1 16 1003 53
get: 1496270098.450933 1 0 34 0x7f5172800980 0x7f5592111840 1 -1 16 1003 53
get: 1496270098.451079 1 0 34 0x7f5172800768 0x7f55921104e0 1 -1 8 492 26
get: 1496270098.451206 1 0 34 0x7f5172800770 0x7f55921104d8 1 -1 8 492 26
get: 1496270098.451350 1 0 34 0x7f51728009b0 0x7f5592111888 1 -1 16 1003 53
put: 1496270098.451527 1 0 34 0x7f5172800a50 0x7f5592051a10 1 -1 16 1003 53
f_executeOn: 1496270098.451647 1 0 -2 18 0x7f5172800e70 112 34
Etask: 1496270098.451782 1 34
task: 1496270098.453381 1 35 1 O 0 -5 28
Btask: 1496270098.453466 1 35
get: 1496270098.453493 1 0 35 0x7f516d800330 0x7f559201d6d0 1 -1 16 1354 53
get: 1496270098.453675 1 0 35 0x7f516d800350 0x7f5592111840 1 -1 16 1354 53
get: 1496270098.453732 1 0 35 0x7f516d7fff28 0x7f55921104e0 1 -1 8 492 26
get: 1496270098.453815 1 0 35 0x7f516d7fff30 0x7f55921104d8 1 -1 8 492 26
get: 1496270098.453902 1 0 35 0x7f516d800380 0x7f5592111888 1 -1 16 1354 53
get: 1496270098.453948 1 0 35 0x7f516d800340 0x7f5592051a00 1 -1 16 1354 53
get: 1496270098.453998 1 0 35 0x7f516d800350 0x7f5592111840 1 -1 16 1354 53
get: 1496270098.454088 1 0 35 0x7f516d7fff28 0x7f55921104e0 1 -1 8 492 26
get: 1496270098.454209 1 0 35 0x7f516d7fff30 0x7f55921104d8 1 -1 8 492 26
get: 1496270098.454295 1 0 35 0x7f516d800380 0x7f5592111888 1 -1 16 1354 53
get: 1496270098.454343 1 0 35 0x7f516d800340 0x7f5592051a10 1 -1 16 1354 53
get: 1496270098.454392 1 0 35 0x7f516d800350 0x7f5592111840 1 -1 16 1354 53
get: 1496270098.454448 1 0 35 0x7f516d7fff28 0x7f55921104e0 1 -1 8 492 26
get: 1496270098.454500 1 0 35 0x7f516d7fff30 0x7f55921104d8 1 -1 8 492 26
get: 1496270098.454550 1 0 35 0x7f516d800380 0x7f5592111888 1 -1 16 1354 53
get: 1496270098.454601 1 0 35 0x7f516d800340 0x7f5592051a20 1 -1 16 1354 53
get: 1496270098.454655 1 0 35 0x7f516d800350 0x7f5592111840 1 -1 16 1354 53
get: 1496270098.454745 1 0 35 0x7f516d7fff28 0x7f55921104e0 1 -1 8 492 26
get: 1496270098.454829 1 0 35 0x7f516d7fff30 0x7f55921104d8 1 -1 8 492 26
get: 1496270098.454911 1 0 35 0x7f516d800380 0x7f5592111888 1 -1 16 1354 53
get: 1496270098.454960 1 0 35 0x7f516d800340 0x7f5592051a30 1 -1 16 1354 53
get: 1496270098.455050 1 0 35 0x7f516d800350 0x7f5592111840 1 -1 16 1354 53
get: 1496270098.455179 1 0 35 0x7f516d7fff28 0x7f55921104e0 1 -1 8 492 26
get: 1496270098.455271 1 0 35 0x7f516d7fff30 0x7f55921104d8 1 -1 8 492 26
get: 1496270098.455329 1 0 35 0x7f516d800380 0x7f5592111888 1 -1 16 1354 53
get: 1496270098.455403 1 0 35 0x7f516d800340 0x7f5592051a40 1 -1 16 1354 53
get: 1496270098.455516 1 0 35 0x7f516d800350 0x7f5592111840 1 -1 16 1354 53
get: 1496270098.455564 1 0 35 0x7f516d7fff28 0x7f55921104e0 1 -1 8 492 26
get: 1496270098.455621 1 0 35 0x7f516d7fff30 0x7f55921104d8 1 -1 8 492 26
get: 1496270098.455669 1 0 35 0x7f516d800380 0x7f5592111888 1 -1 16 1354 53
get: 1496270098.455717 1 0 35 0x7f516d800340 0x7f5592051a50 1 -1 16 1354 53
get: 1496270098.455769 1 0 35 0x7f516d800350 0x7f5592111840 1 -1 16 1354 53
get: 1496270098.455817 1 0 35 0x7f516d7fff28 0x7f55921104e0 1 -1 8 492 26
get: 1496270098.455865 1 0 35 0x7f516d7fff30 0x7f55921104d8 1 -1 8 492 26
get: 1496270098.455944 1 0 35 0x7f516d800380 0x7f5592111888 1 -1 16 1354 53
get: 1496270098.456042 1 0 35 0x7f516d800340 0x7f5592051a60 1 -1 16 1354 53
get: 1496270098.456100 1 0 35 0x7f516d800350 0x7f5592111840 1 -1 16 1354 53
get: 1496270098.456151 1 0 35 0x7f516d7fff28 0x7f55921104e0 1 -1 8 492 26
get: 1496270098.456275 1 0 35 0x7f516d7fff30 0x7f55921104d8 1 -1 8 492 26
get: 1496270098.456331 1 0 35 0x7f516d800380 0x7f5592111888 1 -1 16 1354 53
get: 1496270098.456381 1 0 35 0x7f516d800340 0x7f5592051a70 1 -1 16 1354 53
get: 1496270098.456435 1 0 35 0x7f516d800350 0x7f5592111840 1 -1 16 1354 53
get: 1496270098.456497 1 0 35 0x7f516d7fff28 0x7f55921104e0 1 -1 8 492 26
get: 1496270098.456544 1 0 35 0x7f516d7fff30 0x7f55921104d8 1 -1 8 492 26
get: 1496270098.456596 1 0 35 0x7f516d800380 0x7f5592111888 1 -1 16 1354 53
get: 1496270098.456695 1 0 35 0x7f516d800340 0x7f5592051a80 1 -1 16 1354 53
get: 1496270098.456835 1 0 35 0x7f516d800350 0x7f5592111840 1 -1 16 1354 53
get: 1496270098.456947 1 0 35 0x7f516d7fff28 0x7f55921104e0 1 -1 8 492 26
get: 1496270098.457034 1 0 35 0x7f516d7fff30 0x7f55921104d8 1 -1 8 492 26
get: 1496270098.457092 1 0 35 0x7f516d800380 0x7f5592111888 1 -1 16 1354 53
get: 1496270098.457166 1 0 35 0x7f516d800340 0x7f5592051a90 1 -1 16 1354 53
get: 1496270098.457260 1 0 35 0x7f516d800350 0x7f5592111840 1 -1 16 1354 53
get: 1496270098.457311 1 0 35 0x7f516d7fff28 0x7f55921104e0 1 -1 8 492 26
get: 1496270098.457402 1 0 35 0x7f516d7fff30 0x7f55921104d8 1 -1 8 492 26
get: 1496270098.457488 1 0 35 0x7f516d800380 0x7f5592111888 1 -1 16 1354 53
get: 1496270098.457543 1 0 35 0x7f516d800340 0x7f5592051aa0 1 -1 16 1354 53
get: 1496270098.457599 1 0 35 0x7f516d800350 0x7f5592111840 1 -1 16 1354 53
get: 1496270098.457644 1 0 35 0x7f516d7fff28 0x7f55921104e0 1 -1 8 492 26
get: 1496270098.457717 1 0 35 0x7f516d7fff30 0x7f55921104d8 1 -1 8 492 26
get: 1496270098.457836 1 0 35 0x7f516d800380 0x7f5592111888 1 -1 16 1354 53
get: 1496270098.457928 1 0 35 0x7f516d800340 0x7f5592051ab0 1 -1 16 1354 53
get: 1496270098.458071 1 0 35 0x7f516d800350 0x7f5592111840 1 -1 16 1354 53
get: 1496270098.458185 1 0 35 0x7f516d7fff28 0x7f55921104e0 1 -1 8 492 26
get: 1496270098.458342 1 0 35 0x7f516d7fff30 0x7f55921104d8 1 -1 8 492 26
get: 1496270098.458458 1 0 35 0x7f516d800380 0x7f5592111888 1 -1 16 1354 53
get: 1496270098.458540 1 0 35 0x7f516d800340 0x7f5592051ac0 1 -1 16 1354 53
get: 1496270098.458592 1 0 35 0x7f516d800350 0x7f5592111840 1 -1 16 1354 53
get: 1496270098.458653 1 0 35 0x7f516d7fff28 0x7f55921104e0 1 -1 8 492 26
get: 1496270098.458740 1 0 35 0x7f516d7fff30 0x7f55921104d8 1 -1 8 492 26
get: 1496270098.458851 1 0 35 0x7f516d800380 0x7f5592111888 1 -1 16 1354 53
get: 1496270098.458968 1 0 35 0x7f516d800340 0x7f5592051ad0 1 -1 16 1354 53
get: 1496270098.459057 1 0 35 0x7f516d800350 0x7f5592111840 1 -1 16 1354 53
get: 1496270098.459110 1 0 35 0x7f516d7fff28 0x7f55921104e0 1 -1 8 492 26
get: 1496270098.459161 1 0 35 0x7f516d7fff30 0x7f55921104d8 1 -1 8 492 26
get: 1496270098.459214 1 0 35 0x7f516d800380 0x7f5592111888 1 -1 16 1354 53
get: 1496270098.459315 1 0 35 0x7f516d800340 0x7f5592051ae0 1 -1 16 1354 53
get: 1496270098.459411 1 0 35 0x7f516d800350 0x7f5592111840 1 -1 16 1354 53
get: 1496270098.459503 1 0 35 0x7f516d7fff28 0x7f55921104e0 1 -1 8 492 26
get: 1496270098.459556 1 0 35 0x7f516d7fff30 0x7f55921104d8 1 -1 8 492 26
get: 1496270098.459603 1 0 35 0x7f516d800380 0x7f5592111888 1 -1 16 1354 53
get: 1496270098.459702 1 0 35 0x7f516d800340 0x7f5592051af0 1 -1 16 1354 53
task: 1496270098.459797 1 36 35 L 215 28 24
task: 1496270098.459806 1 37 35 L 218 28 31
Btask: 1496270098.459851 1 36
Btask: 1496270098.459851 1 37
fork: 1496270098.459877 1 3 -2 28 0x7f519a800e10 136 36 
fork: 1496270098.459884 1 4 -2 32 0x7f519b003e10 136 37 
Etask: 1496270098.481440 1 37
Etask: 1496270098.491642 1 36
Etask: 1496270098.491655 1 35
task: 1496270098.517711 1 38 5 O 0 -5 158
Btask: 1496270098.517819 1 38
VdbMark: 1496270098.517829 1 38
Tag: 1496270098.517838 1.956000 0.948000 1 38 2
Etask: 1496270098.517864 1 38
task: 1496270098.525781 1 39 1 O 0 -5 164
Btask: 1496270098.525914 1 39
f_executeOn: 1496270098.525996 1 0 -2 18 0x7f519a800e20 112 39
Etask: 1496270098.526152 1 39
task: 1496270098.533105 1 40 5 O 0 -5 158
Btask: 1496270098.533143 1 40
VdbMark: 1496270098.533156 1 40
Tag: 1496270098.533170 1.980000 0.960000 1 40 3
Etask: 1496270098.533215 1 40
task: 1496270098.577428 1 41 1 O 0 -5 158
Btask: 1496270098.577477 1 41
VdbMark: 1496270098.577487 1 41
Tag: 1496270098.577525 2.040000 0.988000 1 41 4
Etask: 1496270098.577586 1 41
task: 1496270098.585190 1 42 5 O 0 -5 160
Btask: 1496270098.585247 1 42
task: 1496270098.585295 1 43 42 L 30 51 159
task: 1496270098.585304 1 44 42 L 32 51 161
Btask: 1496270098.585390 1 43
Btask: 1496270098.585392 1 44
fork: 1496270098.585404 1 3 -2 160 0x7f519a800e60 104 43 
fork: 1496270098.585411 1 4 -2 162 0x7f519b003e60 104 44 
Etask: 1496270098.587201 1 44
Etask: 1496270098.591719 1 43
Etask: 1496270098.591742 1 42
task: 1496270098.593030 1 45 5 O 0 -5 158
Btask: 1496270098.593064 1 45
VdbMark: 1496270098.593075 1 45
Tag: 1496270098.593084 2.084000 0.996000 1 45 5
Etask: 1496270098.593115 1 45
task: 1496270098.603484 1 46 5 O 0 -5 158
Btask: 1496270098.603548 1 46
VdbMark: 1496270098.603562 1 46
Tag: 1496270098.603583 2.096000 1.008000 1 46 6
Etask: 1496270098.603612 1 46
task: 1496270098.608017 1 47 5 O 0 -5 166
Btask: 1496270098.608040 1 47
task: 1496270098.608052 1 48 47 L 76 51 165
task: 1496270098.608058 1 49 47 L 78 51 167
task: 1496270098.608063 1 50 47 L 80 51 169
Btask: 1496270098.608079 1 48
Btask: 1496270098.608088 1 50
fork: 1496270098.608094 1 3 -2 166 0x7f5195800e90 72 48 
Etask: 1496270098.608104 1 50
Btask: 1496270098.608106 1 49
fork: 1496270098.608120 1 4 -2 168 0x7f5190800e90 72 49 
Etask: 1496270098.608858 1 49
Etask: 1496270098.619776 1 48
Etask: 1496270098.619816 1 47
task: 1496270098.620247 1 51 1 O 0 -5 158
Btask: 1496270098.620313 1 51
VdbMark: 1496270098.620325 1 51
Tag: 1496270098.620332 2.156000 1.012000 1 51 7
Etask: 1496270098.620364 1 51
task: 1496270098.668183 1 52 5 O 0 -5 158
Btask: 1496270098.668246 1 52
VdbMark: 1496270098.668259 1 52
Tag: 1496270098.668267 2.252000 1.016000 1 52 8
Etask: 1496270098.668292 1 52
task: 1496270098.677974 1 53 1 O 0 -5 171
Btask: 1496270098.678037 1 53
Etask: 1496270098.678076 1 53
task: 1496270098.685125 1 54 1 O 0 -5 158
Btask: 1496270098.685149 1 54
VdbMark: 1496270098.685155 1 54
Tag: 1496270098.685162 2.276000 1.032000 1 54 9
Etask: 1496270098.685180 1 54
task: 1496270098.721394 1 55 5 O 0 -5 158
Btask: 1496270098.721423 1 55
VdbMark: 1496270098.721433 1 55
Pause: 1496270098.721441 2.324000 1.060000 1 55 9
VdbMark: 1496270098.724457 1 56
Tag: 1496270098.724501 2.328000 1.064000 1 56 10
Etask: 1496270098.724557 1 56
task: 1496270098.757357 1 57 5 O 0 -5 172
Btask: 1496270098.757404 1 57
get: 1496270098.757429 1 0 57 0x7f519b003e80 0x7f55537ffd58 1 -1 8 157 51
get: 1496270098.757728 1 0 57 0x7f519b003e88 0x7f55537ffd58 1 -1 8 157 51
Etask: 1496270098.757997 1 57
task: 1496270098.758418 1 58 1 O 0 -5 158
Btask: 1496270098.758445 1 58
VdbMark: 1496270098.758453 1 58
Tag: 1496270098.758463 2.380000 1.084000 1 58 11
Etask: 1496270098.758492 1 58
task: 1496270098.782268 1 59 5 O 0 -5 158
Btask: 1496270098.782334 1 59
VdbMark: 1496270098.782355 1 59
Pause: 1496270098.782368 2.420000 1.096000 1 59 11
VdbMark: 1496270098.786348 1 60
Tag: 1496270098.786362 2.420000 1.104000 1 60 12
Etask: 1496270098.786400 1 60
task: 1496270098.792105 1 61 5 O 0 -5 174
Btask: 1496270098.792166 1 61
Etask: 1496270098.792210 1 61
task: 1496270098.804822 1 62 1 O 0 -5 158
Btask: 1496270098.804848 1 62
VdbMark: 1496270098.804851 1 62
End: 1496270098.804860 2.460000 1.108000 1 62
