ChplVdebug: ver 1.2 nodes 16 nid 9 tid 2 seq 56097699490.000 1496270097.701337 0.300000 0.160000 
Etask: 1496270097.702918 9 2
task: 1496270097.729302 9 3 1 O 0 -5 158
Btask: 1496270097.729851 9 3
VdbMark: 1496270097.730287 9 3
Tag: 1496270097.730306 0.344000 0.176000 9 3 0
Etask: 1496270097.730365 9 3
task: 1496270097.751814 9 4 5 O 0 -5 123
Btask: 1496270097.752384 9 4
get: 1496270097.752801 9 0 4 0x7f4dc9800c50 0x7f5592184348 1 -1 16 451 53
get: 1496270097.753052 9 0 4 0x7f4dc9800c60 0x7f55921113e0 1 -1 16 451 53
get: 1496270097.753179 9 0 4 0x7f4dc9800b08 0x7f55921104e0 1 -1 8 492 26
get: 1496270097.753338 9 0 4 0x7f4dc9800b10 0x7f55921104d8 1 -1 8 492 26
get: 1496270097.753508 9 0 4 0x7f4dc9800c90 0x7f5592111428 1 -1 16 451 53
put: 1496270097.753677 9 0 4 0x7f4dc9800cb0 0x7f5592051490 1 -1 16 451 53
f_executeOn: 1496270097.753971 9 0 -2 18 0x7f4dc9800df0 112 4
Etask: 1496270097.754143 9 4
task: 1496270097.809245 9 6 5 O 0 -5 27
Btask: 1496270097.809870 9 6
get: 1496270097.810461 9 4 6 0x7f4dc47fff30 0x7f893080f0a8 1 -1 16 1295 53
get: 1496270097.810721 9 4 6 0x7f4dc47ffe30 0x7f893080f088 1 -1 16 1294 53
get: 1496270097.811002 9 4 6 0x7f4dc47ffe50 0x7f8930817020 1 -1 16 1294 53
get: 1496270097.811114 9 4 6 0x7f4dc47ff9a8 0x7f893080e160 1 -1 8 492 26
get: 1496270097.811250 9 4 6 0x7f4dc47ff9b0 0x7f893080e158 1 -1 8 492 26
get: 1496270097.811376 9 4 6 0x7f4dc47ffe80 0x7f8930817068 1 -1 16 1294 53
get: 1496270097.811538 9 4 6 0x7f4dc47ffe40 0x7f8930820000 1 -1 16 1294 53
get: 1496270097.811637 9 4 6 0x7f4dc47fff50 0x7f89308170c0 1 -1 16 1295 53
get: 1496270097.811888 9 4 6 0x7f4dc47ff9a8 0x7f893080e160 1 -1 8 492 26
get: 1496270097.812055 9 4 6 0x7f4dc47ff9b0 0x7f893080e158 1 -1 8 492 26
get: 1496270097.812279 9 4 6 0x7f4dc47fff80 0x7f8930817108 1 -1 16 1295 53
get: 1496270097.812518 9 4 6 0x7f4dc47fff40 0x7f8930820100 1 -1 16 1295 53
get: 1496270097.812797 9 4 6 0x7f4dc47ffe50 0x7f8930817020 1 -1 16 1294 53
get: 1496270097.812936 9 4 6 0x7f4dc47ff9a8 0x7f893080e160 1 -1 8 492 26
get: 1496270097.813131 9 4 6 0x7f4dc47ff9b0 0x7f893080e158 1 -1 8 492 26
get: 1496270097.813257 9 4 6 0x7f4dc47ffe80 0x7f8930817068 1 -1 16 1294 53
get: 1496270097.813343 9 4 6 0x7f4dc47ffe40 0x7f8930820010 1 -1 16 1294 53
get: 1496270097.813492 9 4 6 0x7f4dc47fff50 0x7f89308170c0 1 -1 16 1295 53
get: 1496270097.813637 9 4 6 0x7f4dc47ff9a8 0x7f893080e160 1 -1 8 492 26
get: 1496270097.813838 9 4 6 0x7f4dc47ff9b0 0x7f893080e158 1 -1 8 492 26
get: 1496270097.813975 9 4 6 0x7f4dc47fff80 0x7f8930817108 1 -1 16 1295 53
get: 1496270097.814071 9 4 6 0x7f4dc47fff40 0x7f8930820110 1 -1 16 1295 53
get: 1496270097.814168 9 4 6 0x7f4dc47ffe50 0x7f8930817020 1 -1 16 1294 53
get: 1496270097.814265 9 4 6 0x7f4dc47ff9a8 0x7f893080e160 1 -1 8 492 26
get: 1496270097.814429 9 4 6 0x7f4dc47ff9b0 0x7f893080e158 1 -1 8 492 26
get: 1496270097.814682 9 4 6 0x7f4dc47ffe80 0x7f8930817068 1 -1 16 1294 53
get: 1496270097.814780 9 4 6 0x7f4dc47ffe40 0x7f8930820020 1 -1 16 1294 53
get: 1496270097.814842 9 4 6 0x7f4dc47fff50 0x7f89308170c0 1 -1 16 1295 53
get: 1496270097.814984 9 4 6 0x7f4dc47ff9a8 0x7f893080e160 1 -1 8 492 26
get: 1496270097.815139 9 4 6 0x7f4dc47ff9b0 0x7f893080e158 1 -1 8 492 26
get: 1496270097.815331 9 4 6 0x7f4dc47fff80 0x7f8930817108 1 -1 16 1295 53
get: 1496270097.815545 9 4 6 0x7f4dc47fff40 0x7f8930820120 1 -1 16 1295 53
get: 1496270097.815823 9 4 6 0x7f4dc47ffe50 0x7f8930817020 1 -1 16 1294 53
get: 1496270097.815968 9 4 6 0x7f4dc47ff9a8 0x7f893080e160 1 -1 8 492 26
get: 1496270097.816096 9 4 6 0x7f4dc47ff9b0 0x7f893080e158 1 -1 8 492 26
get: 1496270097.816252 9 4 6 0x7f4dc47ffe80 0x7f8930817068 1 -1 16 1294 53
get: 1496270097.816414 9 4 6 0x7f4dc47ffe40 0x7f8930820030 1 -1 16 1294 53
get: 1496270097.816541 9 4 6 0x7f4dc47fff50 0x7f89308170c0 1 -1 16 1295 53
get: 1496270097.816682 9 4 6 0x7f4dc47ff9a8 0x7f893080e160 1 -1 8 492 26
get: 1496270097.816872 9 4 6 0x7f4dc47ff9b0 0x7f893080e158 1 -1 8 492 26
get: 1496270097.816985 9 4 6 0x7f4dc47fff80 0x7f8930817108 1 -1 16 1295 53
get: 1496270097.817043 9 4 6 0x7f4dc47fff40 0x7f8930820130 1 -1 16 1295 53
get: 1496270097.817096 9 4 6 0x7f4dc47ffe50 0x7f8930817020 1 -1 16 1294 53
get: 1496270097.817294 9 4 6 0x7f4dc47ff9a8 0x7f893080e160 1 -1 8 492 26
get: 1496270097.817574 9 4 6 0x7f4dc47ff9b0 0x7f893080e158 1 -1 8 492 26
get: 1496270097.817670 9 4 6 0x7f4dc47ffe80 0x7f8930817068 1 -1 16 1294 53
get: 1496270097.817844 9 4 6 0x7f4dc47ffe40 0x7f8930820040 1 -1 16 1294 53
get: 1496270097.818013 9 4 6 0x7f4dc47fff50 0x7f89308170c0 1 -1 16 1295 53
get: 1496270097.818134 9 4 6 0x7f4dc47ff9a8 0x7f893080e160 1 -1 8 492 26
get: 1496270097.818231 9 4 6 0x7f4dc47ff9b0 0x7f893080e158 1 -1 8 492 26
get: 1496270097.818342 9 4 6 0x7f4dc47fff80 0x7f8930817108 1 -1 16 1295 53
get: 1496270097.818512 9 4 6 0x7f4dc47fff40 0x7f8930820140 1 -1 16 1295 53
get: 1496270097.818628 9 4 6 0x7f4dc47ffe50 0x7f8930817020 1 -1 16 1294 53
get: 1496270097.818802 9 4 6 0x7f4dc47ff9a8 0x7f893080e160 1 -1 8 492 26
get: 1496270097.818896 9 4 6 0x7f4dc47ff9b0 0x7f893080e158 1 -1 8 492 26
get: 1496270097.818959 9 4 6 0x7f4dc47ffe80 0x7f8930817068 1 -1 16 1294 53
get: 1496270097.819058 9 4 6 0x7f4dc47ffe40 0x7f8930820050 1 -1 16 1294 53
get: 1496270097.819276 9 4 6 0x7f4dc47fff50 0x7f89308170c0 1 -1 16 1295 53
get: 1496270097.819370 9 4 6 0x7f4dc47ff9a8 0x7f893080e160 1 -1 8 492 26
get: 1496270097.819461 9 4 6 0x7f4dc47ff9b0 0x7f893080e158 1 -1 8 492 26
get: 1496270097.819691 9 4 6 0x7f4dc47fff80 0x7f8930817108 1 -1 16 1295 53
get: 1496270097.819955 9 4 6 0x7f4dc47fff40 0x7f8930820150 1 -1 16 1295 53
get: 1496270097.820061 9 4 6 0x7f4dc47ffe50 0x7f8930817020 1 -1 16 1294 53
get: 1496270097.820257 9 4 6 0x7f4dc47ff9a8 0x7f893080e160 1 -1 8 492 26
get: 1496270097.820440 9 4 6 0x7f4dc47ff9b0 0x7f893080e158 1 -1 8 492 26
get: 1496270097.820558 9 4 6 0x7f4dc47ffe80 0x7f8930817068 1 -1 16 1294 53
get: 1496270097.820664 9 4 6 0x7f4dc47ffe40 0x7f8930820060 1 -1 16 1294 53
get: 1496270097.820761 9 4 6 0x7f4dc47fff50 0x7f89308170c0 1 -1 16 1295 53
get: 1496270097.820850 9 4 6 0x7f4dc47ff9a8 0x7f893080e160 1 -1 8 492 26
get: 1496270097.820948 9 4 6 0x7f4dc47ff9b0 0x7f893080e158 1 -1 8 492 26
get: 1496270097.821050 9 4 6 0x7f4dc47fff80 0x7f8930817108 1 -1 16 1295 53
get: 1496270097.821180 9 4 6 0x7f4dc47fff40 0x7f8930820160 1 -1 16 1295 53
get: 1496270097.821298 9 4 6 0x7f4dc47ffe50 0x7f8930817020 1 -1 16 1294 53
get: 1496270097.821425 9 4 6 0x7f4dc47ff9a8 0x7f893080e160 1 -1 8 492 26
get: 1496270097.821566 9 4 6 0x7f4dc47ff9b0 0x7f893080e158 1 -1 8 492 26
get: 1496270097.821723 9 4 6 0x7f4dc47ffe80 0x7f8930817068 1 -1 16 1294 53
get: 1496270097.821881 9 4 6 0x7f4dc47ffe40 0x7f8930820070 1 -1 16 1294 53
get: 1496270097.821993 9 4 6 0x7f4dc47fff50 0x7f89308170c0 1 -1 16 1295 53
get: 1496270097.822115 9 4 6 0x7f4dc47ff9a8 0x7f893080e160 1 -1 8 492 26
get: 1496270097.822212 9 4 6 0x7f4dc47ff9b0 0x7f893080e158 1 -1 8 492 26
get: 1496270097.822334 9 4 6 0x7f4dc47fff80 0x7f8930817108 1 -1 16 1295 53
get: 1496270097.822451 9 4 6 0x7f4dc47fff40 0x7f8930820170 1 -1 16 1295 53
get: 1496270097.822615 9 4 6 0x7f4dc47ffe50 0x7f8930817020 1 -1 16 1294 53
get: 1496270097.822940 9 4 6 0x7f4dc47ff9a8 0x7f893080e160 1 -1 8 492 26
get: 1496270097.823125 9 4 6 0x7f4dc47ff9b0 0x7f893080e158 1 -1 8 492 26
get: 1496270097.823265 9 4 6 0x7f4dc47ffe80 0x7f8930817068 1 -1 16 1294 53
get: 1496270097.823461 9 4 6 0x7f4dc47ffe40 0x7f8930820080 1 -1 16 1294 53
get: 1496270097.823554 9 4 6 0x7f4dc47fff50 0x7f89308170c0 1 -1 16 1295 53
get: 1496270097.823782 9 4 6 0x7f4dc47ff9a8 0x7f893080e160 1 -1 8 492 26
get: 1496270097.823918 9 4 6 0x7f4dc47ff9b0 0x7f893080e158 1 -1 8 492 26
get: 1496270097.824038 9 4 6 0x7f4dc47fff80 0x7f8930817108 1 -1 16 1295 53
get: 1496270097.824122 9 4 6 0x7f4dc47fff40 0x7f8930820180 1 -1 16 1295 53
get: 1496270097.824248 9 4 6 0x7f4dc47ffe50 0x7f8930817020 1 -1 16 1294 53
get: 1496270097.824344 9 4 6 0x7f4dc47ff9a8 0x7f893080e160 1 -1 8 492 26
get: 1496270097.824467 9 4 6 0x7f4dc47ff9b0 0x7f893080e158 1 -1 8 492 26
get: 1496270097.824605 9 4 6 0x7f4dc47ffe80 0x7f8930817068 1 -1 16 1294 53
get: 1496270097.824804 9 4 6 0x7f4dc47ffe40 0x7f8930820090 1 -1 16 1294 53
get: 1496270097.824905 9 4 6 0x7f4dc47fff50 0x7f89308170c0 1 -1 16 1295 53
get: 1496270097.825117 9 4 6 0x7f4dc47ff9a8 0x7f893080e160 1 -1 8 492 26
get: 1496270097.825247 9 4 6 0x7f4dc47ff9b0 0x7f893080e158 1 -1 8 492 26
get: 1496270097.825466 9 4 6 0x7f4dc47fff80 0x7f8930817108 1 -1 16 1295 53
get: 1496270097.825663 9 4 6 0x7f4dc47fff40 0x7f8930820190 1 -1 16 1295 53
get: 1496270097.825784 9 4 6 0x7f4dc47ffe50 0x7f8930817020 1 -1 16 1294 53
get: 1496270097.825942 9 4 6 0x7f4dc47ff9a8 0x7f893080e160 1 -1 8 492 26
get: 1496270097.826039 9 4 6 0x7f4dc47ff9b0 0x7f893080e158 1 -1 8 492 26
get: 1496270097.826239 9 4 6 0x7f4dc47ffe80 0x7f8930817068 1 -1 16 1294 53
get: 1496270097.826338 9 4 6 0x7f4dc47ffe40 0x7f89308200a0 1 -1 16 1294 53
get: 1496270097.826459 9 4 6 0x7f4dc47fff50 0x7f89308170c0 1 -1 16 1295 53
get: 1496270097.826554 9 4 6 0x7f4dc47ff9a8 0x7f893080e160 1 -1 8 492 26
get: 1496270097.826643 9 4 6 0x7f4dc47ff9b0 0x7f893080e158 1 -1 8 492 26
get: 1496270097.826817 9 4 6 0x7f4dc47fff80 0x7f8930817108 1 -1 16 1295 53
get: 1496270097.826968 9 4 6 0x7f4dc47fff40 0x7f89308201a0 1 -1 16 1295 53
get: 1496270097.827089 9 4 6 0x7f4dc47ffe50 0x7f8930817020 1 -1 16 1294 53
get: 1496270097.827208 9 4 6 0x7f4dc47ff9a8 0x7f893080e160 1 -1 8 492 26
get: 1496270097.827302 9 4 6 0x7f4dc47ff9b0 0x7f893080e158 1 -1 8 492 26
get: 1496270097.827429 9 4 6 0x7f4dc47ffe80 0x7f8930817068 1 -1 16 1294 53
get: 1496270097.827672 9 4 6 0x7f4dc47ffe40 0x7f89308200b0 1 -1 16 1294 53
get: 1496270097.827823 9 4 6 0x7f4dc47fff50 0x7f89308170c0 1 -1 16 1295 53
get: 1496270097.827918 9 4 6 0x7f4dc47ff9a8 0x7f893080e160 1 -1 8 492 26
get: 1496270097.828028 9 4 6 0x7f4dc47ff9b0 0x7f893080e158 1 -1 8 492 26
get: 1496270097.828214 9 4 6 0x7f4dc47fff80 0x7f8930817108 1 -1 16 1295 53
get: 1496270097.828335 9 4 6 0x7f4dc47fff40 0x7f89308201b0 1 -1 16 1295 53
get: 1496270097.828437 9 4 6 0x7f4dc47ffe50 0x7f8930817020 1 -1 16 1294 53
get: 1496270097.828545 9 4 6 0x7f4dc47ff9a8 0x7f893080e160 1 -1 8 492 26
get: 1496270097.828697 9 4 6 0x7f4dc47ff9b0 0x7f893080e158 1 -1 8 492 26
get: 1496270097.828795 9 4 6 0x7f4dc47ffe80 0x7f8930817068 1 -1 16 1294 53
get: 1496270097.828918 9 4 6 0x7f4dc47ffe40 0x7f89308200c0 1 -1 16 1294 53
get: 1496270097.829048 9 4 6 0x7f4dc47fff50 0x7f89308170c0 1 -1 16 1295 53
get: 1496270097.829169 9 4 6 0x7f4dc47ff9a8 0x7f893080e160 1 -1 8 492 26
get: 1496270097.829270 9 4 6 0x7f4dc47ff9b0 0x7f893080e158 1 -1 8 492 26
get: 1496270097.829528 9 4 6 0x7f4dc47fff80 0x7f8930817108 1 -1 16 1295 53
get: 1496270097.829657 9 4 6 0x7f4dc47fff40 0x7f89308201c0 1 -1 16 1295 53
get: 1496270097.829863 9 4 6 0x7f4dc47ffe50 0x7f8930817020 1 -1 16 1294 53
get: 1496270097.829959 9 4 6 0x7f4dc47ff9a8 0x7f893080e160 1 -1 8 492 26
get: 1496270097.830041 9 4 6 0x7f4dc47ff9b0 0x7f893080e158 1 -1 8 492 26
get: 1496270097.830170 9 4 6 0x7f4dc47ffe80 0x7f8930817068 1 -1 16 1294 53
get: 1496270097.830300 9 4 6 0x7f4dc47ffe40 0x7f89308200d0 1 -1 16 1294 53
get: 1496270097.830454 9 4 6 0x7f4dc47fff50 0x7f89308170c0 1 -1 16 1295 53
get: 1496270097.830586 9 4 6 0x7f4dc47ff9a8 0x7f893080e160 1 -1 8 492 26
get: 1496270097.830686 9 4 6 0x7f4dc47ff9b0 0x7f893080e158 1 -1 8 492 26
get: 1496270097.831154 9 4 6 0x7f4dc47fff80 0x7f8930817108 1 -1 16 1295 53
get: 1496270097.831215 9 4 6 0x7f4dc47fff40 0x7f89308201d0 1 -1 16 1295 53
get: 1496270097.831359 9 4 6 0x7f4dc47ffe50 0x7f8930817020 1 -1 16 1294 53
get: 1496270097.831453 9 4 6 0x7f4dc47ff9a8 0x7f893080e160 1 -1 8 492 26
get: 1496270097.831580 9 4 6 0x7f4dc47ff9b0 0x7f893080e158 1 -1 8 492 26
get: 1496270097.831708 9 4 6 0x7f4dc47ffe80 0x7f8930817068 1 -1 16 1294 53
get: 1496270097.831880 9 4 6 0x7f4dc47ffe40 0x7f89308200e0 1 -1 16 1294 53
get: 1496270097.832075 9 4 6 0x7f4dc47fff50 0x7f89308170c0 1 -1 16 1295 53
get: 1496270097.832342 9 4 6 0x7f4dc47ff9a8 0x7f893080e160 1 -1 8 492 26
get: 1496270097.832467 9 4 6 0x7f4dc47ff9b0 0x7f893080e158 1 -1 8 492 26
get: 1496270097.832634 9 4 6 0x7f4dc47fff80 0x7f8930817108 1 -1 16 1295 53
get: 1496270097.832813 9 4 6 0x7f4dc47fff40 0x7f89308201e0 1 -1 16 1295 53
get: 1496270097.832975 9 4 6 0x7f4dc47ffe50 0x7f8930817020 1 -1 16 1294 53
get: 1496270097.833133 9 4 6 0x7f4dc47ff9a8 0x7f893080e160 1 -1 8 492 26
get: 1496270097.833261 9 4 6 0x7f4dc47ff9b0 0x7f893080e158 1 -1 8 492 26
get: 1496270097.833488 9 4 6 0x7f4dc47ffe80 0x7f8930817068 1 -1 16 1294 53
get: 1496270097.833704 9 4 6 0x7f4dc47ffe40 0x7f89308200f0 1 -1 16 1294 53
get: 1496270097.833943 9 4 6 0x7f4dc47fff50 0x7f89308170c0 1 -1 16 1295 53
get: 1496270097.834082 9 4 6 0x7f4dc47ff9a8 0x7f893080e160 1 -1 8 492 26
get: 1496270097.834309 9 4 6 0x7f4dc47ff9b0 0x7f893080e158 1 -1 8 492 26
get: 1496270097.834469 9 4 6 0x7f4dc47fff80 0x7f8930817108 1 -1 16 1295 53
get: 1496270097.834605 9 4 6 0x7f4dc47fff40 0x7f89308201f0 1 -1 16 1295 53
task: 1496270097.834768 9 7 6 L 215 28 23
task: 1496270097.834788 9 8 6 L 218 28 30
Btask: 1496270097.834816 9 7
Etask: 1496270097.835262 9 7
Btask: 1496270097.835294 9 8
Etask: 1496270097.835309 9 8
Etask: 1496270097.835327 9 6
task: 1496270097.897498 9 9 5 O 0 -5 125
Btask: 1496270097.898138 9 9
get: 1496270097.898555 9 0 9 0x7f4dbf800b50 0x7f55921114c0 1 -1 16 933 53
get: 1496270097.898812 9 0 9 0x7f4dbf800b60 0x7f5592111520 1 -1 16 933 53
get: 1496270097.899003 9 0 9 0x7f4dbf8009c8 0x7f55921104e0 1 -1 8 492 26
get: 1496270097.899178 9 0 9 0x7f4dbf8009d0 0x7f55921104d8 1 -1 8 492 26
get: 1496270097.899337 9 0 9 0x7f4dbf800b90 0x7f5592111568 1 -1 16 933 53
get: 1496270097.899474 9 0 9 0x7f4dbf800be0 0x7f55921114a8 1 -1 16 934 53
get: 1496270097.899637 9 0 9 0x7f4dbf800770 0x7f5592184348 1 -1 16 588 53
get: 1496270097.899817 9 0 9 0x7f4dbf800790 0x7f55921113e0 1 -1 16 588 53
get: 1496270097.899984 9 0 9 0x7f4dbf800628 0x7f55921104e0 1 -1 8 492 26
get: 1496270097.900111 9 0 9 0x7f4dbf800630 0x7f55921104d8 1 -1 8 492 26
get: 1496270097.900196 9 0 9 0x7f4dbf8007c0 0x7f5592111428 1 -1 16 588 53
get: 1496270097.900260 9 0 9 0x7f4dbf800780 0x7f5592051490 1 -1 16 588 53
get: 1496270097.900356 9 0 9 0x7f4dbf800640 0x7f55921114e0 1 -1 16 1609 28
get: 1496270097.900476 9 0 9 0x7f4dbf8005b0 0x7f5592110558 1 -1 32 145 26
put: 1496270097.900606 9 0 9 0x7f4dbf800c20 0x7f5592051590 1 -1 16 933 53
f_executeOn: 1496270097.900738 9 0 -2 18 0x7f4dbf800e70 112 9
Etask: 1496270097.900900 9 9
task: 1496270097.931898 9 10 1 O 0 -5 26
Btask: 1496270097.932448 9 10
get: 1496270097.932912 9 4 10 0x7f4dba800400 0x7f893040f060 1 -1 16 1332 53
get: 1496270097.933104 9 4 10 0x7f4dba800420 0x7f893040f0c0 1 -1 16 1332 53
get: 1496270097.933249 9 4 10 0x7f4dba800048 0x7f893080e160 1 -1 8 492 26
get: 1496270097.933344 9 4 10 0x7f4dba800050 0x7f893080e158 1 -1 8 492 26
get: 1496270097.933464 9 4 10 0x7f4dba800450 0x7f893040f108 1 -1 16 1332 53
get: 1496270097.933623 9 4 10 0x7f4dba800410 0x7f8930414000 1 -1 16 1332 53
get: 1496270097.933742 9 4 10 0x7f4dba800420 0x7f893040f0c0 1 -1 16 1332 53
get: 1496270097.933882 9 4 10 0x7f4dba800048 0x7f893080e160 1 -1 8 492 26
get: 1496270097.934003 9 4 10 0x7f4dba800050 0x7f893080e158 1 -1 8 492 26
get: 1496270097.934091 9 4 10 0x7f4dba800450 0x7f893040f108 1 -1 16 1332 53
get: 1496270097.934176 9 4 10 0x7f4dba800410 0x7f8930414010 1 -1 16 1332 53
get: 1496270097.934295 9 4 10 0x7f4dba800420 0x7f893040f0c0 1 -1 16 1332 53
get: 1496270097.934423 9 4 10 0x7f4dba800048 0x7f893080e160 1 -1 8 492 26
get: 1496270097.934530 9 4 10 0x7f4dba800050 0x7f893080e158 1 -1 8 492 26
get: 1496270097.934578 9 4 10 0x7f4dba800450 0x7f893040f108 1 -1 16 1332 53
get: 1496270097.934630 9 4 10 0x7f4dba800410 0x7f8930414020 1 -1 16 1332 53
get: 1496270097.934712 9 4 10 0x7f4dba800420 0x7f893040f0c0 1 -1 16 1332 53
get: 1496270097.934819 9 4 10 0x7f4dba800048 0x7f893080e160 1 -1 8 492 26
get: 1496270097.934937 9 4 10 0x7f4dba800050 0x7f893080e158 1 -1 8 492 26
get: 1496270097.935050 9 4 10 0x7f4dba800450 0x7f893040f108 1 -1 16 1332 53
get: 1496270097.935136 9 4 10 0x7f4dba800410 0x7f8930414030 1 -1 16 1332 53
get: 1496270097.935187 9 4 10 0x7f4dba800420 0x7f893040f0c0 1 -1 16 1332 53
get: 1496270097.935272 9 4 10 0x7f4dba800048 0x7f893080e160 1 -1 8 492 26
get: 1496270097.935354 9 4 10 0x7f4dba800050 0x7f893080e158 1 -1 8 492 26
get: 1496270097.935404 9 4 10 0x7f4dba800450 0x7f893040f108 1 -1 16 1332 53
get: 1496270097.935494 9 4 10 0x7f4dba800410 0x7f8930414040 1 -1 16 1332 53
get: 1496270097.935615 9 4 10 0x7f4dba800420 0x7f893040f0c0 1 -1 16 1332 53
get: 1496270097.935700 9 4 10 0x7f4dba800048 0x7f893080e160 1 -1 8 492 26
get: 1496270097.935821 9 4 10 0x7f4dba800050 0x7f893080e158 1 -1 8 492 26
get: 1496270097.935909 9 4 10 0x7f4dba800450 0x7f893040f108 1 -1 16 1332 53
get: 1496270097.935957 9 4 10 0x7f4dba800410 0x7f8930414050 1 -1 16 1332 53
get: 1496270097.936042 9 4 10 0x7f4dba800420 0x7f893040f0c0 1 -1 16 1332 53
get: 1496270097.936158 9 4 10 0x7f4dba800048 0x7f893080e160 1 -1 8 492 26
get: 1496270097.936244 9 4 10 0x7f4dba800050 0x7f893080e158 1 -1 8 492 26
get: 1496270097.936290 9 4 10 0x7f4dba800450 0x7f893040f108 1 -1 16 1332 53
get: 1496270097.936341 9 4 10 0x7f4dba800410 0x7f8930414060 1 -1 16 1332 53
get: 1496270097.936415 9 4 10 0x7f4dba800420 0x7f893040f0c0 1 -1 16 1332 53
get: 1496270097.936534 9 4 10 0x7f4dba800048 0x7f893080e160 1 -1 8 492 26
get: 1496270097.936585 9 4 10 0x7f4dba800050 0x7f893080e158 1 -1 8 492 26
get: 1496270097.936632 9 4 10 0x7f4dba800450 0x7f893040f108 1 -1 16 1332 53
get: 1496270097.936681 9 4 10 0x7f4dba800410 0x7f8930414070 1 -1 16 1332 53
get: 1496270097.936733 9 4 10 0x7f4dba800420 0x7f893040f0c0 1 -1 16 1332 53
get: 1496270097.936782 9 4 10 0x7f4dba800048 0x7f893080e160 1 -1 8 492 26
get: 1496270097.936831 9 4 10 0x7f4dba800050 0x7f893080e158 1 -1 8 492 26
get: 1496270097.936881 9 4 10 0x7f4dba800450 0x7f893040f108 1 -1 16 1332 53
get: 1496270097.936965 9 4 10 0x7f4dba800410 0x7f8930414080 1 -1 16 1332 53
get: 1496270097.937048 9 4 10 0x7f4dba800420 0x7f893040f0c0 1 -1 16 1332 53
get: 1496270097.937136 9 4 10 0x7f4dba800048 0x7f893080e160 1 -1 8 492 26
get: 1496270097.937221 9 4 10 0x7f4dba800050 0x7f893080e158 1 -1 8 492 26
get: 1496270097.937306 9 4 10 0x7f4dba800450 0x7f893040f108 1 -1 16 1332 53
get: 1496270097.937390 9 4 10 0x7f4dba800410 0x7f8930414090 1 -1 16 1332 53
get: 1496270097.937470 9 4 10 0x7f4dba800420 0x7f893040f0c0 1 -1 16 1332 53
get: 1496270097.937519 9 4 10 0x7f4dba800048 0x7f893080e160 1 -1 8 492 26
get: 1496270097.937591 9 4 10 0x7f4dba800050 0x7f893080e158 1 -1 8 492 26
get: 1496270097.937640 9 4 10 0x7f4dba800450 0x7f893040f108 1 -1 16 1332 53
get: 1496270097.937692 9 4 10 0x7f4dba800410 0x7f89304140a0 1 -1 16 1332 53
get: 1496270097.937746 9 4 10 0x7f4dba800420 0x7f893040f0c0 1 -1 16 1332 53
get: 1496270097.937794 9 4 10 0x7f4dba800048 0x7f893080e160 1 -1 8 492 26
get: 1496270097.937842 9 4 10 0x7f4dba800050 0x7f893080e158 1 -1 8 492 26
get: 1496270097.937894 9 4 10 0x7f4dba800450 0x7f893040f108 1 -1 16 1332 53
get: 1496270097.937939 9 4 10 0x7f4dba800410 0x7f89304140b0 1 -1 16 1332 53
get: 1496270097.937987 9 4 10 0x7f4dba800420 0x7f893040f0c0 1 -1 16 1332 53
get: 1496270097.938037 9 4 10 0x7f4dba800048 0x7f893080e160 1 -1 8 492 26
get: 1496270097.938087 9 4 10 0x7f4dba800050 0x7f893080e158 1 -1 8 492 26
get: 1496270097.938137 9 4 10 0x7f4dba800450 0x7f893040f108 1 -1 16 1332 53
get: 1496270097.938189 9 4 10 0x7f4dba800410 0x7f89304140c0 1 -1 16 1332 53
get: 1496270097.938235 9 4 10 0x7f4dba800420 0x7f893040f0c0 1 -1 16 1332 53
get: 1496270097.938287 9 4 10 0x7f4dba800048 0x7f893080e160 1 -1 8 492 26
get: 1496270097.938336 9 4 10 0x7f4dba800050 0x7f893080e158 1 -1 8 492 26
get: 1496270097.938420 9 4 10 0x7f4dba800450 0x7f893040f108 1 -1 16 1332 53
get: 1496270097.938495 9 4 10 0x7f4dba800410 0x7f89304140d0 1 -1 16 1332 53
get: 1496270097.938618 9 4 10 0x7f4dba800420 0x7f893040f0c0 1 -1 16 1332 53
get: 1496270097.938702 9 4 10 0x7f4dba800048 0x7f893080e160 1 -1 8 492 26
get: 1496270097.938755 9 4 10 0x7f4dba800050 0x7f893080e158 1 -1 8 492 26
get: 1496270097.938801 9 4 10 0x7f4dba800450 0x7f893040f108 1 -1 16 1332 53
get: 1496270097.938852 9 4 10 0x7f4dba800410 0x7f89304140e0 1 -1 16 1332 53
get: 1496270097.938899 9 4 10 0x7f4dba800420 0x7f893040f0c0 1 -1 16 1332 53
get: 1496270097.939020 9 4 10 0x7f4dba800048 0x7f893080e160 1 -1 8 492 26
get: 1496270097.939101 9 4 10 0x7f4dba800050 0x7f893080e158 1 -1 8 492 26
get: 1496270097.939252 9 4 10 0x7f4dba800450 0x7f893040f108 1 -1 16 1332 53
get: 1496270097.939362 9 4 10 0x7f4dba800410 0x7f89304140f0 1 -1 16 1332 53
task: 1496270097.939470 9 11 10 L 215 28 25
task: 1496270097.939482 9 12 10 L 218 28 29
Btask: 1496270097.939559 9 12
Btask: 1496270097.939560 9 11
Etask: 1496270097.939587 9 12
Etask: 1496270097.939593 9 11
Etask: 1496270097.939607 9 10
task: 1496270097.949341 9 13 1 O 0 -5 126
Btask: 1496270097.949897 9 13
get: 1496270097.950337 9 0 13 0x7f4db5800c60 0x7f55921114c0 1 -1 16 939 53
get: 1496270097.950661 9 0 13 0x7f4db5800c80 0x7f5592111520 1 -1 16 939 53
get: 1496270097.951052 9 0 13 0x7f4db5800b18 0x7f55921104e0 1 -1 8 492 26
get: 1496270097.951145 9 0 13 0x7f4db5800b20 0x7f55921104d8 1 -1 8 492 26
get: 1496270097.951231 9 0 13 0x7f4db5800cb0 0x7f5592111568 1 -1 16 939 53
get: 1496270097.951363 9 0 13 0x7f4db5800c70 0x7f5592051590 1 -1 16 939 53
get: 1496270097.951466 9 0 13 0x7f4db5800d20 0x7f55921114a8 1 -1 16 939 53
get: 1496270097.951603 9 0 13 0x7f4db58008c0 0x7f5592184348 1 -1 16 588 53
get: 1496270097.951921 9 0 13 0x7f4db58008e0 0x7f55921113e0 1 -1 16 588 53
get: 1496270097.951996 9 0 13 0x7f4db5800778 0x7f55921104e0 1 -1 8 492 26
get: 1496270097.952215 9 0 13 0x7f4db5800780 0x7f55921104d8 1 -1 8 492 26
get: 1496270097.952307 9 0 13 0x7f4db5800910 0x7f5592111428 1 -1 16 588 53
get: 1496270097.952381 9 0 13 0x7f4db58008d0 0x7f5592051490 1 -1 16 588 53
get: 1496270097.952503 9 0 13 0x7f4db5800790 0x7f55921114e0 1 -1 16 1609 28
get: 1496270097.952641 9 0 13 0x7f4db5800700 0x7f5592110558 1 -1 32 145 26
f_executeOn: 1496270097.952753 9 0 -2 18 0x7f4db5800e70 112 13
Etask: 1496270097.952889 9 13
task: 1496270097.983287 9 14 5 O 0 -5 42
Btask: 1496270097.983885 9 14
get: 1496270097.984338 9 4 14 0x7f4db0800720 0x7f893040f060 1 -1 16 1341 53
get: 1496270097.984599 9 4 14 0x7f4db0800740 0x7f893040f0c0 1 -1 16 1341 53
get: 1496270097.984952 9 4 14 0x7f4db08004a8 0x7f893080e160 1 -1 8 492 26
get: 1496270097.985177 9 4 14 0x7f4db08004b0 0x7f893080e158 1 -1 8 492 26
get: 1496270097.985311 9 4 14 0x7f4db0800770 0x7f893040f108 1 -1 16 1341 53
get: 1496270097.985474 9 4 14 0x7f4db0800730 0x7f8930414000 1 -1 16 1341 53
get: 1496270097.985609 9 4 14 0x7f4db0800740 0x7f893040f0c0 1 -1 16 1341 53
get: 1496270097.985750 9 4 14 0x7f4db08004a8 0x7f893080e160 1 -1 8 492 26
get: 1496270097.985914 9 4 14 0x7f4db08004b0 0x7f893080e158 1 -1 8 492 26
get: 1496270097.986127 9 4 14 0x7f4db0800770 0x7f893040f108 1 -1 16 1341 53
get: 1496270097.986273 9 4 14 0x7f4db0800730 0x7f8930414010 1 -1 16 1341 53
get: 1496270097.986486 9 4 14 0x7f4db0800740 0x7f893040f0c0 1 -1 16 1341 53
get: 1496270097.986611 9 4 14 0x7f4db08004a8 0x7f893080e160 1 -1 8 492 26
get: 1496270097.986729 9 4 14 0x7f4db08004b0 0x7f893080e158 1 -1 8 492 26
get: 1496270097.986897 9 4 14 0x7f4db0800770 0x7f893040f108 1 -1 16 1341 53
get: 1496270097.987083 9 4 14 0x7f4db0800730 0x7f8930414020 1 -1 16 1341 53
get: 1496270097.987213 9 4 14 0x7f4db0800740 0x7f893040f0c0 1 -1 16 1341 53
get: 1496270097.987343 9 4 14 0x7f4db08004a8 0x7f893080e160 1 -1 8 492 26
get: 1496270097.987402 9 4 14 0x7f4db08004b0 0x7f893080e158 1 -1 8 492 26
get: 1496270097.987588 9 4 14 0x7f4db0800770 0x7f893040f108 1 -1 16 1341 53
get: 1496270097.987678 9 4 14 0x7f4db0800730 0x7f8930414030 1 -1 16 1341 53
get: 1496270097.987762 9 4 14 0x7f4db0800740 0x7f893040f0c0 1 -1 16 1341 53
get: 1496270097.987857 9 4 14 0x7f4db08004a8 0x7f893080e160 1 -1 8 492 26
get: 1496270097.987991 9 4 14 0x7f4db08004b0 0x7f893080e158 1 -1 8 492 26
get: 1496270097.988089 9 4 14 0x7f4db0800770 0x7f893040f108 1 -1 16 1341 53
get: 1496270097.988218 9 4 14 0x7f4db0800730 0x7f8930414040 1 -1 16 1341 53
get: 1496270097.988271 9 4 14 0x7f4db0800740 0x7f893040f0c0 1 -1 16 1341 53
get: 1496270097.988318 9 4 14 0x7f4db08004a8 0x7f893080e160 1 -1 8 492 26
get: 1496270097.988390 9 4 14 0x7f4db08004b0 0x7f893080e158 1 -1 8 492 26
get: 1496270097.988570 9 4 14 0x7f4db0800770 0x7f893040f108 1 -1 16 1341 53
get: 1496270097.988690 9 4 14 0x7f4db0800730 0x7f8930414050 1 -1 16 1341 53
get: 1496270097.988798 9 4 14 0x7f4db0800740 0x7f893040f0c0 1 -1 16 1341 53
get: 1496270097.988898 9 4 14 0x7f4db08004a8 0x7f893080e160 1 -1 8 492 26
get: 1496270097.989115 9 4 14 0x7f4db08004b0 0x7f893080e158 1 -1 8 492 26
get: 1496270097.989175 9 4 14 0x7f4db0800770 0x7f893040f108 1 -1 16 1341 53
get: 1496270097.989235 9 4 14 0x7f4db0800730 0x7f8930414060 1 -1 16 1341 53
get: 1496270097.989333 9 4 14 0x7f4db0800740 0x7f893040f0c0 1 -1 16 1341 53
get: 1496270097.989562 9 4 14 0x7f4db08004a8 0x7f893080e160 1 -1 8 492 26
get: 1496270097.989699 9 4 14 0x7f4db08004b0 0x7f893080e158 1 -1 8 492 26
get: 1496270097.989792 9 4 14 0x7f4db0800770 0x7f893040f108 1 -1 16 1341 53
get: 1496270097.989909 9 4 14 0x7f4db0800730 0x7f8930414070 1 -1 16 1341 53
get: 1496270097.989998 9 4 14 0x7f4db0800740 0x7f893040f0c0 1 -1 16 1341 53
get: 1496270097.990100 9 4 14 0x7f4db08004a8 0x7f893080e160 1 -1 8 492 26
get: 1496270097.990212 9 4 14 0x7f4db08004b0 0x7f893080e158 1 -1 8 492 26
get: 1496270097.990337 9 4 14 0x7f4db0800770 0x7f893040f108 1 -1 16 1341 53
get: 1496270097.990433 9 4 14 0x7f4db0800730 0x7f8930414080 1 -1 16 1341 53
get: 1496270097.990537 9 4 14 0x7f4db0800740 0x7f893040f0c0 1 -1 16 1341 53
get: 1496270097.990656 9 4 14 0x7f4db08004a8 0x7f893080e160 1 -1 8 492 26
get: 1496270097.990841 9 4 14 0x7f4db08004b0 0x7f893080e158 1 -1 8 492 26
get: 1496270097.991015 9 4 14 0x7f4db0800770 0x7f893040f108 1 -1 16 1341 53
get: 1496270097.991144 9 4 14 0x7f4db0800730 0x7f8930414090 1 -1 16 1341 53
get: 1496270097.991240 9 4 14 0x7f4db0800740 0x7f893040f0c0 1 -1 16 1341 53
get: 1496270097.991332 9 4 14 0x7f4db08004a8 0x7f893080e160 1 -1 8 492 26
get: 1496270097.991539 9 4 14 0x7f4db08004b0 0x7f893080e158 1 -1 8 492 26
get: 1496270097.991631 9 4 14 0x7f4db0800770 0x7f893040f108 1 -1 16 1341 53
get: 1496270097.991724 9 4 14 0x7f4db0800730 0x7f89304140a0 1 -1 16 1341 53
get: 1496270097.991843 9 4 14 0x7f4db0800740 0x7f893040f0c0 1 -1 16 1341 53
get: 1496270097.991933 9 4 14 0x7f4db08004a8 0x7f893080e160 1 -1 8 492 26
get: 1496270097.992024 9 4 14 0x7f4db08004b0 0x7f893080e158 1 -1 8 492 26
get: 1496270097.992192 9 4 14 0x7f4db0800770 0x7f893040f108 1 -1 16 1341 53
get: 1496270097.992315 9 4 14 0x7f4db0800730 0x7f89304140b0 1 -1 16 1341 53
get: 1496270097.992410 9 4 14 0x7f4db0800740 0x7f893040f0c0 1 -1 16 1341 53
get: 1496270097.992502 9 4 14 0x7f4db08004a8 0x7f893080e160 1 -1 8 492 26
get: 1496270097.992669 9 4 14 0x7f4db08004b0 0x7f893080e158 1 -1 8 492 26
get: 1496270097.992820 9 4 14 0x7f4db0800770 0x7f893040f108 1 -1 16 1341 53
get: 1496270097.993055 9 4 14 0x7f4db0800730 0x7f89304140c0 1 -1 16 1341 53
get: 1496270097.993108 9 4 14 0x7f4db0800740 0x7f893040f0c0 1 -1 16 1341 53
get: 1496270097.993200 9 4 14 0x7f4db08004a8 0x7f893080e160 1 -1 8 492 26
get: 1496270097.993285 9 4 14 0x7f4db08004b0 0x7f893080e158 1 -1 8 492 26
get: 1496270097.993415 9 4 14 0x7f4db0800770 0x7f893040f108 1 -1 16 1341 53
get: 1496270097.993532 9 4 14 0x7f4db0800730 0x7f89304140d0 1 -1 16 1341 53
get: 1496270097.993691 9 4 14 0x7f4db0800740 0x7f893040f0c0 1 -1 16 1341 53
get: 1496270097.993783 9 4 14 0x7f4db08004a8 0x7f893080e160 1 -1 8 492 26
get: 1496270097.993885 9 4 14 0x7f4db08004b0 0x7f893080e158 1 -1 8 492 26
get: 1496270097.993983 9 4 14 0x7f4db0800770 0x7f893040f108 1 -1 16 1341 53
get: 1496270097.994138 9 4 14 0x7f4db0800730 0x7f89304140e0 1 -1 16 1341 53
get: 1496270097.994249 9 4 14 0x7f4db0800740 0x7f893040f0c0 1 -1 16 1341 53
get: 1496270097.994340 9 4 14 0x7f4db08004a8 0x7f893080e160 1 -1 8 492 26
get: 1496270097.994432 9 4 14 0x7f4db08004b0 0x7f893080e158 1 -1 8 492 26
get: 1496270097.994519 9 4 14 0x7f4db0800770 0x7f893040f108 1 -1 16 1341 53
get: 1496270097.994613 9 4 14 0x7f4db0800730 0x7f89304140f0 1 -1 16 1341 53
task: 1496270097.994747 9 15 14 L 271 28 41
task: 1496270097.994764 9 16 14 L 274 28 43
Btask: 1496270097.994840 9 15
Btask: 1496270097.994841 9 16
Etask: 1496270097.994867 9 15
Etask: 1496270097.994872 9 16
Etask: 1496270097.994892 9 14
task: 1496270098.005295 9 17 5 O 0 -5 158
Btask: 1496270098.005424 9 17
VdbMark: 1496270098.005438 9 17
Tag: 1496270098.005464 0.768000 0.356000 9 17 1
Etask: 1496270098.005512 9 17
task: 1496270098.022941 9 18 1 O 0 -5 129
Btask: 1496270098.023011 9 18
get: 1496270098.023028 9 0 18 0x7f4de3003930 0x7f559201d4f8 1 -1 16 1002 53
get: 1496270098.023287 9 0 18 0x7f4de3003650 0x7f55921114c0 1 -1 16 753 53
get: 1496270098.023495 9 0 18 0x7f4de3003670 0x7f5592111520 1 -1 16 753 53
get: 1496270098.023714 9 0 18 0x7f4de3003528 0x7f55921104e0 1 -1 8 492 26
get: 1496270098.023871 9 0 18 0x7f4de3003530 0x7f55921104d8 1 -1 8 492 26
get: 1496270098.023995 9 0 18 0x7f4de30036a0 0x7f5592111568 1 -1 16 753 53
get: 1496270098.024198 9 0 18 0x7f4de3003660 0x7f5592051590 1 -1 16 753 53
get: 1496270098.024355 9 0 18 0x7f4de3003970 0x7f559201d510 1 -1 16 1003 53
get: 1496270098.024521 9 0 18 0x7f4de3003980 0x7f55921115c0 1 -1 16 1003 53
get: 1496270098.024748 9 0 18 0x7f4de3003768 0x7f55921104e0 1 -1 8 492 26
get: 1496270098.024898 9 0 18 0x7f4de3003770 0x7f55921104d8 1 -1 8 492 26
get: 1496270098.025032 9 0 18 0x7f4de30039b0 0x7f5592111608 1 -1 16 1003 53
put: 1496270098.025185 9 0 18 0x7f4de3003a50 0x7f5592051690 1 -1 16 1003 53
f_executeOn: 1496270098.025271 9 0 -2 18 0x7f4de3003e70 112 18
Etask: 1496270098.025464 9 18
task: 1496270098.045885 9 19 5 O 0 -5 28
Btask: 1496270098.046013 9 19
get: 1496270098.046057 9 4 19 0x7f4ddd800330 0x7f896c431040 1 -1 16 1354 53
get: 1496270098.046292 9 4 19 0x7f4ddd800350 0x7f896c438020 1 -1 16 1354 53
get: 1496270098.046429 9 4 19 0x7f4ddd7fff28 0x7f893080e160 1 -1 8 492 26
get: 1496270098.046678 9 4 19 0x7f4ddd7fff30 0x7f893080e158 1 -1 8 492 26
get: 1496270098.046799 9 4 19 0x7f4ddd800380 0x7f896c438068 1 -1 16 1354 53
get: 1496270098.047054 9 4 19 0x7f4ddd800340 0x7f896c43d000 1 -1 16 1354 53
get: 1496270098.047284 9 4 19 0x7f4ddd800350 0x7f896c438020 1 -1 16 1354 53
get: 1496270098.047381 9 4 19 0x7f4ddd7fff28 0x7f893080e160 1 -1 8 492 26
get: 1496270098.047620 9 4 19 0x7f4ddd7fff30 0x7f893080e158 1 -1 8 492 26
get: 1496270098.047831 9 4 19 0x7f4ddd800380 0x7f896c438068 1 -1 16 1354 53
get: 1496270098.047955 9 4 19 0x7f4ddd800340 0x7f896c43d010 1 -1 16 1354 53
get: 1496270098.048103 9 4 19 0x7f4ddd800350 0x7f896c438020 1 -1 16 1354 53
get: 1496270098.048194 9 4 19 0x7f4ddd7fff28 0x7f893080e160 1 -1 8 492 26
get: 1496270098.048326 9 4 19 0x7f4ddd7fff30 0x7f893080e158 1 -1 8 492 26
get: 1496270098.048550 9 4 19 0x7f4ddd800380 0x7f896c438068 1 -1 16 1354 53
get: 1496270098.048643 9 4 19 0x7f4ddd800340 0x7f896c43d020 1 -1 16 1354 53
get: 1496270098.048762 9 4 19 0x7f4ddd800350 0x7f896c438020 1 -1 16 1354 53
get: 1496270098.048951 9 4 19 0x7f4ddd7fff28 0x7f893080e160 1 -1 8 492 26
get: 1496270098.049127 9 4 19 0x7f4ddd7fff30 0x7f893080e158 1 -1 8 492 26
get: 1496270098.049223 9 4 19 0x7f4ddd800380 0x7f896c438068 1 -1 16 1354 53
get: 1496270098.049320 9 4 19 0x7f4ddd800340 0x7f896c43d030 1 -1 16 1354 53
get: 1496270098.049488 9 4 19 0x7f4ddd800350 0x7f896c438020 1 -1 16 1354 53
get: 1496270098.049568 9 4 19 0x7f4ddd7fff28 0x7f893080e160 1 -1 8 492 26
get: 1496270098.049618 9 4 19 0x7f4ddd7fff30 0x7f893080e158 1 -1 8 492 26
get: 1496270098.049693 9 4 19 0x7f4ddd800380 0x7f896c438068 1 -1 16 1354 53
get: 1496270098.049803 9 4 19 0x7f4ddd800340 0x7f896c43d040 1 -1 16 1354 53
get: 1496270098.049969 9 4 19 0x7f4ddd800350 0x7f896c438020 1 -1 16 1354 53
get: 1496270098.050119 9 4 19 0x7f4ddd7fff28 0x7f893080e160 1 -1 8 492 26
get: 1496270098.050238 9 4 19 0x7f4ddd7fff30 0x7f893080e158 1 -1 8 492 26
get: 1496270098.050363 9 4 19 0x7f4ddd800380 0x7f896c438068 1 -1 16 1354 53
get: 1496270098.050446 9 4 19 0x7f4ddd800340 0x7f896c43d050 1 -1 16 1354 53
get: 1496270098.050540 9 4 19 0x7f4ddd800350 0x7f896c438020 1 -1 16 1354 53
get: 1496270098.050672 9 4 19 0x7f4ddd7fff28 0x7f893080e160 1 -1 8 492 26
get: 1496270098.050785 9 4 19 0x7f4ddd7fff30 0x7f893080e158 1 -1 8 492 26
get: 1496270098.050867 9 4 19 0x7f4ddd800380 0x7f896c438068 1 -1 16 1354 53
get: 1496270098.050955 9 4 19 0x7f4ddd800340 0x7f896c43d060 1 -1 16 1354 53
get: 1496270098.051120 9 4 19 0x7f4ddd800350 0x7f896c438020 1 -1 16 1354 53
get: 1496270098.051240 9 4 19 0x7f4ddd7fff28 0x7f893080e160 1 -1 8 492 26
get: 1496270098.051346 9 4 19 0x7f4ddd7fff30 0x7f893080e158 1 -1 8 492 26
get: 1496270098.051426 9 4 19 0x7f4ddd800380 0x7f896c438068 1 -1 16 1354 53
get: 1496270098.051597 9 4 19 0x7f4ddd800340 0x7f896c43d070 1 -1 16 1354 53
get: 1496270098.051681 9 4 19 0x7f4ddd800350 0x7f896c438020 1 -1 16 1354 53
get: 1496270098.051764 9 4 19 0x7f4ddd7fff28 0x7f893080e160 1 -1 8 492 26
get: 1496270098.051912 9 4 19 0x7f4ddd7fff30 0x7f893080e158 1 -1 8 492 26
get: 1496270098.052054 9 4 19 0x7f4ddd800380 0x7f896c438068 1 -1 16 1354 53
get: 1496270098.052277 9 4 19 0x7f4ddd800340 0x7f896c43d080 1 -1 16 1354 53
get: 1496270098.052603 9 4 19 0x7f4ddd800350 0x7f896c438020 1 -1 16 1354 53
get: 1496270098.052691 9 4 19 0x7f4ddd7fff28 0x7f893080e160 1 -1 8 492 26
get: 1496270098.052740 9 4 19 0x7f4ddd7fff30 0x7f893080e158 1 -1 8 492 26
get: 1496270098.052842 9 4 19 0x7f4ddd800380 0x7f896c438068 1 -1 16 1354 53
get: 1496270098.053011 9 4 19 0x7f4ddd800340 0x7f896c43d090 1 -1 16 1354 53
get: 1496270098.053134 9 4 19 0x7f4ddd800350 0x7f896c438020 1 -1 16 1354 53
get: 1496270098.053232 9 4 19 0x7f4ddd7fff28 0x7f893080e160 1 -1 8 492 26
get: 1496270098.053359 9 4 19 0x7f4ddd7fff30 0x7f893080e158 1 -1 8 492 26
get: 1496270098.053484 9 4 19 0x7f4ddd800380 0x7f896c438068 1 -1 16 1354 53
get: 1496270098.053629 9 4 19 0x7f4ddd800340 0x7f896c43d0a0 1 -1 16 1354 53
get: 1496270098.053747 9 4 19 0x7f4ddd800350 0x7f896c438020 1 -1 16 1354 53
get: 1496270098.053832 9 4 19 0x7f4ddd7fff28 0x7f893080e160 1 -1 8 492 26
get: 1496270098.053901 9 4 19 0x7f4ddd7fff30 0x7f893080e158 1 -1 8 492 26
get: 1496270098.054021 9 4 19 0x7f4ddd800380 0x7f896c438068 1 -1 16 1354 53
get: 1496270098.054107 9 4 19 0x7f4ddd800340 0x7f896c43d0b0 1 -1 16 1354 53
get: 1496270098.054239 9 4 19 0x7f4ddd800350 0x7f896c438020 1 -1 16 1354 53
get: 1496270098.054480 9 4 19 0x7f4ddd7fff28 0x7f893080e160 1 -1 8 492 26
get: 1496270098.054600 9 4 19 0x7f4ddd7fff30 0x7f893080e158 1 -1 8 492 26
get: 1496270098.054681 9 4 19 0x7f4ddd800380 0x7f896c438068 1 -1 16 1354 53
get: 1496270098.054758 9 4 19 0x7f4ddd800340 0x7f896c43d0c0 1 -1 16 1354 53
get: 1496270098.054895 9 4 19 0x7f4ddd800350 0x7f896c438020 1 -1 16 1354 53
get: 1496270098.055120 9 4 19 0x7f4ddd7fff28 0x7f893080e160 1 -1 8 492 26
get: 1496270098.055331 9 4 19 0x7f4ddd7fff30 0x7f893080e158 1 -1 8 492 26
get: 1496270098.055576 9 4 19 0x7f4ddd800380 0x7f896c438068 1 -1 16 1354 53
get: 1496270098.055699 9 4 19 0x7f4ddd800340 0x7f896c43d0d0 1 -1 16 1354 53
get: 1496270098.055879 9 4 19 0x7f4ddd800350 0x7f896c438020 1 -1 16 1354 53
get: 1496270098.055993 9 4 19 0x7f4ddd7fff28 0x7f893080e160 1 -1 8 492 26
get: 1496270098.056087 9 4 19 0x7f4ddd7fff30 0x7f893080e158 1 -1 8 492 26
get: 1496270098.056133 9 4 19 0x7f4ddd800380 0x7f896c438068 1 -1 16 1354 53
get: 1496270098.056242 9 4 19 0x7f4ddd800340 0x7f896c43d0e0 1 -1 16 1354 53
get: 1496270098.056565 9 4 19 0x7f4ddd800350 0x7f896c438020 1 -1 16 1354 53
get: 1496270098.056682 9 4 19 0x7f4ddd7fff28 0x7f893080e160 1 -1 8 492 26
get: 1496270098.056786 9 4 19 0x7f4ddd7fff30 0x7f893080e158 1 -1 8 492 26
get: 1496270098.056874 9 4 19 0x7f4ddd800380 0x7f896c438068 1 -1 16 1354 53
get: 1496270098.056991 9 4 19 0x7f4ddd800340 0x7f896c43d0f0 1 -1 16 1354 53
task: 1496270098.057175 9 20 19 L 215 28 24
task: 1496270098.057186 9 21 19 L 218 28 31
Btask: 1496270098.057210 9 21
Etask: 1496270098.057218 9 21
Btask: 1496270098.057230 9 20
Etask: 1496270098.057245 9 20
Etask: 1496270098.057260 9 19
task: 1496270098.064550 9 22 1 O 0 -5 129
Btask: 1496270098.064660 9 22
get: 1496270098.065086 9 0 22 0x7f4dd8800930 0x7f559201d568 1 -1 16 1002 53
get: 1496270098.065241 9 0 22 0x7f4dd8800650 0x7f55921114c0 1 -1 16 753 53
get: 1496270098.065371 9 0 22 0x7f4dd8800670 0x7f5592111520 1 -1 16 753 53
get: 1496270098.065465 9 0 22 0x7f4dd8800528 0x7f55921104e0 1 -1 8 492 26
get: 1496270098.065554 9 0 22 0x7f4dd8800530 0x7f55921104d8 1 -1 8 492 26
get: 1496270098.065678 9 0 22 0x7f4dd88006a0 0x7f5592111568 1 -1 16 753 53
get: 1496270098.065776 9 0 22 0x7f4dd8800660 0x7f5592051590 1 -1 16 753 53
get: 1496270098.065948 9 0 22 0x7f4dd8800970 0x7f559201d580 1 -1 16 1003 53
get: 1496270098.066043 9 0 22 0x7f4dd8800980 0x7f5592111660 1 -1 16 1003 53
get: 1496270098.066162 9 0 22 0x7f4dd8800768 0x7f55921104e0 1 -1 8 492 26
get: 1496270098.066408 9 0 22 0x7f4dd8800770 0x7f55921104d8 1 -1 8 492 26
get: 1496270098.066566 9 0 22 0x7f4dd88009b0 0x7f55921116a8 1 -1 16 1003 53
put: 1496270098.066754 9 0 22 0x7f4dd8800a50 0x7f5592051790 1 -1 16 1003 53
f_executeOn: 1496270098.066880 9 0 -2 18 0x7f4dd8800e70 112 22
Etask: 1496270098.066981 9 22
task: 1496270098.092130 9 23 5 O 0 -5 28
Btask: 1496270098.092265 9 23
get: 1496270098.092316 9 4 23 0x7f4dd3800330 0x7f8930e4b040 1 -1 16 1354 53
get: 1496270098.092464 9 4 23 0x7f4dd3800350 0x7f8930e52020 1 -1 16 1354 53
get: 1496270098.092589 9 4 23 0x7f4dd37fff28 0x7f893080e160 1 -1 8 492 26
get: 1496270098.092708 9 4 23 0x7f4dd37fff30 0x7f893080e158 1 -1 8 492 26
get: 1496270098.092849 9 4 23 0x7f4dd3800380 0x7f8930e52068 1 -1 16 1354 53
get: 1496270098.092998 9 4 23 0x7f4dd3800340 0x7f8930e57000 1 -1 16 1354 53
get: 1496270098.093127 9 4 23 0x7f4dd3800350 0x7f8930e52020 1 -1 16 1354 53
get: 1496270098.093217 9 4 23 0x7f4dd37fff28 0x7f893080e160 1 -1 8 492 26
get: 1496270098.093303 9 4 23 0x7f4dd37fff30 0x7f893080e158 1 -1 8 492 26
get: 1496270098.093423 9 4 23 0x7f4dd3800380 0x7f8930e52068 1 -1 16 1354 53
get: 1496270098.093522 9 4 23 0x7f4dd3800340 0x7f8930e57010 1 -1 16 1354 53
get: 1496270098.093572 9 4 23 0x7f4dd3800350 0x7f8930e52020 1 -1 16 1354 53
get: 1496270098.093663 9 4 23 0x7f4dd37fff28 0x7f893080e160 1 -1 8 492 26
get: 1496270098.093751 9 4 23 0x7f4dd37fff30 0x7f893080e158 1 -1 8 492 26
get: 1496270098.094174 9 4 23 0x7f4dd3800380 0x7f8930e52068 1 -1 16 1354 53
get: 1496270098.094260 9 4 23 0x7f4dd3800340 0x7f8930e57020 1 -1 16 1354 53
get: 1496270098.094393 9 4 23 0x7f4dd3800350 0x7f8930e52020 1 -1 16 1354 53
get: 1496270098.094486 9 4 23 0x7f4dd37fff28 0x7f893080e160 1 -1 8 492 26
get: 1496270098.094579 9 4 23 0x7f4dd37fff30 0x7f893080e158 1 -1 8 492 26
get: 1496270098.094668 9 4 23 0x7f4dd3800380 0x7f8930e52068 1 -1 16 1354 53
get: 1496270098.094797 9 4 23 0x7f4dd3800340 0x7f8930e57030 1 -1 16 1354 53
get: 1496270098.094884 9 4 23 0x7f4dd3800350 0x7f8930e52020 1 -1 16 1354 53
get: 1496270098.094990 9 4 23 0x7f4dd37fff28 0x7f893080e160 1 -1 8 492 26
get: 1496270098.095079 9 4 23 0x7f4dd37fff30 0x7f893080e158 1 -1 8 492 26
get: 1496270098.095128 9 4 23 0x7f4dd3800380 0x7f8930e52068 1 -1 16 1354 53
get: 1496270098.095217 9 4 23 0x7f4dd3800340 0x7f8930e57040 1 -1 16 1354 53
get: 1496270098.095345 9 4 23 0x7f4dd3800350 0x7f8930e52020 1 -1 16 1354 53
get: 1496270098.095468 9 4 23 0x7f4dd37fff28 0x7f893080e160 1 -1 8 492 26
get: 1496270098.095644 9 4 23 0x7f4dd37fff30 0x7f893080e158 1 -1 8 492 26
get: 1496270098.095760 9 4 23 0x7f4dd3800380 0x7f8930e52068 1 -1 16 1354 53
get: 1496270098.095892 9 4 23 0x7f4dd3800340 0x7f8930e57050 1 -1 16 1354 53
get: 1496270098.095988 9 4 23 0x7f4dd3800350 0x7f8930e52020 1 -1 16 1354 53
get: 1496270098.096131 9 4 23 0x7f4dd37fff28 0x7f893080e160 1 -1 8 492 26
get: 1496270098.096219 9 4 23 0x7f4dd37fff30 0x7f893080e158 1 -1 8 492 26
get: 1496270098.096303 9 4 23 0x7f4dd3800380 0x7f8930e52068 1 -1 16 1354 53
get: 1496270098.096419 9 4 23 0x7f4dd3800340 0x7f8930e57060 1 -1 16 1354 53
get: 1496270098.096554 9 4 23 0x7f4dd3800350 0x7f8930e52020 1 -1 16 1354 53
get: 1496270098.096663 9 4 23 0x7f4dd37fff28 0x7f893080e160 1 -1 8 492 26
get: 1496270098.096763 9 4 23 0x7f4dd37fff30 0x7f893080e158 1 -1 8 492 26
get: 1496270098.096853 9 4 23 0x7f4dd3800380 0x7f8930e52068 1 -1 16 1354 53
get: 1496270098.096962 9 4 23 0x7f4dd3800340 0x7f8930e57070 1 -1 16 1354 53
get: 1496270098.097058 9 4 23 0x7f4dd3800350 0x7f8930e52020 1 -1 16 1354 53
get: 1496270098.097144 9 4 23 0x7f4dd37fff28 0x7f893080e160 1 -1 8 492 26
get: 1496270098.097285 9 4 23 0x7f4dd37fff30 0x7f893080e158 1 -1 8 492 26
get: 1496270098.097351 9 4 23 0x7f4dd3800380 0x7f8930e52068 1 -1 16 1354 53
get: 1496270098.097445 9 4 23 0x7f4dd3800340 0x7f8930e57080 1 -1 16 1354 53
get: 1496270098.097583 9 4 23 0x7f4dd3800350 0x7f8930e52020 1 -1 16 1354 53
get: 1496270098.097669 9 4 23 0x7f4dd37fff28 0x7f893080e160 1 -1 8 492 26
get: 1496270098.097769 9 4 23 0x7f4dd37fff30 0x7f893080e158 1 -1 8 492 26
get: 1496270098.098087 9 4 23 0x7f4dd3800380 0x7f8930e52068 1 -1 16 1354 53
get: 1496270098.098206 9 4 23 0x7f4dd3800340 0x7f8930e57090 1 -1 16 1354 53
get: 1496270098.098328 9 4 23 0x7f4dd3800350 0x7f8930e52020 1 -1 16 1354 53
get: 1496270098.098381 9 4 23 0x7f4dd37fff28 0x7f893080e160 1 -1 8 492 26
get: 1496270098.098432 9 4 23 0x7f4dd37fff30 0x7f893080e158 1 -1 8 492 26
get: 1496270098.098483 9 4 23 0x7f4dd3800380 0x7f8930e52068 1 -1 16 1354 53
get: 1496270098.098534 9 4 23 0x7f4dd3800340 0x7f8930e570a0 1 -1 16 1354 53
get: 1496270098.098589 9 4 23 0x7f4dd3800350 0x7f8930e52020 1 -1 16 1354 53
get: 1496270098.098649 9 4 23 0x7f4dd37fff28 0x7f893080e160 1 -1 8 492 26
get: 1496270098.098702 9 4 23 0x7f4dd37fff30 0x7f893080e158 1 -1 8 492 26
get: 1496270098.098751 9 4 23 0x7f4dd3800380 0x7f8930e52068 1 -1 16 1354 53
get: 1496270098.098806 9 4 23 0x7f4dd3800340 0x7f8930e570b0 1 -1 16 1354 53
get: 1496270098.098917 9 4 23 0x7f4dd3800350 0x7f8930e52020 1 -1 16 1354 53
get: 1496270098.099062 9 4 23 0x7f4dd37fff28 0x7f893080e160 1 -1 8 492 26
get: 1496270098.099197 9 4 23 0x7f4dd37fff30 0x7f893080e158 1 -1 8 492 26
get: 1496270098.099310 9 4 23 0x7f4dd3800380 0x7f8930e52068 1 -1 16 1354 53
get: 1496270098.099430 9 4 23 0x7f4dd3800340 0x7f8930e570c0 1 -1 16 1354 53
get: 1496270098.099627 9 4 23 0x7f4dd3800350 0x7f8930e52020 1 -1 16 1354 53
get: 1496270098.099775 9 4 23 0x7f4dd37fff28 0x7f893080e160 1 -1 8 492 26
get: 1496270098.099909 9 4 23 0x7f4dd37fff30 0x7f893080e158 1 -1 8 492 26
get: 1496270098.100030 9 4 23 0x7f4dd3800380 0x7f8930e52068 1 -1 16 1354 53
get: 1496270098.100195 9 4 23 0x7f4dd3800340 0x7f8930e570d0 1 -1 16 1354 53
get: 1496270098.100313 9 4 23 0x7f4dd3800350 0x7f8930e52020 1 -1 16 1354 53
get: 1496270098.100403 9 4 23 0x7f4dd37fff28 0x7f893080e160 1 -1 8 492 26
get: 1496270098.100529 9 4 23 0x7f4dd37fff30 0x7f893080e158 1 -1 8 492 26
get: 1496270098.100653 9 4 23 0x7f4dd3800380 0x7f8930e52068 1 -1 16 1354 53
get: 1496270098.100738 9 4 23 0x7f4dd3800340 0x7f8930e570e0 1 -1 16 1354 53
get: 1496270098.100862 9 4 23 0x7f4dd3800350 0x7f8930e52020 1 -1 16 1354 53
get: 1496270098.100970 9 4 23 0x7f4dd37fff28 0x7f893080e160 1 -1 8 492 26
get: 1496270098.101061 9 4 23 0x7f4dd37fff30 0x7f893080e158 1 -1 8 492 26
get: 1496270098.101136 9 4 23 0x7f4dd3800380 0x7f8930e52068 1 -1 16 1354 53
get: 1496270098.101247 9 4 23 0x7f4dd3800340 0x7f8930e570f0 1 -1 16 1354 53
task: 1496270098.101379 9 24 23 L 215 28 24
task: 1496270098.101390 9 25 23 L 218 28 31
Btask: 1496270098.101407 9 24
Etask: 1496270098.101419 9 24
Btask: 1496270098.101445 9 25
Etask: 1496270098.101458 9 25
Etask: 1496270098.101470 9 23
task: 1496270098.112595 9 26 5 O 0 -5 129
Btask: 1496270098.112731 9 26
get: 1496270098.112743 9 0 26 0x7f4dce800930 0x7f559201d5d8 1 -1 16 1002 53
get: 1496270098.112904 9 0 26 0x7f4dce800650 0x7f55921114c0 1 -1 16 753 53
get: 1496270098.113049 9 0 26 0x7f4dce800670 0x7f5592111520 1 -1 16 753 53
get: 1496270098.113234 9 0 26 0x7f4dce800528 0x7f55921104e0 1 -1 8 492 26
get: 1496270098.113373 9 0 26 0x7f4dce800530 0x7f55921104d8 1 -1 8 492 26
get: 1496270098.113525 9 0 26 0x7f4dce8006a0 0x7f5592111568 1 -1 16 753 53
get: 1496270098.113665 9 0 26 0x7f4dce800660 0x7f5592051590 1 -1 16 753 53
get: 1496270098.113909 9 0 26 0x7f4dce800970 0x7f559201d5f0 1 -1 16 1003 53
get: 1496270098.114191 9 0 26 0x7f4dce800980 0x7f5592111700 1 -1 16 1003 53
get: 1496270098.114349 9 0 26 0x7f4dce800768 0x7f55921104e0 1 -1 8 492 26
get: 1496270098.114554 9 0 26 0x7f4dce800770 0x7f55921104d8 1 -1 8 492 26
get: 1496270098.114746 9 0 26 0x7f4dce8009b0 0x7f5592111748 1 -1 16 1003 53
put: 1496270098.114928 9 0 26 0x7f4dce800a50 0x7f5592051890 1 -1 16 1003 53
f_executeOn: 1496270098.115019 9 0 -2 18 0x7f4dce800e70 112 26
Etask: 1496270098.115113 9 26
task: 1496270098.147857 9 27 1 O 0 -5 28
Btask: 1496270098.148001 9 27
get: 1496270098.148090 9 4 27 0x7f4dc9800330 0x7f8930a13040 1 -1 16 1354 53
get: 1496270098.148375 9 4 27 0x7f4dc9800350 0x7f8930a1a020 1 -1 16 1354 53
get: 1496270098.148542 9 4 27 0x7f4dc97fff28 0x7f893080e160 1 -1 8 492 26
get: 1496270098.148769 9 4 27 0x7f4dc97fff30 0x7f893080e158 1 -1 8 492 26
get: 1496270098.148933 9 4 27 0x7f4dc9800380 0x7f8930a1a068 1 -1 16 1354 53
get: 1496270098.149153 9 4 27 0x7f4dc9800340 0x7f8930a1f000 1 -1 16 1354 53
get: 1496270098.149409 9 4 27 0x7f4dc9800350 0x7f8930a1a020 1 -1 16 1354 53
get: 1496270098.149496 9 4 27 0x7f4dc97fff28 0x7f893080e160 1 -1 8 492 26
get: 1496270098.149590 9 4 27 0x7f4dc97fff30 0x7f893080e158 1 -1 8 492 26
get: 1496270098.149680 9 4 27 0x7f4dc9800380 0x7f8930a1a068 1 -1 16 1354 53
get: 1496270098.149812 9 4 27 0x7f4dc9800340 0x7f8930a1f010 1 -1 16 1354 53
get: 1496270098.149943 9 4 27 0x7f4dc9800350 0x7f8930a1a020 1 -1 16 1354 53
get: 1496270098.150127 9 4 27 0x7f4dc97fff28 0x7f893080e160 1 -1 8 492 26
get: 1496270098.150248 9 4 27 0x7f4dc97fff30 0x7f893080e158 1 -1 8 492 26
get: 1496270098.150332 9 4 27 0x7f4dc9800380 0x7f8930a1a068 1 -1 16 1354 53
get: 1496270098.150456 9 4 27 0x7f4dc9800340 0x7f8930a1f020 1 -1 16 1354 53
get: 1496270098.151110 9 4 27 0x7f4dc9800350 0x7f8930a1a020 1 -1 16 1354 53
get: 1496270098.151313 9 4 27 0x7f4dc97fff28 0x7f893080e160 1 -1 8 492 26
get: 1496270098.151622 9 4 27 0x7f4dc97fff30 0x7f893080e158 1 -1 8 492 26
get: 1496270098.151716 9 4 27 0x7f4dc9800380 0x7f8930a1a068 1 -1 16 1354 53
get: 1496270098.151809 9 4 27 0x7f4dc9800340 0x7f8930a1f030 1 -1 16 1354 53
get: 1496270098.151972 9 4 27 0x7f4dc9800350 0x7f8930a1a020 1 -1 16 1354 53
get: 1496270098.152292 9 4 27 0x7f4dc97fff28 0x7f893080e160 1 -1 8 492 26
get: 1496270098.152430 9 4 27 0x7f4dc97fff30 0x7f893080e158 1 -1 8 492 26
get: 1496270098.152537 9 4 27 0x7f4dc9800380 0x7f8930a1a068 1 -1 16 1354 53
get: 1496270098.152619 9 4 27 0x7f4dc9800340 0x7f8930a1f040 1 -1 16 1354 53
get: 1496270098.152701 9 4 27 0x7f4dc9800350 0x7f8930a1a020 1 -1 16 1354 53
get: 1496270098.152825 9 4 27 0x7f4dc97fff28 0x7f893080e160 1 -1 8 492 26
get: 1496270098.153036 9 4 27 0x7f4dc97fff30 0x7f893080e158 1 -1 8 492 26
get: 1496270098.153152 9 4 27 0x7f4dc9800380 0x7f8930a1a068 1 -1 16 1354 53
get: 1496270098.153264 9 4 27 0x7f4dc9800340 0x7f8930a1f050 1 -1 16 1354 53
get: 1496270098.153612 9 4 27 0x7f4dc9800350 0x7f8930a1a020 1 -1 16 1354 53
get: 1496270098.154045 9 4 27 0x7f4dc97fff28 0x7f893080e160 1 -1 8 492 26
get: 1496270098.154127 9 4 27 0x7f4dc97fff30 0x7f893080e158 1 -1 8 492 26
get: 1496270098.154487 9 4 27 0x7f4dc9800380 0x7f8930a1a068 1 -1 16 1354 53
get: 1496270098.154613 9 4 27 0x7f4dc9800340 0x7f8930a1f060 1 -1 16 1354 53
get: 1496270098.155467 9 4 27 0x7f4dc9800350 0x7f8930a1a020 1 -1 16 1354 53
get: 1496270098.155639 9 4 27 0x7f4dc97fff28 0x7f893080e160 1 -1 8 492 26
get: 1496270098.155752 9 4 27 0x7f4dc97fff30 0x7f893080e158 1 -1 8 492 26
get: 1496270098.155834 9 4 27 0x7f4dc9800380 0x7f8930a1a068 1 -1 16 1354 53
get: 1496270098.155923 9 4 27 0x7f4dc9800340 0x7f8930a1f070 1 -1 16 1354 53
get: 1496270098.156124 9 4 27 0x7f4dc9800350 0x7f8930a1a020 1 -1 16 1354 53
get: 1496270098.156287 9 4 27 0x7f4dc97fff28 0x7f893080e160 1 -1 8 492 26
get: 1496270098.156452 9 4 27 0x7f4dc97fff30 0x7f893080e158 1 -1 8 492 26
get: 1496270098.156576 9 4 27 0x7f4dc9800380 0x7f8930a1a068 1 -1 16 1354 53
get: 1496270098.156702 9 4 27 0x7f4dc9800340 0x7f8930a1f080 1 -1 16 1354 53
get: 1496270098.157020 9 4 27 0x7f4dc9800350 0x7f8930a1a020 1 -1 16 1354 53
get: 1496270098.157813 9 4 27 0x7f4dc97fff28 0x7f893080e160 1 -1 8 492 26
get: 1496270098.158166 9 4 27 0x7f4dc97fff30 0x7f893080e158 1 -1 8 492 26
get: 1496270098.158351 9 4 27 0x7f4dc9800380 0x7f8930a1a068 1 -1 16 1354 53
get: 1496270098.158494 9 4 27 0x7f4dc9800340 0x7f8930a1f090 1 -1 16 1354 53
get: 1496270098.158787 9 4 27 0x7f4dc9800350 0x7f8930a1a020 1 -1 16 1354 53
get: 1496270098.158878 9 4 27 0x7f4dc97fff28 0x7f893080e160 1 -1 8 492 26
get: 1496270098.158963 9 4 27 0x7f4dc97fff30 0x7f893080e158 1 -1 8 492 26
get: 1496270098.159085 9 4 27 0x7f4dc9800380 0x7f8930a1a068 1 -1 16 1354 53
get: 1496270098.159222 9 4 27 0x7f4dc9800340 0x7f8930a1f0a0 1 -1 16 1354 53
get: 1496270098.159466 9 4 27 0x7f4dc9800350 0x7f8930a1a020 1 -1 16 1354 53
get: 1496270098.159822 9 4 27 0x7f4dc97fff28 0x7f893080e160 1 -1 8 492 26
get: 1496270098.160204 9 4 27 0x7f4dc97fff30 0x7f893080e158 1 -1 8 492 26
get: 1496270098.160327 9 4 27 0x7f4dc9800380 0x7f8930a1a068 1 -1 16 1354 53
get: 1496270098.160442 9 4 27 0x7f4dc9800340 0x7f8930a1f0b0 1 -1 16 1354 53
get: 1496270098.160575 9 4 27 0x7f4dc9800350 0x7f8930a1a020 1 -1 16 1354 53
get: 1496270098.160702 9 4 27 0x7f4dc97fff28 0x7f893080e160 1 -1 8 492 26
get: 1496270098.160916 9 4 27 0x7f4dc97fff30 0x7f893080e158 1 -1 8 492 26
get: 1496270098.161037 9 4 27 0x7f4dc9800380 0x7f8930a1a068 1 -1 16 1354 53
get: 1496270098.161125 9 4 27 0x7f4dc9800340 0x7f8930a1f0c0 1 -1 16 1354 53
get: 1496270098.161271 9 4 27 0x7f4dc9800350 0x7f8930a1a020 1 -1 16 1354 53
get: 1496270098.161531 9 4 27 0x7f4dc97fff28 0x7f893080e160 1 -1 8 492 26
get: 1496270098.161741 9 4 27 0x7f4dc97fff30 0x7f893080e158 1 -1 8 492 26
get: 1496270098.161868 9 4 27 0x7f4dc9800380 0x7f8930a1a068 1 -1 16 1354 53
get: 1496270098.161990 9 4 27 0x7f4dc9800340 0x7f8930a1f0d0 1 -1 16 1354 53
get: 1496270098.162442 9 4 27 0x7f4dc9800350 0x7f8930a1a020 1 -1 16 1354 53
get: 1496270098.162563 9 4 27 0x7f4dc97fff28 0x7f893080e160 1 -1 8 492 26
get: 1496270098.162647 9 4 27 0x7f4dc97fff30 0x7f893080e158 1 -1 8 492 26
get: 1496270098.162941 9 4 27 0x7f4dc9800380 0x7f8930a1a068 1 -1 16 1354 53
get: 1496270098.163066 9 4 27 0x7f4dc9800340 0x7f8930a1f0e0 1 -1 16 1354 53
get: 1496270098.163308 9 4 27 0x7f4dc9800350 0x7f8930a1a020 1 -1 16 1354 53
get: 1496270098.163581 9 4 27 0x7f4dc97fff28 0x7f893080e160 1 -1 8 492 26
get: 1496270098.164158 9 4 27 0x7f4dc97fff30 0x7f893080e158 1 -1 8 492 26
get: 1496270098.164299 9 4 27 0x7f4dc9800380 0x7f8930a1a068 1 -1 16 1354 53
get: 1496270098.164409 9 4 27 0x7f4dc9800340 0x7f8930a1f0f0 1 -1 16 1354 53
task: 1496270098.164502 9 28 27 L 215 28 24
task: 1496270098.164514 9 29 27 L 218 28 31
Btask: 1496270098.164536 9 28
Etask: 1496270098.164548 9 28
Btask: 1496270098.164574 9 29
Etask: 1496270098.164588 9 29
Etask: 1496270098.164603 9 27
task: 1496270098.191009 9 30 5 O 0 -5 129
Btask: 1496270098.191163 9 30
get: 1496270098.191176 9 0 30 0x7f4dc4800930 0x7f559201d648 1 -1 16 1002 53
get: 1496270098.191357 9 0 30 0x7f4dc4800650 0x7f55921114c0 1 -1 16 753 53
get: 1496270098.191494 9 0 30 0x7f4dc4800670 0x7f5592111520 1 -1 16 753 53
get: 1496270098.191635 9 0 30 0x7f4dc4800528 0x7f55921104e0 1 -1 8 492 26
get: 1496270098.191799 9 0 30 0x7f4dc4800530 0x7f55921104d8 1 -1 8 492 26
get: 1496270098.191960 9 0 30 0x7f4dc48006a0 0x7f5592111568 1 -1 16 753 53
get: 1496270098.192122 9 0 30 0x7f4dc4800660 0x7f5592051590 1 -1 16 753 53
get: 1496270098.192294 9 0 30 0x7f4dc4800970 0x7f559201d660 1 -1 16 1003 53
get: 1496270098.192417 9 0 30 0x7f4dc4800980 0x7f55921117a0 1 -1 16 1003 53
get: 1496270098.192510 9 0 30 0x7f4dc4800768 0x7f55921104e0 1 -1 8 492 26
get: 1496270098.192664 9 0 30 0x7f4dc4800770 0x7f55921104d8 1 -1 8 492 26
get: 1496270098.192800 9 0 30 0x7f4dc48009b0 0x7f55921117e8 1 -1 16 1003 53
put: 1496270098.192988 9 0 30 0x7f4dc4800a50 0x7f5592051990 1 -1 16 1003 53
f_executeOn: 1496270098.193169 9 0 -2 18 0x7f4dc4800e70 112 30
Etask: 1496270098.193344 9 30
task: 1496270098.235099 9 31 5 O 0 -5 28
Btask: 1496270098.235232 9 31
get: 1496270098.235288 9 4 31 0x7f4dbf800330 0x7f8930613040 1 -1 16 1354 53
get: 1496270098.235445 9 4 31 0x7f4dbf800350 0x7f893061a020 1 -1 16 1354 53
get: 1496270098.235592 9 4 31 0x7f4dbf7fff28 0x7f893080e160 1 -1 8 492 26
get: 1496270098.235758 9 4 31 0x7f4dbf7fff30 0x7f893080e158 1 -1 8 492 26
get: 1496270098.235887 9 4 31 0x7f4dbf800380 0x7f893061a068 1 -1 16 1354 53
get: 1496270098.236050 9 4 31 0x7f4dbf800340 0x7f893061f000 1 -1 16 1354 53
get: 1496270098.236188 9 4 31 0x7f4dbf800350 0x7f893061a020 1 -1 16 1354 53
get: 1496270098.236326 9 4 31 0x7f4dbf7fff28 0x7f893080e160 1 -1 8 492 26
get: 1496270098.236447 9 4 31 0x7f4dbf7fff30 0x7f893080e158 1 -1 8 492 26
get: 1496270098.236585 9 4 31 0x7f4dbf800380 0x7f893061a068 1 -1 16 1354 53
get: 1496270098.236723 9 4 31 0x7f4dbf800340 0x7f893061f010 1 -1 16 1354 53
get: 1496270098.236856 9 4 31 0x7f4dbf800350 0x7f893061a020 1 -1 16 1354 53
get: 1496270098.236972 9 4 31 0x7f4dbf7fff28 0x7f893080e160 1 -1 8 492 26
get: 1496270098.237092 9 4 31 0x7f4dbf7fff30 0x7f893080e158 1 -1 8 492 26
get: 1496270098.237169 9 4 31 0x7f4dbf800380 0x7f893061a068 1 -1 16 1354 53
get: 1496270098.237267 9 4 31 0x7f4dbf800340 0x7f893061f020 1 -1 16 1354 53
get: 1496270098.237371 9 4 31 0x7f4dbf800350 0x7f893061a020 1 -1 16 1354 53
get: 1496270098.237461 9 4 31 0x7f4dbf7fff28 0x7f893080e160 1 -1 8 492 26
get: 1496270098.237549 9 4 31 0x7f4dbf7fff30 0x7f893080e158 1 -1 8 492 26
get: 1496270098.237669 9 4 31 0x7f4dbf800380 0x7f893061a068 1 -1 16 1354 53
get: 1496270098.237758 9 4 31 0x7f4dbf800340 0x7f893061f030 1 -1 16 1354 53
get: 1496270098.237811 9 4 31 0x7f4dbf800350 0x7f893061a020 1 -1 16 1354 53
get: 1496270098.237912 9 4 31 0x7f4dbf7fff28 0x7f893080e160 1 -1 8 492 26
get: 1496270098.237960 9 4 31 0x7f4dbf7fff30 0x7f893080e158 1 -1 8 492 26
get: 1496270098.238119 9 4 31 0x7f4dbf800380 0x7f893061a068 1 -1 16 1354 53
get: 1496270098.238257 9 4 31 0x7f4dbf800340 0x7f893061f040 1 -1 16 1354 53
get: 1496270098.238380 9 4 31 0x7f4dbf800350 0x7f893061a020 1 -1 16 1354 53
get: 1496270098.238489 9 4 31 0x7f4dbf7fff28 0x7f893080e160 1 -1 8 492 26
get: 1496270098.238608 9 4 31 0x7f4dbf7fff30 0x7f893080e158 1 -1 8 492 26
get: 1496270098.238731 9 4 31 0x7f4dbf800380 0x7f893061a068 1 -1 16 1354 53
get: 1496270098.238825 9 4 31 0x7f4dbf800340 0x7f893061f050 1 -1 16 1354 53
get: 1496270098.238909 9 4 31 0x7f4dbf800350 0x7f893061a020 1 -1 16 1354 53
get: 1496270098.238960 9 4 31 0x7f4dbf7fff28 0x7f893080e160 1 -1 8 492 26
get: 1496270098.239067 9 4 31 0x7f4dbf7fff30 0x7f893080e158 1 -1 8 492 26
get: 1496270098.239180 9 4 31 0x7f4dbf800380 0x7f893061a068 1 -1 16 1354 53
get: 1496270098.239302 9 4 31 0x7f4dbf800340 0x7f893061f060 1 -1 16 1354 53
get: 1496270098.239418 9 4 31 0x7f4dbf800350 0x7f893061a020 1 -1 16 1354 53
get: 1496270098.239553 9 4 31 0x7f4dbf7fff28 0x7f893080e160 1 -1 8 492 26
get: 1496270098.239669 9 4 31 0x7f4dbf7fff30 0x7f893080e158 1 -1 8 492 26
get: 1496270098.239790 9 4 31 0x7f4dbf800380 0x7f893061a068 1 -1 16 1354 53
get: 1496270098.239900 9 4 31 0x7f4dbf800340 0x7f893061f070 1 -1 16 1354 53
get: 1496270098.240042 9 4 31 0x7f4dbf800350 0x7f893061a020 1 -1 16 1354 53
get: 1496270098.240124 9 4 31 0x7f4dbf7fff28 0x7f893080e160 1 -1 8 492 26
get: 1496270098.240251 9 4 31 0x7f4dbf7fff30 0x7f893080e158 1 -1 8 492 26
get: 1496270098.240419 9 4 31 0x7f4dbf800380 0x7f893061a068 1 -1 16 1354 53
get: 1496270098.240543 9 4 31 0x7f4dbf800340 0x7f893061f080 1 -1 16 1354 53
get: 1496270098.240592 9 4 31 0x7f4dbf800350 0x7f893061a020 1 -1 16 1354 53
get: 1496270098.240680 9 4 31 0x7f4dbf7fff28 0x7f893080e160 1 -1 8 492 26
get: 1496270098.240832 9 4 31 0x7f4dbf7fff30 0x7f893080e158 1 -1 8 492 26
get: 1496270098.240944 9 4 31 0x7f4dbf800380 0x7f893061a068 1 -1 16 1354 53
get: 1496270098.241067 9 4 31 0x7f4dbf800340 0x7f893061f090 1 -1 16 1354 53
get: 1496270098.241219 9 4 31 0x7f4dbf800350 0x7f893061a020 1 -1 16 1354 53
get: 1496270098.241305 9 4 31 0x7f4dbf7fff28 0x7f893080e160 1 -1 8 492 26
get: 1496270098.241441 9 4 31 0x7f4dbf7fff30 0x7f893080e158 1 -1 8 492 26
get: 1496270098.241547 9 4 31 0x7f4dbf800380 0x7f893061a068 1 -1 16 1354 53
get: 1496270098.241631 9 4 31 0x7f4dbf800340 0x7f893061f0a0 1 -1 16 1354 53
get: 1496270098.241717 9 4 31 0x7f4dbf800350 0x7f893061a020 1 -1 16 1354 53
get: 1496270098.241847 9 4 31 0x7f4dbf7fff28 0x7f893080e160 1 -1 8 492 26
get: 1496270098.241982 9 4 31 0x7f4dbf7fff30 0x7f893080e158 1 -1 8 492 26
get: 1496270098.242115 9 4 31 0x7f4dbf800380 0x7f893061a068 1 -1 16 1354 53
get: 1496270098.242238 9 4 31 0x7f4dbf800340 0x7f893061f0b0 1 -1 16 1354 53
get: 1496270098.242368 9 4 31 0x7f4dbf800350 0x7f893061a020 1 -1 16 1354 53
get: 1496270098.242468 9 4 31 0x7f4dbf7fff28 0x7f893080e160 1 -1 8 492 26
get: 1496270098.242607 9 4 31 0x7f4dbf7fff30 0x7f893080e158 1 -1 8 492 26
get: 1496270098.242726 9 4 31 0x7f4dbf800380 0x7f893061a068 1 -1 16 1354 53
get: 1496270098.242851 9 4 31 0x7f4dbf800340 0x7f893061f0c0 1 -1 16 1354 53
get: 1496270098.243009 9 4 31 0x7f4dbf800350 0x7f893061a020 1 -1 16 1354 53
get: 1496270098.243095 9 4 31 0x7f4dbf7fff28 0x7f893080e160 1 -1 8 492 26
get: 1496270098.243166 9 4 31 0x7f4dbf7fff30 0x7f893080e158 1 -1 8 492 26
get: 1496270098.243250 9 4 31 0x7f4dbf800380 0x7f893061a068 1 -1 16 1354 53
get: 1496270098.243298 9 4 31 0x7f4dbf800340 0x7f893061f0d0 1 -1 16 1354 53
get: 1496270098.243387 9 4 31 0x7f4dbf800350 0x7f893061a020 1 -1 16 1354 53
get: 1496270098.243511 9 4 31 0x7f4dbf7fff28 0x7f893080e160 1 -1 8 492 26
get: 1496270098.243626 9 4 31 0x7f4dbf7fff30 0x7f893080e158 1 -1 8 492 26
get: 1496270098.243817 9 4 31 0x7f4dbf800380 0x7f893061a068 1 -1 16 1354 53
get: 1496270098.244010 9 4 31 0x7f4dbf800340 0x7f893061f0e0 1 -1 16 1354 53
get: 1496270098.244172 9 4 31 0x7f4dbf800350 0x7f893061a020 1 -1 16 1354 53
get: 1496270098.244299 9 4 31 0x7f4dbf7fff28 0x7f893080e160 1 -1 8 492 26
get: 1496270098.244379 9 4 31 0x7f4dbf7fff30 0x7f893080e158 1 -1 8 492 26
get: 1496270098.244488 9 4 31 0x7f4dbf800380 0x7f893061a068 1 -1 16 1354 53
get: 1496270098.244575 9 4 31 0x7f4dbf800340 0x7f893061f0f0 1 -1 16 1354 53
task: 1496270098.244650 9 32 31 L 215 28 24
task: 1496270098.244659 9 33 31 L 218 28 31
Btask: 1496270098.244741 9 33
Btask: 1496270098.244741 9 32
Etask: 1496270098.244769 9 33
Etask: 1496270098.244776 9 32
Etask: 1496270098.244853 9 31
task: 1496270098.449832 9 34 1 O 0 -5 129
Btask: 1496270098.449979 9 34
get: 1496270098.449987 9 0 34 0x7f4dba800930 0x7f559201d6b8 1 -1 16 1002 53
get: 1496270098.450142 9 0 34 0x7f4dba800650 0x7f55921114c0 1 -1 16 753 53
get: 1496270098.450315 9 0 34 0x7f4dba800670 0x7f5592111520 1 -1 16 753 53
get: 1496270098.450476 9 0 34 0x7f4dba800528 0x7f55921104e0 1 -1 8 492 26
get: 1496270098.450646 9 0 34 0x7f4dba800530 0x7f55921104d8 1 -1 8 492 26
get: 1496270098.450768 9 0 34 0x7f4dba8006a0 0x7f5592111568 1 -1 16 753 53
get: 1496270098.450904 9 0 34 0x7f4dba800660 0x7f5592051590 1 -1 16 753 53
get: 1496270098.451082 9 0 34 0x7f4dba800970 0x7f559201d6d0 1 -1 16 1003 53
get: 1496270098.451206 9 0 34 0x7f4dba800980 0x7f5592111840 1 -1 16 1003 53
get: 1496270098.451352 9 0 34 0x7f4dba800768 0x7f55921104e0 1 -1 8 492 26
get: 1496270098.451409 9 0 34 0x7f4dba800770 0x7f55921104d8 1 -1 8 492 26
get: 1496270098.451532 9 0 34 0x7f4dba8009b0 0x7f5592111888 1 -1 16 1003 53
put: 1496270098.451698 9 0 34 0x7f4dba800a50 0x7f5592051a90 1 -1 16 1003 53
f_executeOn: 1496270098.451815 9 0 -2 18 0x7f4dba800e70 112 34
Etask: 1496270098.451902 9 34
task: 1496270098.471000 9 35 1 O 0 -5 28
Btask: 1496270098.471123 9 35
get: 1496270098.471169 9 4 35 0x7f4db5800330 0x7f8930210040 1 -1 16 1354 53
get: 1496270098.471340 9 4 35 0x7f4db5800350 0x7f8930217020 1 -1 16 1354 53
get: 1496270098.471456 9 4 35 0x7f4db57fff28 0x7f893080e160 1 -1 8 492 26
get: 1496270098.471580 9 4 35 0x7f4db57fff30 0x7f893080e158 1 -1 8 492 26
get: 1496270098.471735 9 4 35 0x7f4db5800380 0x7f8930217068 1 -1 16 1354 53
get: 1496270098.471837 9 4 35 0x7f4db5800340 0x7f893021c000 1 -1 16 1354 53
get: 1496270098.471963 9 4 35 0x7f4db5800350 0x7f8930217020 1 -1 16 1354 53
get: 1496270098.472085 9 4 35 0x7f4db57fff28 0x7f893080e160 1 -1 8 492 26
get: 1496270098.472208 9 4 35 0x7f4db57fff30 0x7f893080e158 1 -1 8 492 26
get: 1496270098.472294 9 4 35 0x7f4db5800380 0x7f8930217068 1 -1 16 1354 53
get: 1496270098.472416 9 4 35 0x7f4db5800340 0x7f893021c010 1 -1 16 1354 53
get: 1496270098.472535 9 4 35 0x7f4db5800350 0x7f8930217020 1 -1 16 1354 53
get: 1496270098.472638 9 4 35 0x7f4db57fff28 0x7f893080e160 1 -1 8 492 26
get: 1496270098.472798 9 4 35 0x7f4db57fff30 0x7f893080e158 1 -1 8 492 26
get: 1496270098.472919 9 4 35 0x7f4db5800380 0x7f8930217068 1 -1 16 1354 53
get: 1496270098.473003 9 4 35 0x7f4db5800340 0x7f893021c020 1 -1 16 1354 53
get: 1496270098.473056 9 4 35 0x7f4db5800350 0x7f8930217020 1 -1 16 1354 53
get: 1496270098.473178 9 4 35 0x7f4db57fff28 0x7f893080e160 1 -1 8 492 26
get: 1496270098.473285 9 4 35 0x7f4db57fff30 0x7f893080e158 1 -1 8 492 26
get: 1496270098.473381 9 4 35 0x7f4db5800380 0x7f8930217068 1 -1 16 1354 53
get: 1496270098.473525 9 4 35 0x7f4db5800340 0x7f893021c030 1 -1 16 1354 53
get: 1496270098.473652 9 4 35 0x7f4db5800350 0x7f8930217020 1 -1 16 1354 53
get: 1496270098.473814 9 4 35 0x7f4db57fff28 0x7f893080e160 1 -1 8 492 26
get: 1496270098.473937 9 4 35 0x7f4db57fff30 0x7f893080e158 1 -1 8 492 26
get: 1496270098.474023 9 4 35 0x7f4db5800380 0x7f8930217068 1 -1 16 1354 53
get: 1496270098.474072 9 4 35 0x7f4db5800340 0x7f893021c040 1 -1 16 1354 53
get: 1496270098.474163 9 4 35 0x7f4db5800350 0x7f8930217020 1 -1 16 1354 53
get: 1496270098.474213 9 4 35 0x7f4db57fff28 0x7f893080e160 1 -1 8 492 26
get: 1496270098.474291 9 4 35 0x7f4db57fff30 0x7f893080e158 1 -1 8 492 26
get: 1496270098.474385 9 4 35 0x7f4db5800380 0x7f8930217068 1 -1 16 1354 53
get: 1496270098.474433 9 4 35 0x7f4db5800340 0x7f893021c050 1 -1 16 1354 53
get: 1496270098.474513 9 4 35 0x7f4db5800350 0x7f8930217020 1 -1 16 1354 53
get: 1496270098.474596 9 4 35 0x7f4db57fff28 0x7f893080e160 1 -1 8 492 26
get: 1496270098.474705 9 4 35 0x7f4db57fff30 0x7f893080e158 1 -1 8 492 26
get: 1496270098.474855 9 4 35 0x7f4db5800380 0x7f8930217068 1 -1 16 1354 53
get: 1496270098.474963 9 4 35 0x7f4db5800340 0x7f893021c060 1 -1 16 1354 53
get: 1496270098.475074 9 4 35 0x7f4db5800350 0x7f8930217020 1 -1 16 1354 53
get: 1496270098.475194 9 4 35 0x7f4db57fff28 0x7f893080e160 1 -1 8 492 26
get: 1496270098.475309 9 4 35 0x7f4db57fff30 0x7f893080e158 1 -1 8 492 26
get: 1496270098.475363 9 4 35 0x7f4db5800380 0x7f8930217068 1 -1 16 1354 53
get: 1496270098.475442 9 4 35 0x7f4db5800340 0x7f893021c070 1 -1 16 1354 53
get: 1496270098.475565 9 4 35 0x7f4db5800350 0x7f8930217020 1 -1 16 1354 53
get: 1496270098.475701 9 4 35 0x7f4db57fff28 0x7f893080e160 1 -1 8 492 26
get: 1496270098.475792 9 4 35 0x7f4db57fff30 0x7f893080e158 1 -1 8 492 26
get: 1496270098.475905 9 4 35 0x7f4db5800380 0x7f8930217068 1 -1 16 1354 53
get: 1496270098.475988 9 4 35 0x7f4db5800340 0x7f893021c080 1 -1 16 1354 53
get: 1496270098.476200 9 4 35 0x7f4db5800350 0x7f8930217020 1 -1 16 1354 53
get: 1496270098.476319 9 4 35 0x7f4db57fff28 0x7f893080e160 1 -1 8 492 26
get: 1496270098.476474 9 4 35 0x7f4db57fff30 0x7f893080e158 1 -1 8 492 26
get: 1496270098.476568 9 4 35 0x7f4db5800380 0x7f8930217068 1 -1 16 1354 53
get: 1496270098.476652 9 4 35 0x7f4db5800340 0x7f893021c090 1 -1 16 1354 53
get: 1496270098.476704 9 4 35 0x7f4db5800350 0x7f8930217020 1 -1 16 1354 53
get: 1496270098.476751 9 4 35 0x7f4db57fff28 0x7f893080e160 1 -1 8 492 26
get: 1496270098.476888 9 4 35 0x7f4db57fff30 0x7f893080e158 1 -1 8 492 26
get: 1496270098.477007 9 4 35 0x7f4db5800380 0x7f8930217068 1 -1 16 1354 53
get: 1496270098.477120 9 4 35 0x7f4db5800340 0x7f893021c0a0 1 -1 16 1354 53
get: 1496270098.477236 9 4 35 0x7f4db5800350 0x7f8930217020 1 -1 16 1354 53
get: 1496270098.477360 9 4 35 0x7f4db57fff28 0x7f893080e160 1 -1 8 492 26
get: 1496270098.477505 9 4 35 0x7f4db57fff30 0x7f893080e158 1 -1 8 492 26
get: 1496270098.477594 9 4 35 0x7f4db5800380 0x7f8930217068 1 -1 16 1354 53
get: 1496270098.477681 9 4 35 0x7f4db5800340 0x7f893021c0b0 1 -1 16 1354 53
get: 1496270098.477774 9 4 35 0x7f4db5800350 0x7f8930217020 1 -1 16 1354 53
get: 1496270098.477884 9 4 35 0x7f4db57fff28 0x7f893080e160 1 -1 8 492 26
get: 1496270098.478004 9 4 35 0x7f4db57fff30 0x7f893080e158 1 -1 8 492 26
get: 1496270098.478103 9 4 35 0x7f4db5800380 0x7f8930217068 1 -1 16 1354 53
get: 1496270098.478200 9 4 35 0x7f4db5800340 0x7f893021c0c0 1 -1 16 1354 53
get: 1496270098.478364 9 4 35 0x7f4db5800350 0x7f8930217020 1 -1 16 1354 53
get: 1496270098.478448 9 4 35 0x7f4db57fff28 0x7f893080e160 1 -1 8 492 26
get: 1496270098.478576 9 4 35 0x7f4db57fff30 0x7f893080e158 1 -1 8 492 26
get: 1496270098.478710 9 4 35 0x7f4db5800380 0x7f8930217068 1 -1 16 1354 53
get: 1496270098.478827 9 4 35 0x7f4db5800340 0x7f893021c0d0 1 -1 16 1354 53
get: 1496270098.478950 9 4 35 0x7f4db5800350 0x7f8930217020 1 -1 16 1354 53
get: 1496270098.479049 9 4 35 0x7f4db57fff28 0x7f893080e160 1 -1 8 492 26
get: 1496270098.479154 9 4 35 0x7f4db57fff30 0x7f893080e158 1 -1 8 492 26
get: 1496270098.479268 9 4 35 0x7f4db5800380 0x7f8930217068 1 -1 16 1354 53
get: 1496270098.479403 9 4 35 0x7f4db5800340 0x7f893021c0e0 1 -1 16 1354 53
get: 1496270098.479492 9 4 35 0x7f4db5800350 0x7f8930217020 1 -1 16 1354 53
get: 1496270098.479573 9 4 35 0x7f4db57fff28 0x7f893080e160 1 -1 8 492 26
get: 1496270098.479694 9 4 35 0x7f4db57fff30 0x7f893080e158 1 -1 8 492 26
get: 1496270098.479825 9 4 35 0x7f4db5800380 0x7f8930217068 1 -1 16 1354 53
get: 1496270098.479950 9 4 35 0x7f4db5800340 0x7f893021c0f0 1 -1 16 1354 53
task: 1496270098.480086 9 36 35 L 215 28 24
task: 1496270098.480096 9 37 35 L 218 28 31
Btask: 1496270098.480177 9 36
Btask: 1496270098.480177 9 37
Etask: 1496270098.480206 9 36
Etask: 1496270098.480212 9 37
Etask: 1496270098.480228 9 35
task: 1496270098.518254 9 38 5 O 0 -5 158
Btask: 1496270098.518419 9 38
VdbMark: 1496270098.518431 9 38
Tag: 1496270098.518450 1.452000 0.784000 9 38 2
Etask: 1496270098.518486 9 38
task: 1496270098.526131 9 39 1 O 0 -5 164
Btask: 1496270098.526197 9 39
f_executeOn: 1496270098.526266 9 0 -2 18 0x7f4de2800e20 112 39
Etask: 1496270098.526460 9 39
task: 1496270098.533734 9 40 1 O 0 -5 158
Btask: 1496270098.533791 9 40
VdbMark: 1496270098.533823 9 40
Tag: 1496270098.533839 1.452000 0.820000 9 40 3
Etask: 1496270098.533885 9 40
task: 1496270098.577991 9 41 1 O 0 -5 158
Btask: 1496270098.578125 9 41
VdbMark: 1496270098.578160 9 41
Tag: 1496270098.578174 1.504000 0.860000 9 41 4
Etask: 1496270098.578234 9 41
task: 1496270098.586366 9 42 1 O 0 -5 160
Btask: 1496270098.586419 9 42
get: 1496270098.586452 9 4 42 0x7f4dd8800a80 0x7f896c01d020 1 -1 8 33 51
get: 1496270098.586591 9 4 42 0x7f4dd8800a90 0x7f896c01d028 1 -1 16 33 51
get: 1496270098.586769 9 1 42 0x7f4dd88009c0 0x7f51dac1d020 1 -1 8 31 51
get: 1496270098.586955 9 1 42 0x7f4dd88009d0 0x7f51dac1d028 1 -1 16 31 51
task: 1496270098.587166 9 43 42 L 30 51 159
task: 1496270098.587177 9 44 42 L 32 51 161
Btask: 1496270098.587240 9 43
Btask: 1496270098.587251 9 44
Etask: 1496270098.587255 9 43
Etask: 1496270098.587263 9 44
Etask: 1496270098.587280 9 42
task: 1496270098.593544 9 45 1 O 0 -5 158
Btask: 1496270098.593625 9 45
VdbMark: 1496270098.593637 9 45
Tag: 1496270098.593646 1.520000 0.884000 9 45 5
Etask: 1496270098.593688 9 45
task: 1496270098.604051 9 46 5 O 0 -5 158
Btask: 1496270098.604104 9 46
VdbMark: 1496270098.604115 9 46
Tag: 1496270098.604124 1.536000 0.892000 9 46 6
Etask: 1496270098.604162 9 46
task: 1496270098.608610 9 47 1 O 0 -5 166
Btask: 1496270098.608665 9 47
task: 1496270098.608684 9 48 47 L 76 51 165
task: 1496270098.608690 9 49 47 L 78 51 167
task: 1496270098.608703 9 50 47 L 80 51 169
Btask: 1496270098.608740 9 48
Btask: 1496270098.608752 9 50
Etask: 1496270098.608766 9 48
Etask: 1496270098.608781 9 50
Btask: 1496270098.608821 9 49
Etask: 1496270098.608833 9 49
Etask: 1496270098.608855 9 47
task: 1496270098.620608 9 51 5 O 0 -5 158
Btask: 1496270098.620658 9 51
VdbMark: 1496270098.620667 9 51
Tag: 1496270098.620690 1.572000 0.900000 9 51 7
Etask: 1496270098.620728 9 51
task: 1496270098.668667 9 52 1 O 0 -5 158
Btask: 1496270098.668780 9 52
VdbMark: 1496270098.668810 9 52
Tag: 1496270098.668830 1.640000 0.932000 9 52 8
Etask: 1496270098.668878 9 52
task: 1496270098.678570 9 53 5 O 0 -5 171
Btask: 1496270098.678709 9 53
Etask: 1496270098.678754 9 53
task: 1496270098.685626 9 54 1 O 0 -5 158
Btask: 1496270098.685682 9 54
VdbMark: 1496270098.685689 9 54
Tag: 1496270098.685698 1.664000 0.944000 9 54 9
Etask: 1496270098.685739 9 54
task: 1496270098.721966 9 55 5 O 0 -5 158
Btask: 1496270098.722041 9 55
VdbMark: 1496270098.722055 9 55
Pause: 1496270098.722074 1.704000 0.976000 9 55 9
VdbMark: 1496270098.724941 9 56
Tag: 1496270098.724977 1.712000 0.976000 9 56 10
Etask: 1496270098.725024 9 56
task: 1496270098.750337 9 57 1 O 0 -5 172
Btask: 1496270098.750417 9 57
get: 1496270098.750447 9 8 57 0x7f4de3003e80 0x7f7186800a98 1 -1 8 157 51
get: 1496270098.750629 9 8 57 0x7f4de3003e88 0x7f7186800a98 1 -1 8 157 51
get: 1496270098.750881 9 8 57 0x7f4de3003930 0x7f71c9a19180 1 -1 8 157 51
get: 1496270098.751113 9 8 57 0x7f4de3003940 0x7f71c9a19188 1 -1 16 157 51
Etask: 1496270098.751332 9 57
task: 1496270098.758841 9 58 5 O 0 -5 158
Btask: 1496270098.758900 9 58
VdbMark: 1496270098.758925 9 58
Tag: 1496270098.758934 1.776000 0.988000 9 58 11
Etask: 1496270098.758980 9 58
task: 1496270098.782664 9 59 5 O 0 -5 158
Btask: 1496270098.782793 9 59
VdbMark: 1496270098.782810 9 59
Pause: 1496270098.782821 1.808000 1.004000 9 59 11
VdbMark: 1496270098.786759 9 60
Tag: 1496270098.786776 1.812000 1.012000 9 60 12
Etask: 1496270098.786795 9 60
task: 1496270098.792534 9 61 5 O 0 -5 174
Btask: 1496270098.792579 9 61
get: 1496270098.792590 9 8 61 0x7f4dce800a90 0x7f71be40f000 1 -1 8 204 51
get: 1496270098.792816 9 8 61 0x7f4dce800aa0 0x7f71be40f008 1 -1 16 204 51
Etask: 1496270098.793019 9 61
task: 1496270098.805075 9 62 5 O 0 -5 158
Btask: 1496270098.805150 9 62
VdbMark: 1496270098.805165 9 62
End: 1496270098.805182 1.840000 1.024000 9 62
