ChplVdebug: ver 1.2 nodes 16 nid 7 tid 2 seq 56097699490.000 1496270097.704128 0.344000 0.104000 
Etask: 1496270097.705347 7 2
task: 1496270097.731265 7 3 4 O 0 -5 158
Btask: 1496270097.731832 7 3
VdbMark: 1496270097.732239 7 3
Tag: 1496270097.732249 0.388000 0.120000 7 3 0
Etask: 1496270097.732275 7 3
task: 1496270097.753005 7 5 4 O 0 -5 123
Btask: 1496270097.753536 7 5
get: 1496270097.753955 7 0 5 0x7f87ba800c50 0x7f5592184348 1 -1 16 451 53
get: 1496270097.754078 7 0 5 0x7f87ba800c60 0x7f55921113e0 1 -1 16 451 53
get: 1496270097.754210 7 0 5 0x7f87ba800b08 0x7f55921104e0 1 -1 8 492 26
get: 1496270097.754443 7 0 5 0x7f87ba800b10 0x7f55921104d8 1 -1 8 492 26
get: 1496270097.754697 7 0 5 0x7f87ba800c90 0x7f5592111428 1 -1 16 451 53
put: 1496270097.754813 7 0 5 0x7f87ba800cb0 0x7f5592051470 1 -1 16 451 53
f_executeOn: 1496270097.755011 7 0 -2 18 0x7f87ba800df0 112 5
Etask: 1496270097.755149 7 5
task: 1496270097.788167 7 6 4 O 0 -5 27
Btask: 1496270097.788717 7 6
get: 1496270097.789272 7 3 6 0x7f87b57fff30 0x7f987400f0a8 1 -1 16 1295 53
get: 1496270097.789447 7 3 6 0x7f87b57ffe30 0x7f987400f088 1 -1 16 1294 53
get: 1496270097.789585 7 3 6 0x7f87b57ffe50 0x7f9874017020 1 -1 16 1294 53
get: 1496270097.789678 7 3 6 0x7f87b57ff9a8 0x7f987400e160 1 -1 8 492 26
get: 1496270097.789747 7 3 6 0x7f87b57ff9b0 0x7f987400e158 1 -1 8 492 26
get: 1496270097.789839 7 3 6 0x7f87b57ffe80 0x7f9874017068 1 -1 16 1294 53
get: 1496270097.789894 7 3 6 0x7f87b57ffe40 0x7f9874020000 1 -1 16 1294 53
get: 1496270097.789986 7 3 6 0x7f87b57fff50 0x7f98740170c0 1 -1 16 1295 53
get: 1496270097.790076 7 3 6 0x7f87b57ff9a8 0x7f987400e160 1 -1 8 492 26
get: 1496270097.790131 7 3 6 0x7f87b57ff9b0 0x7f987400e158 1 -1 8 492 26
get: 1496270097.790232 7 3 6 0x7f87b57fff80 0x7f9874017108 1 -1 16 1295 53
get: 1496270097.790364 7 3 6 0x7f87b57fff40 0x7f9874020100 1 -1 16 1295 53
get: 1496270097.790454 7 3 6 0x7f87b57ffe50 0x7f9874017020 1 -1 16 1294 53
get: 1496270097.790517 7 3 6 0x7f87b57ff9a8 0x7f987400e160 1 -1 8 492 26
get: 1496270097.790602 7 3 6 0x7f87b57ff9b0 0x7f987400e158 1 -1 8 492 26
get: 1496270097.790657 7 3 6 0x7f87b57ffe80 0x7f9874017068 1 -1 16 1294 53
get: 1496270097.790782 7 3 6 0x7f87b57ffe40 0x7f9874020010 1 -1 16 1294 53
get: 1496270097.790892 7 3 6 0x7f87b57fff50 0x7f98740170c0 1 -1 16 1295 53
get: 1496270097.790983 7 3 6 0x7f87b57ff9a8 0x7f987400e160 1 -1 8 492 26
get: 1496270097.791037 7 3 6 0x7f87b57ff9b0 0x7f987400e158 1 -1 8 492 26
get: 1496270097.791088 7 3 6 0x7f87b57fff80 0x7f9874017108 1 -1 16 1295 53
get: 1496270097.791138 7 3 6 0x7f87b57fff40 0x7f9874020110 1 -1 16 1295 53
get: 1496270097.791189 7 3 6 0x7f87b57ffe50 0x7f9874017020 1 -1 16 1294 53
get: 1496270097.791240 7 3 6 0x7f87b57ff9a8 0x7f987400e160 1 -1 8 492 26
get: 1496270097.791291 7 3 6 0x7f87b57ff9b0 0x7f987400e158 1 -1 8 492 26
get: 1496270097.791340 7 3 6 0x7f87b57ffe80 0x7f9874017068 1 -1 16 1294 53
get: 1496270097.791391 7 3 6 0x7f87b57ffe40 0x7f9874020020 1 -1 16 1294 53
get: 1496270097.791440 7 3 6 0x7f87b57fff50 0x7f98740170c0 1 -1 16 1295 53
get: 1496270097.791493 7 3 6 0x7f87b57ff9a8 0x7f987400e160 1 -1 8 492 26
get: 1496270097.791545 7 3 6 0x7f87b57ff9b0 0x7f987400e158 1 -1 8 492 26
get: 1496270097.791608 7 3 6 0x7f87b57fff80 0x7f9874017108 1 -1 16 1295 53
get: 1496270097.791695 7 3 6 0x7f87b57fff40 0x7f9874020120 1 -1 16 1295 53
get: 1496270097.791759 7 3 6 0x7f87b57ffe50 0x7f9874017020 1 -1 16 1294 53
get: 1496270097.791871 7 3 6 0x7f87b57ff9a8 0x7f987400e160 1 -1 8 492 26
get: 1496270097.791960 7 3 6 0x7f87b57ff9b0 0x7f987400e158 1 -1 8 492 26
get: 1496270097.792050 7 3 6 0x7f87b57ffe80 0x7f9874017068 1 -1 16 1294 53
get: 1496270097.792141 7 3 6 0x7f87b57ffe40 0x7f9874020030 1 -1 16 1294 53
get: 1496270097.792198 7 3 6 0x7f87b57fff50 0x7f98740170c0 1 -1 16 1295 53
get: 1496270097.792261 7 3 6 0x7f87b57ff9a8 0x7f987400e160 1 -1 8 492 26
get: 1496270097.792322 7 3 6 0x7f87b57ff9b0 0x7f987400e158 1 -1 8 492 26
get: 1496270097.792371 7 3 6 0x7f87b57fff80 0x7f9874017108 1 -1 16 1295 53
get: 1496270097.792425 7 3 6 0x7f87b57fff40 0x7f9874020130 1 -1 16 1295 53
get: 1496270097.792487 7 3 6 0x7f87b57ffe50 0x7f9874017020 1 -1 16 1294 53
get: 1496270097.792590 7 3 6 0x7f87b57ff9a8 0x7f987400e160 1 -1 8 492 26
get: 1496270097.792641 7 3 6 0x7f87b57ff9b0 0x7f987400e158 1 -1 8 492 26
get: 1496270097.792755 7 3 6 0x7f87b57ffe80 0x7f9874017068 1 -1 16 1294 53
get: 1496270097.792857 7 3 6 0x7f87b57ffe40 0x7f9874020040 1 -1 16 1294 53
get: 1496270097.792950 7 3 6 0x7f87b57fff50 0x7f98740170c0 1 -1 16 1295 53
get: 1496270097.793057 7 3 6 0x7f87b57ff9a8 0x7f987400e160 1 -1 8 492 26
get: 1496270097.793148 7 3 6 0x7f87b57ff9b0 0x7f987400e158 1 -1 8 492 26
get: 1496270097.793244 7 3 6 0x7f87b57fff80 0x7f9874017108 1 -1 16 1295 53
get: 1496270097.793334 7 3 6 0x7f87b57fff40 0x7f9874020140 1 -1 16 1295 53
get: 1496270097.793387 7 3 6 0x7f87b57ffe50 0x7f9874017020 1 -1 16 1294 53
get: 1496270097.793446 7 3 6 0x7f87b57ff9a8 0x7f987400e160 1 -1 8 492 26
get: 1496270097.793502 7 3 6 0x7f87b57ff9b0 0x7f987400e158 1 -1 8 492 26
get: 1496270097.793548 7 3 6 0x7f87b57ffe80 0x7f9874017068 1 -1 16 1294 53
get: 1496270097.793604 7 3 6 0x7f87b57ffe40 0x7f9874020050 1 -1 16 1294 53
get: 1496270097.793655 7 3 6 0x7f87b57fff50 0x7f98740170c0 1 -1 16 1295 53
get: 1496270097.793705 7 3 6 0x7f87b57ff9a8 0x7f987400e160 1 -1 8 492 26
get: 1496270097.793755 7 3 6 0x7f87b57ff9b0 0x7f987400e158 1 -1 8 492 26
get: 1496270097.793808 7 3 6 0x7f87b57fff80 0x7f9874017108 1 -1 16 1295 53
get: 1496270097.793864 7 3 6 0x7f87b57fff40 0x7f9874020150 1 -1 16 1295 53
get: 1496270097.793921 7 3 6 0x7f87b57ffe50 0x7f9874017020 1 -1 16 1294 53
get: 1496270097.793976 7 3 6 0x7f87b57ff9a8 0x7f987400e160 1 -1 8 492 26
get: 1496270097.794028 7 3 6 0x7f87b57ff9b0 0x7f987400e158 1 -1 8 492 26
get: 1496270097.794078 7 3 6 0x7f87b57ffe80 0x7f9874017068 1 -1 16 1294 53
get: 1496270097.794129 7 3 6 0x7f87b57ffe40 0x7f9874020060 1 -1 16 1294 53
get: 1496270097.794178 7 3 6 0x7f87b57fff50 0x7f98740170c0 1 -1 16 1295 53
get: 1496270097.794231 7 3 6 0x7f87b57ff9a8 0x7f987400e160 1 -1 8 492 26
get: 1496270097.794291 7 3 6 0x7f87b57ff9b0 0x7f987400e158 1 -1 8 492 26
get: 1496270097.794346 7 3 6 0x7f87b57fff80 0x7f9874017108 1 -1 16 1295 53
get: 1496270097.794398 7 3 6 0x7f87b57fff40 0x7f9874020160 1 -1 16 1295 53
get: 1496270097.794448 7 3 6 0x7f87b57ffe50 0x7f9874017020 1 -1 16 1294 53
get: 1496270097.794502 7 3 6 0x7f87b57ff9a8 0x7f987400e160 1 -1 8 492 26
get: 1496270097.794556 7 3 6 0x7f87b57ff9b0 0x7f987400e158 1 -1 8 492 26
get: 1496270097.794608 7 3 6 0x7f87b57ffe80 0x7f9874017068 1 -1 16 1294 53
get: 1496270097.794657 7 3 6 0x7f87b57ffe40 0x7f9874020070 1 -1 16 1294 53
get: 1496270097.794763 7 3 6 0x7f87b57fff50 0x7f98740170c0 1 -1 16 1295 53
get: 1496270097.794817 7 3 6 0x7f87b57ff9a8 0x7f987400e160 1 -1 8 492 26
get: 1496270097.794864 7 3 6 0x7f87b57ff9b0 0x7f987400e158 1 -1 8 492 26
get: 1496270097.794913 7 3 6 0x7f87b57fff80 0x7f9874017108 1 -1 16 1295 53
get: 1496270097.794969 7 3 6 0x7f87b57fff40 0x7f9874020170 1 -1 16 1295 53
get: 1496270097.795018 7 3 6 0x7f87b57ffe50 0x7f9874017020 1 -1 16 1294 53
get: 1496270097.795070 7 3 6 0x7f87b57ff9a8 0x7f987400e160 1 -1 8 492 26
get: 1496270097.795152 7 3 6 0x7f87b57ff9b0 0x7f987400e158 1 -1 8 492 26
get: 1496270097.795247 7 3 6 0x7f87b57ffe80 0x7f9874017068 1 -1 16 1294 53
get: 1496270097.795305 7 3 6 0x7f87b57ffe40 0x7f9874020080 1 -1 16 1294 53
get: 1496270097.795378 7 3 6 0x7f87b57fff50 0x7f98740170c0 1 -1 16 1295 53
get: 1496270097.795467 7 3 6 0x7f87b57ff9a8 0x7f987400e160 1 -1 8 492 26
get: 1496270097.795526 7 3 6 0x7f87b57ff9b0 0x7f987400e158 1 -1 8 492 26
get: 1496270097.795576 7 3 6 0x7f87b57fff80 0x7f9874017108 1 -1 16 1295 53
get: 1496270097.795654 7 3 6 0x7f87b57fff40 0x7f9874020180 1 -1 16 1295 53
get: 1496270097.795744 7 3 6 0x7f87b57ffe50 0x7f9874017020 1 -1 16 1294 53
get: 1496270097.795802 7 3 6 0x7f87b57ff9a8 0x7f987400e160 1 -1 8 492 26
get: 1496270097.795861 7 3 6 0x7f87b57ff9b0 0x7f987400e158 1 -1 8 492 26
get: 1496270097.795917 7 3 6 0x7f87b57ffe80 0x7f9874017068 1 -1 16 1294 53
get: 1496270097.795969 7 3 6 0x7f87b57ffe40 0x7f9874020090 1 -1 16 1294 53
get: 1496270097.796019 7 3 6 0x7f87b57fff50 0x7f98740170c0 1 -1 16 1295 53
get: 1496270097.796077 7 3 6 0x7f87b57ff9a8 0x7f987400e160 1 -1 8 492 26
get: 1496270097.796135 7 3 6 0x7f87b57ff9b0 0x7f987400e158 1 -1 8 492 26
get: 1496270097.796189 7 3 6 0x7f87b57fff80 0x7f9874017108 1 -1 16 1295 53
get: 1496270097.796243 7 3 6 0x7f87b57fff40 0x7f9874020190 1 -1 16 1295 53
get: 1496270097.796295 7 3 6 0x7f87b57ffe50 0x7f9874017020 1 -1 16 1294 53
get: 1496270097.796348 7 3 6 0x7f87b57ff9a8 0x7f987400e160 1 -1 8 492 26
get: 1496270097.796414 7 3 6 0x7f87b57ff9b0 0x7f987400e158 1 -1 8 492 26
get: 1496270097.796510 7 3 6 0x7f87b57ffe80 0x7f9874017068 1 -1 16 1294 53
get: 1496270097.796601 7 3 6 0x7f87b57ffe40 0x7f98740200a0 1 -1 16 1294 53
get: 1496270097.796655 7 3 6 0x7f87b57fff50 0x7f98740170c0 1 -1 16 1295 53
get: 1496270097.796707 7 3 6 0x7f87b57ff9a8 0x7f987400e160 1 -1 8 492 26
get: 1496270097.796765 7 3 6 0x7f87b57ff9b0 0x7f987400e158 1 -1 8 492 26
get: 1496270097.796823 7 3 6 0x7f87b57fff80 0x7f9874017108 1 -1 16 1295 53
get: 1496270097.796881 7 3 6 0x7f87b57fff40 0x7f98740201a0 1 -1 16 1295 53
get: 1496270097.796929 7 3 6 0x7f87b57ffe50 0x7f9874017020 1 -1 16 1294 53
get: 1496270097.796985 7 3 6 0x7f87b57ff9a8 0x7f987400e160 1 -1 8 492 26
get: 1496270097.797037 7 3 6 0x7f87b57ff9b0 0x7f987400e158 1 -1 8 492 26
get: 1496270097.797088 7 3 6 0x7f87b57ffe80 0x7f9874017068 1 -1 16 1294 53
get: 1496270097.797144 7 3 6 0x7f87b57ffe40 0x7f98740200b0 1 -1 16 1294 53
get: 1496270097.797198 7 3 6 0x7f87b57fff50 0x7f98740170c0 1 -1 16 1295 53
get: 1496270097.797250 7 3 6 0x7f87b57ff9a8 0x7f987400e160 1 -1 8 492 26
get: 1496270097.797304 7 3 6 0x7f87b57ff9b0 0x7f987400e158 1 -1 8 492 26
get: 1496270097.797447 7 3 6 0x7f87b57fff80 0x7f9874017108 1 -1 16 1295 53
get: 1496270097.797502 7 3 6 0x7f87b57fff40 0x7f98740201b0 1 -1 16 1295 53
get: 1496270097.797554 7 3 6 0x7f87b57ffe50 0x7f9874017020 1 -1 16 1294 53
get: 1496270097.797605 7 3 6 0x7f87b57ff9a8 0x7f987400e160 1 -1 8 492 26
get: 1496270097.797654 7 3 6 0x7f87b57ff9b0 0x7f987400e158 1 -1 8 492 26
get: 1496270097.797705 7 3 6 0x7f87b57ffe80 0x7f9874017068 1 -1 16 1294 53
get: 1496270097.797755 7 3 6 0x7f87b57ffe40 0x7f98740200c0 1 -1 16 1294 53
get: 1496270097.797812 7 3 6 0x7f87b57fff50 0x7f98740170c0 1 -1 16 1295 53
get: 1496270097.797922 7 3 6 0x7f87b57ff9a8 0x7f987400e160 1 -1 8 492 26
get: 1496270097.797972 7 3 6 0x7f87b57ff9b0 0x7f987400e158 1 -1 8 492 26
get: 1496270097.798037 7 3 6 0x7f87b57fff80 0x7f9874017108 1 -1 16 1295 53
get: 1496270097.798131 7 3 6 0x7f87b57fff40 0x7f98740201c0 1 -1 16 1295 53
get: 1496270097.798186 7 3 6 0x7f87b57ffe50 0x7f9874017020 1 -1 16 1294 53
get: 1496270097.798235 7 3 6 0x7f87b57ff9a8 0x7f987400e160 1 -1 8 492 26
get: 1496270097.798345 7 3 6 0x7f87b57ff9b0 0x7f987400e158 1 -1 8 492 26
get: 1496270097.798436 7 3 6 0x7f87b57ffe80 0x7f9874017068 1 -1 16 1294 53
get: 1496270097.798488 7 3 6 0x7f87b57ffe40 0x7f98740200d0 1 -1 16 1294 53
get: 1496270097.798545 7 3 6 0x7f87b57fff50 0x7f98740170c0 1 -1 16 1295 53
get: 1496270097.798596 7 3 6 0x7f87b57ff9a8 0x7f987400e160 1 -1 8 492 26
get: 1496270097.798652 7 3 6 0x7f87b57ff9b0 0x7f987400e158 1 -1 8 492 26
get: 1496270097.798804 7 3 6 0x7f87b57fff80 0x7f9874017108 1 -1 16 1295 53
get: 1496270097.798901 7 3 6 0x7f87b57fff40 0x7f98740201d0 1 -1 16 1295 53
get: 1496270097.799028 7 3 6 0x7f87b57ffe50 0x7f9874017020 1 -1 16 1294 53
get: 1496270097.799115 7 3 6 0x7f87b57ff9a8 0x7f987400e160 1 -1 8 492 26
get: 1496270097.799167 7 3 6 0x7f87b57ff9b0 0x7f987400e158 1 -1 8 492 26
get: 1496270097.799216 7 3 6 0x7f87b57ffe80 0x7f9874017068 1 -1 16 1294 53
get: 1496270097.799266 7 3 6 0x7f87b57ffe40 0x7f98740200e0 1 -1 16 1294 53
get: 1496270097.799317 7 3 6 0x7f87b57fff50 0x7f98740170c0 1 -1 16 1295 53
get: 1496270097.799370 7 3 6 0x7f87b57ff9a8 0x7f987400e160 1 -1 8 492 26
get: 1496270097.799418 7 3 6 0x7f87b57ff9b0 0x7f987400e158 1 -1 8 492 26
get: 1496270097.799497 7 3 6 0x7f87b57fff80 0x7f9874017108 1 -1 16 1295 53
get: 1496270097.799592 7 3 6 0x7f87b57fff40 0x7f98740201e0 1 -1 16 1295 53
get: 1496270097.799689 7 3 6 0x7f87b57ffe50 0x7f9874017020 1 -1 16 1294 53
get: 1496270097.799832 7 3 6 0x7f87b57ff9a8 0x7f987400e160 1 -1 8 492 26
get: 1496270097.799918 7 3 6 0x7f87b57ff9b0 0x7f987400e158 1 -1 8 492 26
get: 1496270097.799973 7 3 6 0x7f87b57ffe80 0x7f9874017068 1 -1 16 1294 53
get: 1496270097.800025 7 3 6 0x7f87b57ffe40 0x7f98740200f0 1 -1 16 1294 53
get: 1496270097.800072 7 3 6 0x7f87b57fff50 0x7f98740170c0 1 -1 16 1295 53
get: 1496270097.800123 7 3 6 0x7f87b57ff9a8 0x7f987400e160 1 -1 8 492 26
get: 1496270097.800173 7 3 6 0x7f87b57ff9b0 0x7f987400e158 1 -1 8 492 26
get: 1496270097.800223 7 3 6 0x7f87b57fff80 0x7f9874017108 1 -1 16 1295 53
get: 1496270097.800274 7 3 6 0x7f87b57fff40 0x7f98740201f0 1 -1 16 1295 53
task: 1496270097.800352 7 7 6 L 215 28 23
task: 1496270097.800367 7 8 6 L 218 28 30
Btask: 1496270097.800409 7 8
Etask: 1496270097.800440 7 8
Btask: 1496270097.800431 7 7
fork: 1496270097.800863 7 15 -2 27 0x7f87ce800dc0 216 7 
Etask: 1496270097.828935 7 7
Etask: 1496270097.828962 7 6
task: 1496270097.898680 7 9 1 O 0 -5 125
Btask: 1496270097.899225 7 9
get: 1496270097.899633 7 0 9 0x7f87b0800b50 0x7f55921114c0 1 -1 16 933 53
get: 1496270097.899865 7 0 9 0x7f87b0800b60 0x7f5592111520 1 -1 16 933 53
get: 1496270097.900031 7 0 9 0x7f87b08009c8 0x7f55921104e0 1 -1 8 492 26
get: 1496270097.900206 7 0 9 0x7f87b08009d0 0x7f55921104d8 1 -1 8 492 26
get: 1496270097.900364 7 0 9 0x7f87b0800b90 0x7f5592111568 1 -1 16 933 53
get: 1496270097.900454 7 0 9 0x7f87b0800be0 0x7f55921114a8 1 -1 16 934 53
get: 1496270097.900514 7 0 9 0x7f87b0800770 0x7f5592184348 1 -1 16 588 53
get: 1496270097.900631 7 0 9 0x7f87b0800790 0x7f55921113e0 1 -1 16 588 53
get: 1496270097.900759 7 0 9 0x7f87b0800628 0x7f55921104e0 1 -1 8 492 26
get: 1496270097.900841 7 0 9 0x7f87b0800630 0x7f55921104d8 1 -1 8 492 26
get: 1496270097.900913 7 0 9 0x7f87b08007c0 0x7f5592111428 1 -1 16 588 53
get: 1496270097.901062 7 0 9 0x7f87b0800780 0x7f5592051470 1 -1 16 588 53
get: 1496270097.901163 7 0 9 0x7f87b0800640 0x7f55921114e0 1 -1 16 1609 28
get: 1496270097.901209 7 0 9 0x7f87b08005b0 0x7f5592110558 1 -1 32 145 26
put: 1496270097.901357 7 0 9 0x7f87b0800c20 0x7f5592051570 1 -1 16 933 53
f_executeOn: 1496270097.901511 7 0 -2 18 0x7f87b0800e70 112 9
Etask: 1496270097.901636 7 9
task: 1496270097.927885 7 10 1 O 0 -5 26
Btask: 1496270097.928457 7 10
get: 1496270097.928951 7 3 10 0x7f87ab800400 0x7f981fc0f060 1 -1 16 1332 53
get: 1496270097.929133 7 3 10 0x7f87ab800420 0x7f981fc0f0c0 1 -1 16 1332 53
get: 1496270097.929234 7 3 10 0x7f87ab800048 0x7f987400e160 1 -1 8 492 26
get: 1496270097.929295 7 3 10 0x7f87ab800050 0x7f987400e158 1 -1 8 492 26
get: 1496270097.929354 7 3 10 0x7f87ab800450 0x7f981fc0f108 1 -1 16 1332 53
get: 1496270097.929413 7 3 10 0x7f87ab800410 0x7f981fc14000 1 -1 16 1332 53
get: 1496270097.929463 7 3 10 0x7f87ab800420 0x7f981fc0f0c0 1 -1 16 1332 53
get: 1496270097.929516 7 3 10 0x7f87ab800048 0x7f987400e160 1 -1 8 492 26
get: 1496270097.929618 7 3 10 0x7f87ab800050 0x7f987400e158 1 -1 8 492 26
get: 1496270097.929666 7 3 10 0x7f87ab800450 0x7f981fc0f108 1 -1 16 1332 53
get: 1496270097.929726 7 3 10 0x7f87ab800410 0x7f981fc14010 1 -1 16 1332 53
get: 1496270097.929786 7 3 10 0x7f87ab800420 0x7f981fc0f0c0 1 -1 16 1332 53
get: 1496270097.929881 7 3 10 0x7f87ab800048 0x7f987400e160 1 -1 8 492 26
get: 1496270097.929945 7 3 10 0x7f87ab800050 0x7f987400e158 1 -1 8 492 26
get: 1496270097.930031 7 3 10 0x7f87ab800450 0x7f981fc0f108 1 -1 16 1332 53
get: 1496270097.930085 7 3 10 0x7f87ab800410 0x7f981fc14020 1 -1 16 1332 53
get: 1496270097.930156 7 3 10 0x7f87ab800420 0x7f981fc0f0c0 1 -1 16 1332 53
get: 1496270097.930244 7 3 10 0x7f87ab800048 0x7f987400e160 1 -1 8 492 26
get: 1496270097.930292 7 3 10 0x7f87ab800050 0x7f987400e158 1 -1 8 492 26
get: 1496270097.930343 7 3 10 0x7f87ab800450 0x7f981fc0f108 1 -1 16 1332 53
get: 1496270097.930391 7 3 10 0x7f87ab800410 0x7f981fc14030 1 -1 16 1332 53
get: 1496270097.930446 7 3 10 0x7f87ab800420 0x7f981fc0f0c0 1 -1 16 1332 53
get: 1496270097.930558 7 3 10 0x7f87ab800048 0x7f987400e160 1 -1 8 492 26
get: 1496270097.930647 7 3 10 0x7f87ab800050 0x7f987400e158 1 -1 8 492 26
get: 1496270097.930759 7 3 10 0x7f87ab800450 0x7f981fc0f108 1 -1 16 1332 53
get: 1496270097.930872 7 3 10 0x7f87ab800410 0x7f981fc14040 1 -1 16 1332 53
get: 1496270097.930929 7 3 10 0x7f87ab800420 0x7f981fc0f0c0 1 -1 16 1332 53
get: 1496270097.930984 7 3 10 0x7f87ab800048 0x7f987400e160 1 -1 8 492 26
get: 1496270097.931031 7 3 10 0x7f87ab800050 0x7f987400e158 1 -1 8 492 26
get: 1496270097.931083 7 3 10 0x7f87ab800450 0x7f981fc0f108 1 -1 16 1332 53
get: 1496270097.931132 7 3 10 0x7f87ab800410 0x7f981fc14050 1 -1 16 1332 53
get: 1496270097.931181 7 3 10 0x7f87ab800420 0x7f981fc0f0c0 1 -1 16 1332 53
get: 1496270097.931234 7 3 10 0x7f87ab800048 0x7f987400e160 1 -1 8 492 26
get: 1496270097.931281 7 3 10 0x7f87ab800050 0x7f987400e158 1 -1 8 492 26
get: 1496270097.931333 7 3 10 0x7f87ab800450 0x7f981fc0f108 1 -1 16 1332 53
get: 1496270097.931382 7 3 10 0x7f87ab800410 0x7f981fc14060 1 -1 16 1332 53
get: 1496270097.931448 7 3 10 0x7f87ab800420 0x7f981fc0f0c0 1 -1 16 1332 53
get: 1496270097.931531 7 3 10 0x7f87ab800048 0x7f987400e160 1 -1 8 492 26
get: 1496270097.931579 7 3 10 0x7f87ab800050 0x7f987400e158 1 -1 8 492 26
get: 1496270097.931633 7 3 10 0x7f87ab800450 0x7f981fc0f108 1 -1 16 1332 53
get: 1496270097.931680 7 3 10 0x7f87ab800410 0x7f981fc14070 1 -1 16 1332 53
get: 1496270097.931729 7 3 10 0x7f87ab800420 0x7f981fc0f0c0 1 -1 16 1332 53
get: 1496270097.931776 7 3 10 0x7f87ab800048 0x7f987400e160 1 -1 8 492 26
get: 1496270097.931827 7 3 10 0x7f87ab800050 0x7f987400e158 1 -1 8 492 26
get: 1496270097.931876 7 3 10 0x7f87ab800450 0x7f981fc0f108 1 -1 16 1332 53
get: 1496270097.931933 7 3 10 0x7f87ab800410 0x7f981fc14080 1 -1 16 1332 53
get: 1496270097.931983 7 3 10 0x7f87ab800420 0x7f981fc0f0c0 1 -1 16 1332 53
get: 1496270097.932030 7 3 10 0x7f87ab800048 0x7f987400e160 1 -1 8 492 26
get: 1496270097.932096 7 3 10 0x7f87ab800050 0x7f987400e158 1 -1 8 492 26
get: 1496270097.932178 7 3 10 0x7f87ab800450 0x7f981fc0f108 1 -1 16 1332 53
get: 1496270097.932240 7 3 10 0x7f87ab800410 0x7f981fc14090 1 -1 16 1332 53
get: 1496270097.932284 7 3 10 0x7f87ab800420 0x7f981fc0f0c0 1 -1 16 1332 53
get: 1496270097.932335 7 3 10 0x7f87ab800048 0x7f987400e160 1 -1 8 492 26
get: 1496270097.932388 7 3 10 0x7f87ab800050 0x7f987400e158 1 -1 8 492 26
get: 1496270097.932453 7 3 10 0x7f87ab800450 0x7f981fc0f108 1 -1 16 1332 53
get: 1496270097.932546 7 3 10 0x7f87ab800410 0x7f981fc140a0 1 -1 16 1332 53
get: 1496270097.932616 7 3 10 0x7f87ab800420 0x7f981fc0f0c0 1 -1 16 1332 53
get: 1496270097.932702 7 3 10 0x7f87ab800048 0x7f987400e160 1 -1 8 492 26
get: 1496270097.932768 7 3 10 0x7f87ab800050 0x7f987400e158 1 -1 8 492 26
get: 1496270097.932856 7 3 10 0x7f87ab800450 0x7f981fc0f108 1 -1 16 1332 53
get: 1496270097.932904 7 3 10 0x7f87ab800410 0x7f981fc140b0 1 -1 16 1332 53
get: 1496270097.932952 7 3 10 0x7f87ab800420 0x7f981fc0f0c0 1 -1 16 1332 53
get: 1496270097.933001 7 3 10 0x7f87ab800048 0x7f987400e160 1 -1 8 492 26
get: 1496270097.933054 7 3 10 0x7f87ab800050 0x7f987400e158 1 -1 8 492 26
get: 1496270097.933103 7 3 10 0x7f87ab800450 0x7f981fc0f108 1 -1 16 1332 53
get: 1496270097.933237 7 3 10 0x7f87ab800410 0x7f981fc140c0 1 -1 16 1332 53
get: 1496270097.933321 7 3 10 0x7f87ab800420 0x7f981fc0f0c0 1 -1 16 1332 53
get: 1496270097.933448 7 3 10 0x7f87ab800048 0x7f987400e160 1 -1 8 492 26
get: 1496270097.933539 7 3 10 0x7f87ab800050 0x7f987400e158 1 -1 8 492 26
get: 1496270097.933611 7 3 10 0x7f87ab800450 0x7f981fc0f108 1 -1 16 1332 53
get: 1496270097.933710 7 3 10 0x7f87ab800410 0x7f981fc140d0 1 -1 16 1332 53
get: 1496270097.933768 7 3 10 0x7f87ab800420 0x7f981fc0f0c0 1 -1 16 1332 53
get: 1496270097.933820 7 3 10 0x7f87ab800048 0x7f987400e160 1 -1 8 492 26
get: 1496270097.933882 7 3 10 0x7f87ab800050 0x7f987400e158 1 -1 8 492 26
get: 1496270097.933970 7 3 10 0x7f87ab800450 0x7f981fc0f108 1 -1 16 1332 53
get: 1496270097.934020 7 3 10 0x7f87ab800410 0x7f981fc140e0 1 -1 16 1332 53
get: 1496270097.934067 7 3 10 0x7f87ab800420 0x7f981fc0f0c0 1 -1 16 1332 53
get: 1496270097.934115 7 3 10 0x7f87ab800048 0x7f987400e160 1 -1 8 492 26
get: 1496270097.934163 7 3 10 0x7f87ab800050 0x7f987400e158 1 -1 8 492 26
get: 1496270097.934214 7 3 10 0x7f87ab800450 0x7f981fc0f108 1 -1 16 1332 53
get: 1496270097.934285 7 3 10 0x7f87ab800410 0x7f981fc140f0 1 -1 16 1332 53
task: 1496270097.934397 7 11 10 L 215 28 25
task: 1496270097.934410 7 12 10 L 218 28 29
Btask: 1496270097.934439 7 12
Etask: 1496270097.934451 7 12
Btask: 1496270097.934451 7 11
fork: 1496270097.934465 7 15 -2 26 0x7f87ce800df0 168 11 
Etask: 1496270097.948940 7 11
Etask: 1496270097.949098 7 10
task: 1496270097.950536 7 13 1 O 0 -5 126
Btask: 1496270097.951064 7 13
get: 1496270097.951497 7 0 13 0x7f87a6800c60 0x7f55921114c0 1 -1 16 939 53
get: 1496270097.951704 7 0 13 0x7f87a6800c80 0x7f5592111520 1 -1 16 939 53
get: 1496270097.951901 7 0 13 0x7f87a6800b18 0x7f55921104e0 1 -1 8 492 26
get: 1496270097.952077 7 0 13 0x7f87a6800b20 0x7f55921104d8 1 -1 8 492 26
get: 1496270097.952159 7 0 13 0x7f87a6800cb0 0x7f5592111568 1 -1 16 939 53
get: 1496270097.952296 7 0 13 0x7f87a6800c70 0x7f5592051570 1 -1 16 939 53
get: 1496270097.952419 7 0 13 0x7f87a6800d20 0x7f55921114a8 1 -1 16 939 53
get: 1496270097.952599 7 0 13 0x7f87a68008c0 0x7f5592184348 1 -1 16 588 53
get: 1496270097.952737 7 0 13 0x7f87a68008e0 0x7f55921113e0 1 -1 16 588 53
get: 1496270097.952827 7 0 13 0x7f87a6800778 0x7f55921104e0 1 -1 8 492 26
get: 1496270097.952951 7 0 13 0x7f87a6800780 0x7f55921104d8 1 -1 8 492 26
get: 1496270097.953040 7 0 13 0x7f87a6800910 0x7f5592111428 1 -1 16 588 53
get: 1496270097.953093 7 0 13 0x7f87a68008d0 0x7f5592051470 1 -1 16 588 53
get: 1496270097.953141 7 0 13 0x7f87a6800790 0x7f55921114e0 1 -1 16 1609 28
get: 1496270097.953212 7 0 13 0x7f87a6800700 0x7f5592110558 1 -1 32 145 26
f_executeOn: 1496270097.953365 7 0 -2 18 0x7f87a6800e70 112 13
Etask: 1496270097.953525 7 13
task: 1496270097.981337 7 14 4 O 0 -5 42
Btask: 1496270097.981859 7 14
get: 1496270097.982292 7 3 14 0x7f87a1800720 0x7f981fc0f060 1 -1 16 1341 53
get: 1496270097.982405 7 3 14 0x7f87a1800740 0x7f981fc0f0c0 1 -1 16 1341 53
get: 1496270097.982514 7 3 14 0x7f87a18004a8 0x7f987400e160 1 -1 8 492 26
get: 1496270097.982608 7 3 14 0x7f87a18004b0 0x7f987400e158 1 -1 8 492 26
get: 1496270097.982769 7 3 14 0x7f87a1800770 0x7f981fc0f108 1 -1 16 1341 53
get: 1496270097.982874 7 3 14 0x7f87a1800730 0x7f981fc14000 1 -1 16 1341 53
get: 1496270097.982991 7 3 14 0x7f87a1800740 0x7f981fc0f0c0 1 -1 16 1341 53
get: 1496270097.983079 7 3 14 0x7f87a18004a8 0x7f987400e160 1 -1 8 492 26
get: 1496270097.983130 7 3 14 0x7f87a18004b0 0x7f987400e158 1 -1 8 492 26
get: 1496270097.983181 7 3 14 0x7f87a1800770 0x7f981fc0f108 1 -1 16 1341 53
get: 1496270097.983236 7 3 14 0x7f87a1800730 0x7f981fc14010 1 -1 16 1341 53
get: 1496270097.983344 7 3 14 0x7f87a1800740 0x7f981fc0f0c0 1 -1 16 1341 53
get: 1496270097.983427 7 3 14 0x7f87a18004a8 0x7f987400e160 1 -1 8 492 26
get: 1496270097.983471 7 3 14 0x7f87a18004b0 0x7f987400e158 1 -1 8 492 26
get: 1496270097.983539 7 3 14 0x7f87a1800770 0x7f981fc0f108 1 -1 16 1341 53
get: 1496270097.983631 7 3 14 0x7f87a1800730 0x7f981fc14020 1 -1 16 1341 53
get: 1496270097.983684 7 3 14 0x7f87a1800740 0x7f981fc0f0c0 1 -1 16 1341 53
get: 1496270097.983729 7 3 14 0x7f87a18004a8 0x7f987400e160 1 -1 8 492 26
get: 1496270097.983776 7 3 14 0x7f87a18004b0 0x7f987400e158 1 -1 8 492 26
get: 1496270097.983831 7 3 14 0x7f87a1800770 0x7f981fc0f108 1 -1 16 1341 53
get: 1496270097.983875 7 3 14 0x7f87a1800730 0x7f981fc14030 1 -1 16 1341 53
get: 1496270097.983930 7 3 14 0x7f87a1800740 0x7f981fc0f0c0 1 -1 16 1341 53
get: 1496270097.984018 7 3 14 0x7f87a18004a8 0x7f987400e160 1 -1 8 492 26
get: 1496270097.984101 7 3 14 0x7f87a18004b0 0x7f987400e158 1 -1 8 492 26
get: 1496270097.984154 7 3 14 0x7f87a1800770 0x7f981fc0f108 1 -1 16 1341 53
get: 1496270097.984219 7 3 14 0x7f87a1800730 0x7f981fc14040 1 -1 16 1341 53
get: 1496270097.984304 7 3 14 0x7f87a1800740 0x7f981fc0f0c0 1 -1 16 1341 53
get: 1496270097.984355 7 3 14 0x7f87a18004a8 0x7f987400e160 1 -1 8 492 26
get: 1496270097.984402 7 3 14 0x7f87a18004b0 0x7f987400e158 1 -1 8 492 26
get: 1496270097.984455 7 3 14 0x7f87a1800770 0x7f981fc0f108 1 -1 16 1341 53
get: 1496270097.984510 7 3 14 0x7f87a1800730 0x7f981fc14050 1 -1 16 1341 53
get: 1496270097.984567 7 3 14 0x7f87a1800740 0x7f981fc0f0c0 1 -1 16 1341 53
get: 1496270097.984616 7 3 14 0x7f87a18004a8 0x7f987400e160 1 -1 8 492 26
get: 1496270097.984662 7 3 14 0x7f87a18004b0 0x7f987400e158 1 -1 8 492 26
get: 1496270097.984728 7 3 14 0x7f87a1800770 0x7f981fc0f108 1 -1 16 1341 53
get: 1496270097.984809 7 3 14 0x7f87a1800730 0x7f981fc14060 1 -1 16 1341 53
get: 1496270097.984858 7 3 14 0x7f87a1800740 0x7f981fc0f0c0 1 -1 16 1341 53
get: 1496270097.984925 7 3 14 0x7f87a18004a8 0x7f987400e160 1 -1 8 492 26
get: 1496270097.985006 7 3 14 0x7f87a18004b0 0x7f987400e158 1 -1 8 492 26
get: 1496270097.985070 7 3 14 0x7f87a1800770 0x7f981fc0f108 1 -1 16 1341 53
get: 1496270097.985117 7 3 14 0x7f87a1800730 0x7f981fc14070 1 -1 16 1341 53
get: 1496270097.985168 7 3 14 0x7f87a1800740 0x7f981fc0f0c0 1 -1 16 1341 53
get: 1496270097.985212 7 3 14 0x7f87a18004a8 0x7f987400e160 1 -1 8 492 26
get: 1496270097.985263 7 3 14 0x7f87a18004b0 0x7f987400e158 1 -1 8 492 26
get: 1496270097.985317 7 3 14 0x7f87a1800770 0x7f981fc0f108 1 -1 16 1341 53
get: 1496270097.985365 7 3 14 0x7f87a1800730 0x7f981fc14080 1 -1 16 1341 53
get: 1496270097.985422 7 3 14 0x7f87a1800740 0x7f981fc0f0c0 1 -1 16 1341 53
get: 1496270097.985470 7 3 14 0x7f87a18004a8 0x7f987400e160 1 -1 8 492 26
get: 1496270097.985536 7 3 14 0x7f87a18004b0 0x7f987400e158 1 -1 8 492 26
get: 1496270097.985639 7 3 14 0x7f87a1800770 0x7f981fc0f108 1 -1 16 1341 53
get: 1496270097.985729 7 3 14 0x7f87a1800730 0x7f981fc14090 1 -1 16 1341 53
get: 1496270097.985811 7 3 14 0x7f87a1800740 0x7f981fc0f0c0 1 -1 16 1341 53
get: 1496270097.985859 7 3 14 0x7f87a18004a8 0x7f987400e160 1 -1 8 492 26
get: 1496270097.985938 7 3 14 0x7f87a18004b0 0x7f987400e158 1 -1 8 492 26
get: 1496270097.986020 7 3 14 0x7f87a1800770 0x7f981fc0f108 1 -1 16 1341 53
get: 1496270097.986069 7 3 14 0x7f87a1800730 0x7f981fc140a0 1 -1 16 1341 53
get: 1496270097.986122 7 3 14 0x7f87a1800740 0x7f981fc0f0c0 1 -1 16 1341 53
get: 1496270097.986182 7 3 14 0x7f87a18004a8 0x7f987400e160 1 -1 8 492 26
get: 1496270097.986229 7 3 14 0x7f87a18004b0 0x7f987400e158 1 -1 8 492 26
get: 1496270097.986275 7 3 14 0x7f87a1800770 0x7f981fc0f108 1 -1 16 1341 53
get: 1496270097.986325 7 3 14 0x7f87a1800730 0x7f981fc140b0 1 -1 16 1341 53
get: 1496270097.986382 7 3 14 0x7f87a1800740 0x7f981fc0f0c0 1 -1 16 1341 53
get: 1496270097.986428 7 3 14 0x7f87a18004a8 0x7f987400e160 1 -1 8 492 26
get: 1496270097.986480 7 3 14 0x7f87a18004b0 0x7f987400e158 1 -1 8 492 26
get: 1496270097.986525 7 3 14 0x7f87a1800770 0x7f981fc0f108 1 -1 16 1341 53
get: 1496270097.986574 7 3 14 0x7f87a1800730 0x7f981fc140c0 1 -1 16 1341 53
get: 1496270097.986622 7 3 14 0x7f87a1800740 0x7f981fc0f0c0 1 -1 16 1341 53
get: 1496270097.986724 7 3 14 0x7f87a18004a8 0x7f987400e160 1 -1 8 492 26
get: 1496270097.986784 7 3 14 0x7f87a18004b0 0x7f987400e158 1 -1 8 492 26
get: 1496270097.986830 7 3 14 0x7f87a1800770 0x7f981fc0f108 1 -1 16 1341 53
get: 1496270097.986879 7 3 14 0x7f87a1800730 0x7f981fc140d0 1 -1 16 1341 53
get: 1496270097.986932 7 3 14 0x7f87a1800740 0x7f981fc0f0c0 1 -1 16 1341 53
get: 1496270097.987005 7 3 14 0x7f87a18004a8 0x7f987400e160 1 -1 8 492 26
get: 1496270097.987094 7 3 14 0x7f87a18004b0 0x7f987400e158 1 -1 8 492 26
get: 1496270097.987140 7 3 14 0x7f87a1800770 0x7f981fc0f108 1 -1 16 1341 53
get: 1496270097.987188 7 3 14 0x7f87a1800730 0x7f981fc140e0 1 -1 16 1341 53
get: 1496270097.987241 7 3 14 0x7f87a1800740 0x7f981fc0f0c0 1 -1 16 1341 53
get: 1496270097.987293 7 3 14 0x7f87a18004a8 0x7f987400e160 1 -1 8 492 26
get: 1496270097.987342 7 3 14 0x7f87a18004b0 0x7f987400e158 1 -1 8 492 26
get: 1496270097.987395 7 3 14 0x7f87a1800770 0x7f981fc0f108 1 -1 16 1341 53
get: 1496270097.987441 7 3 14 0x7f87a1800730 0x7f981fc140f0 1 -1 16 1341 53
task: 1496270097.987527 7 15 14 L 271 28 41
task: 1496270097.987539 7 16 14 L 274 28 43
Btask: 1496270097.987589 7 15
Btask: 1496270097.987591 7 16
fork: 1496270097.987602 7 15 -2 42 0x7f87ce800df0 160 15 
Etask: 1496270097.987609 7 16
Etask: 1496270098.000882 7 15
Etask: 1496270098.000897 7 14
task: 1496270098.006482 7 17 4 O 0 -5 158
Btask: 1496270098.007026 7 17
VdbMark: 1496270098.007470 7 17
Tag: 1496270098.007492 0.808000 0.388000 7 17 1
Etask: 1496270098.007531 7 17
task: 1496270098.024133 7 18 1 O 0 -5 129
Btask: 1496270098.024258 7 18
get: 1496270098.024271 7 0 18 0x7f87ce800930 0x7f559201d4f8 1 -1 16 1002 53
get: 1496270098.024495 7 0 18 0x7f87ce800650 0x7f55921114c0 1 -1 16 753 53
get: 1496270098.024692 7 0 18 0x7f87ce800670 0x7f5592111520 1 -1 16 753 53
get: 1496270098.024786 7 0 18 0x7f87ce800528 0x7f55921104e0 1 -1 8 492 26
get: 1496270098.024893 7 0 18 0x7f87ce800530 0x7f55921104d8 1 -1 8 492 26
get: 1496270098.025053 7 0 18 0x7f87ce8006a0 0x7f5592111568 1 -1 16 753 53
get: 1496270098.025189 7 0 18 0x7f87ce800660 0x7f5592051570 1 -1 16 753 53
get: 1496270098.025290 7 0 18 0x7f87ce800970 0x7f559201d510 1 -1 16 1003 53
get: 1496270098.025436 7 0 18 0x7f87ce800980 0x7f55921115c0 1 -1 16 1003 53
get: 1496270098.025489 7 0 18 0x7f87ce800768 0x7f55921104e0 1 -1 8 492 26
get: 1496270098.025609 7 0 18 0x7f87ce800770 0x7f55921104d8 1 -1 8 492 26
get: 1496270098.025687 7 0 18 0x7f87ce8009b0 0x7f5592111608 1 -1 16 1003 53
put: 1496270098.025840 7 0 18 0x7f87ce800a50 0x7f5592051670 1 -1 16 1003 53
f_executeOn: 1496270098.026007 7 0 -2 18 0x7f87ce800e70 112 18
Etask: 1496270098.026193 7 18
task: 1496270098.042073 7 19 1 O 0 -5 28
Btask: 1496270098.042104 7 19
get: 1496270098.042137 7 3 19 0x7f87cf003330 0x7f9874c31040 1 -1 16 1354 53
get: 1496270098.042249 7 3 19 0x7f87cf003350 0x7f9874c38020 1 -1 16 1354 53
get: 1496270098.042321 7 3 19 0x7f87cf002f28 0x7f987400e160 1 -1 8 492 26
get: 1496270098.042375 7 3 19 0x7f87cf002f30 0x7f987400e158 1 -1 8 492 26
get: 1496270098.042434 7 3 19 0x7f87cf003380 0x7f9874c38068 1 -1 16 1354 53
get: 1496270098.042502 7 3 19 0x7f87cf003340 0x7f9874c3d000 1 -1 16 1354 53
get: 1496270098.042648 7 3 19 0x7f87cf003350 0x7f9874c38020 1 -1 16 1354 53
get: 1496270098.042782 7 3 19 0x7f87cf002f28 0x7f987400e160 1 -1 8 492 26
get: 1496270098.042871 7 3 19 0x7f87cf002f30 0x7f987400e158 1 -1 8 492 26
get: 1496270098.042963 7 3 19 0x7f87cf003380 0x7f9874c38068 1 -1 16 1354 53
get: 1496270098.043054 7 3 19 0x7f87cf003340 0x7f9874c3d010 1 -1 16 1354 53
get: 1496270098.043112 7 3 19 0x7f87cf003350 0x7f9874c38020 1 -1 16 1354 53
get: 1496270098.043179 7 3 19 0x7f87cf002f28 0x7f987400e160 1 -1 8 492 26
get: 1496270098.043266 7 3 19 0x7f87cf002f30 0x7f987400e158 1 -1 8 492 26
get: 1496270098.043346 7 3 19 0x7f87cf003380 0x7f9874c38068 1 -1 16 1354 53
get: 1496270098.043432 7 3 19 0x7f87cf003340 0x7f9874c3d020 1 -1 16 1354 53
get: 1496270098.043492 7 3 19 0x7f87cf003350 0x7f9874c38020 1 -1 16 1354 53
get: 1496270098.043583 7 3 19 0x7f87cf002f28 0x7f987400e160 1 -1 8 492 26
get: 1496270098.043632 7 3 19 0x7f87cf002f30 0x7f987400e158 1 -1 8 492 26
get: 1496270098.043682 7 3 19 0x7f87cf003380 0x7f9874c38068 1 -1 16 1354 53
get: 1496270098.043731 7 3 19 0x7f87cf003340 0x7f9874c3d030 1 -1 16 1354 53
get: 1496270098.043782 7 3 19 0x7f87cf003350 0x7f9874c38020 1 -1 16 1354 53
get: 1496270098.043836 7 3 19 0x7f87cf002f28 0x7f987400e160 1 -1 8 492 26
get: 1496270098.043886 7 3 19 0x7f87cf002f30 0x7f987400e158 1 -1 8 492 26
get: 1496270098.043949 7 3 19 0x7f87cf003380 0x7f9874c38068 1 -1 16 1354 53
get: 1496270098.044041 7 3 19 0x7f87cf003340 0x7f9874c3d040 1 -1 16 1354 53
get: 1496270098.044119 7 3 19 0x7f87cf003350 0x7f9874c38020 1 -1 16 1354 53
get: 1496270098.044218 7 3 19 0x7f87cf002f28 0x7f987400e160 1 -1 8 492 26
get: 1496270098.044312 7 3 19 0x7f87cf002f30 0x7f987400e158 1 -1 8 492 26
get: 1496270098.044369 7 3 19 0x7f87cf003380 0x7f9874c38068 1 -1 16 1354 53
get: 1496270098.044436 7 3 19 0x7f87cf003340 0x7f9874c3d050 1 -1 16 1354 53
get: 1496270098.044534 7 3 19 0x7f87cf003350 0x7f9874c38020 1 -1 16 1354 53
get: 1496270098.044587 7 3 19 0x7f87cf002f28 0x7f987400e160 1 -1 8 492 26
get: 1496270098.044638 7 3 19 0x7f87cf002f30 0x7f987400e158 1 -1 8 492 26
get: 1496270098.044689 7 3 19 0x7f87cf003380 0x7f9874c38068 1 -1 16 1354 53
get: 1496270098.044749 7 3 19 0x7f87cf003340 0x7f9874c3d060 1 -1 16 1354 53
get: 1496270098.044805 7 3 19 0x7f87cf003350 0x7f9874c38020 1 -1 16 1354 53
get: 1496270098.044856 7 3 19 0x7f87cf002f28 0x7f987400e160 1 -1 8 492 26
get: 1496270098.044907 7 3 19 0x7f87cf002f30 0x7f987400e158 1 -1 8 492 26
get: 1496270098.044956 7 3 19 0x7f87cf003380 0x7f9874c38068 1 -1 16 1354 53
get: 1496270098.045005 7 3 19 0x7f87cf003340 0x7f9874c3d070 1 -1 16 1354 53
get: 1496270098.045070 7 3 19 0x7f87cf003350 0x7f9874c38020 1 -1 16 1354 53
get: 1496270098.045192 7 3 19 0x7f87cf002f28 0x7f987400e160 1 -1 8 492 26
get: 1496270098.045280 7 3 19 0x7f87cf002f30 0x7f987400e158 1 -1 8 492 26
get: 1496270098.045336 7 3 19 0x7f87cf003380 0x7f9874c38068 1 -1 16 1354 53
get: 1496270098.045390 7 3 19 0x7f87cf003340 0x7f9874c3d080 1 -1 16 1354 53
get: 1496270098.045448 7 3 19 0x7f87cf003350 0x7f9874c38020 1 -1 16 1354 53
get: 1496270098.045499 7 3 19 0x7f87cf002f28 0x7f987400e160 1 -1 8 492 26
get: 1496270098.045549 7 3 19 0x7f87cf002f30 0x7f987400e158 1 -1 8 492 26
get: 1496270098.045598 7 3 19 0x7f87cf003380 0x7f9874c38068 1 -1 16 1354 53
get: 1496270098.045648 7 3 19 0x7f87cf003340 0x7f9874c3d090 1 -1 16 1354 53
get: 1496270098.045699 7 3 19 0x7f87cf003350 0x7f9874c38020 1 -1 16 1354 53
get: 1496270098.045758 7 3 19 0x7f87cf002f28 0x7f987400e160 1 -1 8 492 26
get: 1496270098.045836 7 3 19 0x7f87cf002f30 0x7f987400e158 1 -1 8 492 26
get: 1496270098.045919 7 3 19 0x7f87cf003380 0x7f9874c38068 1 -1 16 1354 53
get: 1496270098.045973 7 3 19 0x7f87cf003340 0x7f9874c3d0a0 1 -1 16 1354 53
get: 1496270098.046023 7 3 19 0x7f87cf003350 0x7f9874c38020 1 -1 16 1354 53
get: 1496270098.046070 7 3 19 0x7f87cf002f28 0x7f987400e160 1 -1 8 492 26
get: 1496270098.046122 7 3 19 0x7f87cf002f30 0x7f987400e158 1 -1 8 492 26
get: 1496270098.046171 7 3 19 0x7f87cf003380 0x7f9874c38068 1 -1 16 1354 53
get: 1496270098.046222 7 3 19 0x7f87cf003340 0x7f9874c3d0b0 1 -1 16 1354 53
get: 1496270098.046275 7 3 19 0x7f87cf003350 0x7f9874c38020 1 -1 16 1354 53
get: 1496270098.046327 7 3 19 0x7f87cf002f28 0x7f987400e160 1 -1 8 492 26
get: 1496270098.046381 7 3 19 0x7f87cf002f30 0x7f987400e158 1 -1 8 492 26
get: 1496270098.046432 7 3 19 0x7f87cf003380 0x7f9874c38068 1 -1 16 1354 53
get: 1496270098.046479 7 3 19 0x7f87cf003340 0x7f9874c3d0c0 1 -1 16 1354 53
get: 1496270098.046533 7 3 19 0x7f87cf003350 0x7f9874c38020 1 -1 16 1354 53
get: 1496270098.046583 7 3 19 0x7f87cf002f28 0x7f987400e160 1 -1 8 492 26
get: 1496270098.046635 7 3 19 0x7f87cf002f30 0x7f987400e158 1 -1 8 492 26
get: 1496270098.046699 7 3 19 0x7f87cf003380 0x7f9874c38068 1 -1 16 1354 53
get: 1496270098.046791 7 3 19 0x7f87cf003340 0x7f9874c3d0d0 1 -1 16 1354 53
get: 1496270098.046844 7 3 19 0x7f87cf003350 0x7f9874c38020 1 -1 16 1354 53
get: 1496270098.046910 7 3 19 0x7f87cf002f28 0x7f987400e160 1 -1 8 492 26
get: 1496270098.046998 7 3 19 0x7f87cf002f30 0x7f987400e158 1 -1 8 492 26
get: 1496270098.047057 7 3 19 0x7f87cf003380 0x7f9874c38068 1 -1 16 1354 53
get: 1496270098.047172 7 3 19 0x7f87cf003340 0x7f9874c3d0e0 1 -1 16 1354 53
get: 1496270098.047267 7 3 19 0x7f87cf003350 0x7f9874c38020 1 -1 16 1354 53
get: 1496270098.047322 7 3 19 0x7f87cf002f28 0x7f987400e160 1 -1 8 492 26
get: 1496270098.047373 7 3 19 0x7f87cf002f30 0x7f987400e158 1 -1 8 492 26
get: 1496270098.047427 7 3 19 0x7f87cf003380 0x7f9874c38068 1 -1 16 1354 53
get: 1496270098.047475 7 3 19 0x7f87cf003340 0x7f9874c3d0f0 1 -1 16 1354 53
task: 1496270098.047537 7 20 19 L 215 28 24
task: 1496270098.047546 7 21 19 L 218 28 31
Btask: 1496270098.047574 7 21
Etask: 1496270098.047580 7 21
Btask: 1496270098.047610 7 20
fork: 1496270098.047621 7 15 -2 28 0x7f87ce800e10 136 20 
Etask: 1496270098.065051 7 20
Etask: 1496270098.065065 7 19
task: 1496270098.065762 7 22 4 O 0 -5 129
Btask: 1496270098.065872 7 22
get: 1496270098.066300 7 0 22 0x7f87c9800930 0x7f559201d568 1 -1 16 1002 53
get: 1496270098.066478 7 0 22 0x7f87c9800650 0x7f55921114c0 1 -1 16 753 53
get: 1496270098.066622 7 0 22 0x7f87c9800670 0x7f5592111520 1 -1 16 753 53
get: 1496270098.066736 7 0 22 0x7f87c9800528 0x7f55921104e0 1 -1 8 492 26
get: 1496270098.066835 7 0 22 0x7f87c9800530 0x7f55921104d8 1 -1 8 492 26
get: 1496270098.066960 7 0 22 0x7f87c98006a0 0x7f5592111568 1 -1 16 753 53
get: 1496270098.067050 7 0 22 0x7f87c9800660 0x7f5592051570 1 -1 16 753 53
get: 1496270098.067125 7 0 22 0x7f87c9800970 0x7f559201d580 1 -1 16 1003 53
get: 1496270098.067219 7 0 22 0x7f87c9800980 0x7f5592111660 1 -1 16 1003 53
get: 1496270098.067309 7 0 22 0x7f87c9800768 0x7f55921104e0 1 -1 8 492 26
get: 1496270098.067370 7 0 22 0x7f87c9800770 0x7f55921104d8 1 -1 8 492 26
get: 1496270098.067506 7 0 22 0x7f87c98009b0 0x7f55921116a8 1 -1 16 1003 53
put: 1496270098.067637 7 0 22 0x7f87c9800a50 0x7f5592051770 1 -1 16 1003 53
f_executeOn: 1496270098.067771 7 0 -2 18 0x7f87c9800e70 112 22
Etask: 1496270098.067864 7 22
task: 1496270098.093412 7 23 1 O 0 -5 28
Btask: 1496270098.093543 7 23
get: 1496270098.093576 7 3 23 0x7f87c4800330 0x7f9874611040 1 -1 16 1354 53
get: 1496270098.093686 7 3 23 0x7f87c4800350 0x7f9874618020 1 -1 16 1354 53
get: 1496270098.093847 7 3 23 0x7f87c47fff28 0x7f987400e160 1 -1 8 492 26
get: 1496270098.094066 7 3 23 0x7f87c47fff30 0x7f987400e158 1 -1 8 492 26
get: 1496270098.094207 7 3 23 0x7f87c4800380 0x7f9874618068 1 -1 16 1354 53
get: 1496270098.094276 7 3 23 0x7f87c4800340 0x7f987461d000 1 -1 16 1354 53
get: 1496270098.094357 7 3 23 0x7f87c4800350 0x7f9874618020 1 -1 16 1354 53
get: 1496270098.094444 7 3 23 0x7f87c47fff28 0x7f987400e160 1 -1 8 492 26
get: 1496270098.094544 7 3 23 0x7f87c47fff30 0x7f987400e158 1 -1 8 492 26
get: 1496270098.094690 7 3 23 0x7f87c4800380 0x7f9874618068 1 -1 16 1354 53
get: 1496270098.094775 7 3 23 0x7f87c4800340 0x7f987461d010 1 -1 16 1354 53
get: 1496270098.094836 7 3 23 0x7f87c4800350 0x7f9874618020 1 -1 16 1354 53
get: 1496270098.094886 7 3 23 0x7f87c47fff28 0x7f987400e160 1 -1 8 492 26
get: 1496270098.094937 7 3 23 0x7f87c47fff30 0x7f987400e158 1 -1 8 492 26
get: 1496270098.094987 7 3 23 0x7f87c4800380 0x7f9874618068 1 -1 16 1354 53
get: 1496270098.095040 7 3 23 0x7f87c4800340 0x7f987461d020 1 -1 16 1354 53
get: 1496270098.095085 7 3 23 0x7f87c4800350 0x7f9874618020 1 -1 16 1354 53
get: 1496270098.095133 7 3 23 0x7f87c47fff28 0x7f987400e160 1 -1 8 492 26
get: 1496270098.095188 7 3 23 0x7f87c47fff30 0x7f987400e158 1 -1 8 492 26
get: 1496270098.095231 7 3 23 0x7f87c4800380 0x7f9874618068 1 -1 16 1354 53
get: 1496270098.095352 7 3 23 0x7f87c4800340 0x7f987461d030 1 -1 16 1354 53
get: 1496270098.095484 7 3 23 0x7f87c4800350 0x7f9874618020 1 -1 16 1354 53
get: 1496270098.095571 7 3 23 0x7f87c47fff28 0x7f987400e160 1 -1 8 492 26
get: 1496270098.095621 7 3 23 0x7f87c47fff30 0x7f987400e158 1 -1 8 492 26
get: 1496270098.095685 7 3 23 0x7f87c4800380 0x7f9874618068 1 -1 16 1354 53
get: 1496270098.095788 7 3 23 0x7f87c4800340 0x7f987461d040 1 -1 16 1354 53
get: 1496270098.095877 7 3 23 0x7f87c4800350 0x7f9874618020 1 -1 16 1354 53
get: 1496270098.095959 7 3 23 0x7f87c47fff28 0x7f987400e160 1 -1 8 492 26
get: 1496270098.096042 7 3 23 0x7f87c47fff30 0x7f987400e158 1 -1 8 492 26
get: 1496270098.096089 7 3 23 0x7f87c4800380 0x7f9874618068 1 -1 16 1354 53
get: 1496270098.096154 7 3 23 0x7f87c4800340 0x7f987461d050 1 -1 16 1354 53
get: 1496270098.096207 7 3 23 0x7f87c4800350 0x7f9874618020 1 -1 16 1354 53
get: 1496270098.096259 7 3 23 0x7f87c47fff28 0x7f987400e160 1 -1 8 492 26
get: 1496270098.096336 7 3 23 0x7f87c47fff30 0x7f987400e158 1 -1 8 492 26
get: 1496270098.096428 7 3 23 0x7f87c4800380 0x7f9874618068 1 -1 16 1354 53
get: 1496270098.096474 7 3 23 0x7f87c4800340 0x7f987461d060 1 -1 16 1354 53
get: 1496270098.096525 7 3 23 0x7f87c4800350 0x7f9874618020 1 -1 16 1354 53
get: 1496270098.096591 7 3 23 0x7f87c47fff28 0x7f987400e160 1 -1 8 492 26
get: 1496270098.096680 7 3 23 0x7f87c47fff30 0x7f987400e158 1 -1 8 492 26
get: 1496270098.096751 7 3 23 0x7f87c4800380 0x7f9874618068 1 -1 16 1354 53
get: 1496270098.096868 7 3 23 0x7f87c4800340 0x7f987461d070 1 -1 16 1354 53
get: 1496270098.096952 7 3 23 0x7f87c4800350 0x7f9874618020 1 -1 16 1354 53
get: 1496270098.097013 7 3 23 0x7f87c47fff28 0x7f987400e160 1 -1 8 492 26
get: 1496270098.097120 7 3 23 0x7f87c47fff30 0x7f987400e158 1 -1 8 492 26
get: 1496270098.097211 7 3 23 0x7f87c4800380 0x7f9874618068 1 -1 16 1354 53
get: 1496270098.097281 7 3 23 0x7f87c4800340 0x7f987461d080 1 -1 16 1354 53
get: 1496270098.097392 7 3 23 0x7f87c4800350 0x7f9874618020 1 -1 16 1354 53
get: 1496270098.097475 7 3 23 0x7f87c47fff28 0x7f987400e160 1 -1 8 492 26
get: 1496270098.097523 7 3 23 0x7f87c47fff30 0x7f987400e158 1 -1 8 492 26
get: 1496270098.097571 7 3 23 0x7f87c4800380 0x7f9874618068 1 -1 16 1354 53
get: 1496270098.097666 7 3 23 0x7f87c4800340 0x7f987461d090 1 -1 16 1354 53
get: 1496270098.097773 7 3 23 0x7f87c4800350 0x7f9874618020 1 -1 16 1354 53
get: 1496270098.097878 7 3 23 0x7f87c47fff28 0x7f987400e160 1 -1 8 492 26
get: 1496270098.097969 7 3 23 0x7f87c47fff30 0x7f987400e158 1 -1 8 492 26
get: 1496270098.098019 7 3 23 0x7f87c4800380 0x7f9874618068 1 -1 16 1354 53
get: 1496270098.098068 7 3 23 0x7f87c4800340 0x7f987461d0a0 1 -1 16 1354 53
get: 1496270098.098118 7 3 23 0x7f87c4800350 0x7f9874618020 1 -1 16 1354 53
get: 1496270098.098256 7 3 23 0x7f87c47fff28 0x7f987400e160 1 -1 8 492 26
get: 1496270098.098340 7 3 23 0x7f87c47fff30 0x7f987400e158 1 -1 8 492 26
get: 1496270098.098401 7 3 23 0x7f87c4800380 0x7f9874618068 1 -1 16 1354 53
get: 1496270098.098483 7 3 23 0x7f87c4800340 0x7f987461d0b0 1 -1 16 1354 53
get: 1496270098.098536 7 3 23 0x7f87c4800350 0x7f9874618020 1 -1 16 1354 53
get: 1496270098.098587 7 3 23 0x7f87c47fff28 0x7f987400e160 1 -1 8 492 26
get: 1496270098.098632 7 3 23 0x7f87c47fff30 0x7f987400e158 1 -1 8 492 26
get: 1496270098.098693 7 3 23 0x7f87c4800380 0x7f9874618068 1 -1 16 1354 53
get: 1496270098.098782 7 3 23 0x7f87c4800340 0x7f987461d0c0 1 -1 16 1354 53
get: 1496270098.098906 7 3 23 0x7f87c4800350 0x7f9874618020 1 -1 16 1354 53
get: 1496270098.098954 7 3 23 0x7f87c47fff28 0x7f987400e160 1 -1 8 492 26
get: 1496270098.099005 7 3 23 0x7f87c47fff30 0x7f987400e158 1 -1 8 492 26
get: 1496270098.099073 7 3 23 0x7f87c4800380 0x7f9874618068 1 -1 16 1354 53
get: 1496270098.099176 7 3 23 0x7f87c4800340 0x7f987461d0d0 1 -1 16 1354 53
get: 1496270098.099262 7 3 23 0x7f87c4800350 0x7f9874618020 1 -1 16 1354 53
get: 1496270098.099312 7 3 23 0x7f87c47fff28 0x7f987400e160 1 -1 8 492 26
get: 1496270098.099359 7 3 23 0x7f87c47fff30 0x7f987400e158 1 -1 8 492 26
get: 1496270098.099408 7 3 23 0x7f87c4800380 0x7f9874618068 1 -1 16 1354 53
get: 1496270098.099470 7 3 23 0x7f87c4800340 0x7f987461d0e0 1 -1 16 1354 53
get: 1496270098.099541 7 3 23 0x7f87c4800350 0x7f9874618020 1 -1 16 1354 53
get: 1496270098.099587 7 3 23 0x7f87c47fff28 0x7f987400e160 1 -1 8 492 26
get: 1496270098.099637 7 3 23 0x7f87c47fff30 0x7f987400e158 1 -1 8 492 26
get: 1496270098.099707 7 3 23 0x7f87c4800380 0x7f9874618068 1 -1 16 1354 53
get: 1496270098.099793 7 3 23 0x7f87c4800340 0x7f987461d0f0 1 -1 16 1354 53
task: 1496270098.099847 7 24 23 L 215 28 24
task: 1496270098.099855 7 25 23 L 218 28 31
Btask: 1496270098.099895 7 25
Btask: 1496270098.099904 7 24
Etask: 1496270098.099909 7 25
fork: 1496270098.099917 7 15 -2 28 0x7f87ce800e10 136 24 
Etask: 1496270098.112997 7 24
Etask: 1496270098.113011 7 23
task: 1496270098.113782 7 26 4 O 0 -5 129
Btask: 1496270098.113888 7 26
get: 1496270098.113901 7 0 26 0x7f87bf800930 0x7f559201d5d8 1 -1 16 1002 53
get: 1496270098.114048 7 0 26 0x7f87bf800650 0x7f55921114c0 1 -1 16 753 53
get: 1496270098.114209 7 0 26 0x7f87bf800670 0x7f5592111520 1 -1 16 753 53
get: 1496270098.114330 7 0 26 0x7f87bf800528 0x7f55921104e0 1 -1 8 492 26
get: 1496270098.114485 7 0 26 0x7f87bf800530 0x7f55921104d8 1 -1 8 492 26
get: 1496270098.114620 7 0 26 0x7f87bf8006a0 0x7f5592111568 1 -1 16 753 53
get: 1496270098.114725 7 0 26 0x7f87bf800660 0x7f5592051570 1 -1 16 753 53
get: 1496270098.114857 7 0 26 0x7f87bf800970 0x7f559201d5f0 1 -1 16 1003 53
get: 1496270098.114966 7 0 26 0x7f87bf800980 0x7f5592111700 1 -1 16 1003 53
get: 1496270098.115137 7 0 26 0x7f87bf800768 0x7f55921104e0 1 -1 8 492 26
get: 1496270098.115368 7 0 26 0x7f87bf800770 0x7f55921104d8 1 -1 8 492 26
get: 1496270098.115492 7 0 26 0x7f87bf8009b0 0x7f5592111748 1 -1 16 1003 53
put: 1496270098.115648 7 0 26 0x7f87bf800a50 0x7f5592051870 1 -1 16 1003 53
f_executeOn: 1496270098.115894 7 0 -2 18 0x7f87bf800e70 112 26
Etask: 1496270098.115998 7 26
task: 1496270098.143987 7 27 1 O 0 -5 28
Btask: 1496270098.144072 7 27
get: 1496270098.144096 7 3 27 0x7f87ba800330 0x7f9874213040 1 -1 16 1354 53
get: 1496270098.144234 7 3 27 0x7f87ba800350 0x7f987421a020 1 -1 16 1354 53
get: 1496270098.144328 7 3 27 0x7f87ba7fff28 0x7f987400e160 1 -1 8 492 26
get: 1496270098.144482 7 3 27 0x7f87ba7fff30 0x7f987400e158 1 -1 8 492 26
get: 1496270098.144871 7 3 27 0x7f87ba800380 0x7f987421a068 1 -1 16 1354 53
get: 1496270098.144988 7 3 27 0x7f87ba800340 0x7f987421f000 1 -1 16 1354 53
get: 1496270098.145088 7 3 27 0x7f87ba800350 0x7f987421a020 1 -1 16 1354 53
get: 1496270098.145134 7 3 27 0x7f87ba7fff28 0x7f987400e160 1 -1 8 492 26
get: 1496270098.145298 7 3 27 0x7f87ba7fff30 0x7f987400e158 1 -1 8 492 26
get: 1496270098.145509 7 3 27 0x7f87ba800380 0x7f987421a068 1 -1 16 1354 53
get: 1496270098.145601 7 3 27 0x7f87ba800340 0x7f987421f010 1 -1 16 1354 53
get: 1496270098.145647 7 3 27 0x7f87ba800350 0x7f987421a020 1 -1 16 1354 53
get: 1496270098.145773 7 3 27 0x7f87ba7fff28 0x7f987400e160 1 -1 8 492 26
get: 1496270098.146115 7 3 27 0x7f87ba7fff30 0x7f987400e158 1 -1 8 492 26
get: 1496270098.146393 7 3 27 0x7f87ba800380 0x7f987421a068 1 -1 16 1354 53
get: 1496270098.146486 7 3 27 0x7f87ba800340 0x7f987421f020 1 -1 16 1354 53
get: 1496270098.146605 7 3 27 0x7f87ba800350 0x7f987421a020 1 -1 16 1354 53
get: 1496270098.146756 7 3 27 0x7f87ba7fff28 0x7f987400e160 1 -1 8 492 26
get: 1496270098.146811 7 3 27 0x7f87ba7fff30 0x7f987400e158 1 -1 8 492 26
get: 1496270098.146951 7 3 27 0x7f87ba800380 0x7f987421a068 1 -1 16 1354 53
get: 1496270098.147041 7 3 27 0x7f87ba800340 0x7f987421f030 1 -1 16 1354 53
get: 1496270098.147097 7 3 27 0x7f87ba800350 0x7f987421a020 1 -1 16 1354 53
get: 1496270098.147142 7 3 27 0x7f87ba7fff28 0x7f987400e160 1 -1 8 492 26
get: 1496270098.147193 7 3 27 0x7f87ba7fff30 0x7f987400e158 1 -1 8 492 26
get: 1496270098.147241 7 3 27 0x7f87ba800380 0x7f987421a068 1 -1 16 1354 53
get: 1496270098.147322 7 3 27 0x7f87ba800340 0x7f987421f040 1 -1 16 1354 53
get: 1496270098.147564 7 3 27 0x7f87ba800350 0x7f987421a020 1 -1 16 1354 53
get: 1496270098.147752 7 3 27 0x7f87ba7fff28 0x7f987400e160 1 -1 8 492 26
get: 1496270098.147877 7 3 27 0x7f87ba7fff30 0x7f987400e158 1 -1 8 492 26
get: 1496270098.148070 7 3 27 0x7f87ba800380 0x7f987421a068 1 -1 16 1354 53
get: 1496270098.148332 7 3 27 0x7f87ba800340 0x7f987421f050 1 -1 16 1354 53
get: 1496270098.148424 7 3 27 0x7f87ba800350 0x7f987421a020 1 -1 16 1354 53
get: 1496270098.148470 7 3 27 0x7f87ba7fff28 0x7f987400e160 1 -1 8 492 26
get: 1496270098.148609 7 3 27 0x7f87ba7fff30 0x7f987400e158 1 -1 8 492 26
get: 1496270098.149032 7 3 27 0x7f87ba800380 0x7f987421a068 1 -1 16 1354 53
get: 1496270098.149121 7 3 27 0x7f87ba800340 0x7f987421f060 1 -1 16 1354 53
get: 1496270098.149253 7 3 27 0x7f87ba800350 0x7f987421a020 1 -1 16 1354 53
get: 1496270098.149383 7 3 27 0x7f87ba7fff28 0x7f987400e160 1 -1 8 492 26
get: 1496270098.149470 7 3 27 0x7f87ba7fff30 0x7f987400e158 1 -1 8 492 26
get: 1496270098.149517 7 3 27 0x7f87ba800380 0x7f987421a068 1 -1 16 1354 53
get: 1496270098.149566 7 3 27 0x7f87ba800340 0x7f987421f070 1 -1 16 1354 53
get: 1496270098.149908 7 3 27 0x7f87ba800350 0x7f987421a020 1 -1 16 1354 53
get: 1496270098.149995 7 3 27 0x7f87ba7fff28 0x7f987400e160 1 -1 8 492 26
get: 1496270098.150175 7 3 27 0x7f87ba7fff30 0x7f987400e158 1 -1 8 492 26
get: 1496270098.150411 7 3 27 0x7f87ba800380 0x7f987421a068 1 -1 16 1354 53
get: 1496270098.150502 7 3 27 0x7f87ba800340 0x7f987421f080 1 -1 16 1354 53
get: 1496270098.150552 7 3 27 0x7f87ba800350 0x7f987421a020 1 -1 16 1354 53
get: 1496270098.150757 7 3 27 0x7f87ba7fff28 0x7f987400e160 1 -1 8 492 26
get: 1496270098.150912 7 3 27 0x7f87ba7fff30 0x7f987400e158 1 -1 8 492 26
get: 1496270098.151002 7 3 27 0x7f87ba800380 0x7f987421a068 1 -1 16 1354 53
get: 1496270098.151162 7 3 27 0x7f87ba800340 0x7f987421f090 1 -1 16 1354 53
get: 1496270098.151625 7 3 27 0x7f87ba800350 0x7f987421a020 1 -1 16 1354 53
get: 1496270098.151713 7 3 27 0x7f87ba7fff28 0x7f987400e160 1 -1 8 492 26
get: 1496270098.151764 7 3 27 0x7f87ba7fff30 0x7f987400e158 1 -1 8 492 26
get: 1496270098.151817 7 3 27 0x7f87ba800380 0x7f987421a068 1 -1 16 1354 53
get: 1496270098.151863 7 3 27 0x7f87ba800340 0x7f987421f0a0 1 -1 16 1354 53
get: 1496270098.151912 7 3 27 0x7f87ba800350 0x7f987421a020 1 -1 16 1354 53
get: 1496270098.152145 7 3 27 0x7f87ba7fff28 0x7f987400e160 1 -1 8 492 26
get: 1496270098.152193 7 3 27 0x7f87ba7fff30 0x7f987400e158 1 -1 8 492 26
get: 1496270098.152251 7 3 27 0x7f87ba800380 0x7f987421a068 1 -1 16 1354 53
get: 1496270098.152320 7 3 27 0x7f87ba800340 0x7f987421f0b0 1 -1 16 1354 53
get: 1496270098.152505 7 3 27 0x7f87ba800350 0x7f987421a020 1 -1 16 1354 53
get: 1496270098.152596 7 3 27 0x7f87ba7fff28 0x7f987400e160 1 -1 8 492 26
get: 1496270098.152647 7 3 27 0x7f87ba7fff30 0x7f987400e158 1 -1 8 492 26
get: 1496270098.152721 7 3 27 0x7f87ba800380 0x7f987421a068 1 -1 16 1354 53
get: 1496270098.152801 7 3 27 0x7f87ba800340 0x7f987421f0c0 1 -1 16 1354 53
get: 1496270098.152851 7 3 27 0x7f87ba800350 0x7f987421a020 1 -1 16 1354 53
get: 1496270098.153043 7 3 27 0x7f87ba7fff28 0x7f987400e160 1 -1 8 492 26
get: 1496270098.153089 7 3 27 0x7f87ba7fff30 0x7f987400e158 1 -1 8 492 26
get: 1496270098.153137 7 3 27 0x7f87ba800380 0x7f987421a068 1 -1 16 1354 53
get: 1496270098.153184 7 3 27 0x7f87ba800340 0x7f987421f0d0 1 -1 16 1354 53
get: 1496270098.153247 7 3 27 0x7f87ba800350 0x7f987421a020 1 -1 16 1354 53
get: 1496270098.153350 7 3 27 0x7f87ba7fff28 0x7f987400e160 1 -1 8 492 26
get: 1496270098.153433 7 3 27 0x7f87ba7fff30 0x7f987400e158 1 -1 8 492 26
get: 1496270098.153576 7 3 27 0x7f87ba800380 0x7f987421a068 1 -1 16 1354 53
get: 1496270098.153766 7 3 27 0x7f87ba800340 0x7f987421f0e0 1 -1 16 1354 53
get: 1496270098.154217 7 3 27 0x7f87ba800350 0x7f987421a020 1 -1 16 1354 53
get: 1496270098.154317 7 3 27 0x7f87ba7fff28 0x7f987400e160 1 -1 8 492 26
get: 1496270098.154366 7 3 27 0x7f87ba7fff30 0x7f987400e158 1 -1 8 492 26
get: 1496270098.154415 7 3 27 0x7f87ba800380 0x7f987421a068 1 -1 16 1354 53
get: 1496270098.154463 7 3 27 0x7f87ba800340 0x7f987421f0f0 1 -1 16 1354 53
task: 1496270098.154524 7 28 27 L 215 28 24
task: 1496270098.154532 7 29 27 L 218 28 31
Btask: 1496270098.154546 7 28
fork: 1496270098.154559 7 15 -2 28 0x7f87ce800e10 136 28 
Btask: 1496270098.154558 7 29
Etask: 1496270098.154571 7 29
Etask: 1496270098.191379 7 28
Etask: 1496270098.191393 7 27
task: 1496270098.192194 7 30 4 O 0 -5 129
Btask: 1496270098.192352 7 30
get: 1496270098.192366 7 0 30 0x7f87b5800930 0x7f559201d648 1 -1 16 1002 53
get: 1496270098.192477 7 0 30 0x7f87b5800650 0x7f55921114c0 1 -1 16 753 53
get: 1496270098.192640 7 0 30 0x7f87b5800670 0x7f5592111520 1 -1 16 753 53
get: 1496270098.192804 7 0 30 0x7f87b5800528 0x7f55921104e0 1 -1 8 492 26
get: 1496270098.192937 7 0 30 0x7f87b5800530 0x7f55921104d8 1 -1 8 492 26
get: 1496270098.193070 7 0 30 0x7f87b58006a0 0x7f5592111568 1 -1 16 753 53
get: 1496270098.193231 7 0 30 0x7f87b5800660 0x7f5592051570 1 -1 16 753 53
get: 1496270098.193364 7 0 30 0x7f87b5800970 0x7f559201d660 1 -1 16 1003 53
get: 1496270098.193472 7 0 30 0x7f87b5800980 0x7f55921117a0 1 -1 16 1003 53
get: 1496270098.193640 7 0 30 0x7f87b5800768 0x7f55921104e0 1 -1 8 492 26
get: 1496270098.193755 7 0 30 0x7f87b5800770 0x7f55921104d8 1 -1 8 492 26
get: 1496270098.193889 7 0 30 0x7f87b58009b0 0x7f55921117e8 1 -1 16 1003 53
put: 1496270098.194057 7 0 30 0x7f87b5800a50 0x7f5592051970 1 -1 16 1003 53
f_executeOn: 1496270098.194195 7 0 -2 18 0x7f87b5800e70 112 30
Etask: 1496270098.194291 7 30
task: 1496270098.232644 7 31 4 O 0 -5 28
Btask: 1496270098.232776 7 31
get: 1496270098.232823 7 3 31 0x7f87b0800330 0x7f9824e13040 1 -1 16 1354 53
get: 1496270098.232997 7 3 31 0x7f87b0800350 0x7f9824e1a020 1 -1 16 1354 53
get: 1496270098.233113 7 3 31 0x7f87b07fff28 0x7f987400e160 1 -1 8 492 26
get: 1496270098.233235 7 3 31 0x7f87b07fff30 0x7f987400e158 1 -1 8 492 26
get: 1496270098.233423 7 3 31 0x7f87b0800380 0x7f9824e1a068 1 -1 16 1354 53
get: 1496270098.233529 7 3 31 0x7f87b0800340 0x7f9824e1f000 1 -1 16 1354 53
get: 1496270098.233662 7 3 31 0x7f87b0800350 0x7f9824e1a020 1 -1 16 1354 53
get: 1496270098.233719 7 3 31 0x7f87b07fff28 0x7f987400e160 1 -1 8 492 26
get: 1496270098.233767 7 3 31 0x7f87b07fff30 0x7f987400e158 1 -1 8 492 26
get: 1496270098.233816 7 3 31 0x7f87b0800380 0x7f9824e1a068 1 -1 16 1354 53
get: 1496270098.233876 7 3 31 0x7f87b0800340 0x7f9824e1f010 1 -1 16 1354 53
get: 1496270098.233924 7 3 31 0x7f87b0800350 0x7f9824e1a020 1 -1 16 1354 53
get: 1496270098.233969 7 3 31 0x7f87b07fff28 0x7f987400e160 1 -1 8 492 26
get: 1496270098.234019 7 3 31 0x7f87b07fff30 0x7f987400e158 1 -1 8 492 26
get: 1496270098.234094 7 3 31 0x7f87b0800380 0x7f9824e1a068 1 -1 16 1354 53
get: 1496270098.234175 7 3 31 0x7f87b0800340 0x7f9824e1f020 1 -1 16 1354 53
get: 1496270098.234281 7 3 31 0x7f87b0800350 0x7f9824e1a020 1 -1 16 1354 53
get: 1496270098.234361 7 3 31 0x7f87b07fff28 0x7f987400e160 1 -1 8 492 26
get: 1496270098.234411 7 3 31 0x7f87b07fff30 0x7f987400e158 1 -1 8 492 26
get: 1496270098.234460 7 3 31 0x7f87b0800380 0x7f9824e1a068 1 -1 16 1354 53
get: 1496270098.234514 7 3 31 0x7f87b0800340 0x7f9824e1f030 1 -1 16 1354 53
get: 1496270098.234564 7 3 31 0x7f87b0800350 0x7f9824e1a020 1 -1 16 1354 53
get: 1496270098.234611 7 3 31 0x7f87b07fff28 0x7f987400e160 1 -1 8 492 26
get: 1496270098.234660 7 3 31 0x7f87b07fff30 0x7f987400e158 1 -1 8 492 26
get: 1496270098.234713 7 3 31 0x7f87b0800380 0x7f9824e1a068 1 -1 16 1354 53
get: 1496270098.234760 7 3 31 0x7f87b0800340 0x7f9824e1f040 1 -1 16 1354 53
get: 1496270098.234819 7 3 31 0x7f87b0800350 0x7f9824e1a020 1 -1 16 1354 53
get: 1496270098.234864 7 3 31 0x7f87b07fff28 0x7f987400e160 1 -1 8 492 26
get: 1496270098.234926 7 3 31 0x7f87b07fff30 0x7f987400e158 1 -1 8 492 26
get: 1496270098.235015 7 3 31 0x7f87b0800380 0x7f9824e1a068 1 -1 16 1354 53
get: 1496270098.235063 7 3 31 0x7f87b0800340 0x7f9824e1f050 1 -1 16 1354 53
get: 1496270098.235123 7 3 31 0x7f87b0800350 0x7f9824e1a020 1 -1 16 1354 53
get: 1496270098.235214 7 3 31 0x7f87b07fff28 0x7f987400e160 1 -1 8 492 26
get: 1496270098.235261 7 3 31 0x7f87b07fff30 0x7f987400e158 1 -1 8 492 26
get: 1496270098.235310 7 3 31 0x7f87b0800380 0x7f9824e1a068 1 -1 16 1354 53
get: 1496270098.235359 7 3 31 0x7f87b0800340 0x7f9824e1f060 1 -1 16 1354 53
get: 1496270098.235436 7 3 31 0x7f87b0800350 0x7f9824e1a020 1 -1 16 1354 53
get: 1496270098.235518 7 3 31 0x7f87b07fff28 0x7f987400e160 1 -1 8 492 26
get: 1496270098.235593 7 3 31 0x7f87b07fff30 0x7f987400e158 1 -1 8 492 26
get: 1496270098.235672 7 3 31 0x7f87b0800380 0x7f9824e1a068 1 -1 16 1354 53
get: 1496270098.235724 7 3 31 0x7f87b0800340 0x7f9824e1f070 1 -1 16 1354 53
get: 1496270098.235796 7 3 31 0x7f87b0800350 0x7f9824e1a020 1 -1 16 1354 53
get: 1496270098.235881 7 3 31 0x7f87b07fff28 0x7f987400e160 1 -1 8 492 26
get: 1496270098.235929 7 3 31 0x7f87b07fff30 0x7f987400e158 1 -1 8 492 26
get: 1496270098.235978 7 3 31 0x7f87b0800380 0x7f9824e1a068 1 -1 16 1354 53
get: 1496270098.236030 7 3 31 0x7f87b0800340 0x7f9824e1f080 1 -1 16 1354 53
get: 1496270098.236077 7 3 31 0x7f87b0800350 0x7f9824e1a020 1 -1 16 1354 53
get: 1496270098.236124 7 3 31 0x7f87b07fff28 0x7f987400e160 1 -1 8 492 26
get: 1496270098.236174 7 3 31 0x7f87b07fff30 0x7f987400e158 1 -1 8 492 26
get: 1496270098.236222 7 3 31 0x7f87b0800380 0x7f9824e1a068 1 -1 16 1354 53
get: 1496270098.236294 7 3 31 0x7f87b0800340 0x7f9824e1f090 1 -1 16 1354 53
get: 1496270098.236376 7 3 31 0x7f87b0800350 0x7f9824e1a020 1 -1 16 1354 53
get: 1496270098.236422 7 3 31 0x7f87b07fff28 0x7f987400e160 1 -1 8 492 26
get: 1496270098.236474 7 3 31 0x7f87b07fff30 0x7f987400e158 1 -1 8 492 26
get: 1496270098.236524 7 3 31 0x7f87b0800380 0x7f9824e1a068 1 -1 16 1354 53
get: 1496270098.236577 7 3 31 0x7f87b0800340 0x7f9824e1f0a0 1 -1 16 1354 53
get: 1496270098.236623 7 3 31 0x7f87b0800350 0x7f9824e1a020 1 -1 16 1354 53
get: 1496270098.236701 7 3 31 0x7f87b07fff28 0x7f987400e160 1 -1 8 492 26
get: 1496270098.236785 7 3 31 0x7f87b07fff30 0x7f987400e158 1 -1 8 492 26
get: 1496270098.236884 7 3 31 0x7f87b0800380 0x7f9824e1a068 1 -1 16 1354 53
get: 1496270098.236947 7 3 31 0x7f87b0800340 0x7f9824e1f0b0 1 -1 16 1354 53
get: 1496270098.237039 7 3 31 0x7f87b0800350 0x7f9824e1a020 1 -1 16 1354 53
get: 1496270098.237085 7 3 31 0x7f87b07fff28 0x7f987400e160 1 -1 8 492 26
get: 1496270098.237138 7 3 31 0x7f87b07fff30 0x7f987400e158 1 -1 8 492 26
get: 1496270098.237194 7 3 31 0x7f87b0800380 0x7f9824e1a068 1 -1 16 1354 53
get: 1496270098.237244 7 3 31 0x7f87b0800340 0x7f9824e1f0c0 1 -1 16 1354 53
get: 1496270098.237291 7 3 31 0x7f87b0800350 0x7f9824e1a020 1 -1 16 1354 53
get: 1496270098.237338 7 3 31 0x7f87b07fff28 0x7f987400e160 1 -1 8 492 26
get: 1496270098.237395 7 3 31 0x7f87b07fff30 0x7f987400e158 1 -1 8 492 26
get: 1496270098.237453 7 3 31 0x7f87b0800380 0x7f9824e1a068 1 -1 16 1354 53
get: 1496270098.237504 7 3 31 0x7f87b0800340 0x7f9824e1f0d0 1 -1 16 1354 53
get: 1496270098.237614 7 3 31 0x7f87b0800350 0x7f9824e1a020 1 -1 16 1354 53
get: 1496270098.237682 7 3 31 0x7f87b07fff28 0x7f987400e160 1 -1 8 492 26
get: 1496270098.237766 7 3 31 0x7f87b07fff30 0x7f987400e158 1 -1 8 492 26
get: 1496270098.237818 7 3 31 0x7f87b0800380 0x7f9824e1a068 1 -1 16 1354 53
get: 1496270098.237863 7 3 31 0x7f87b0800340 0x7f9824e1f0e0 1 -1 16 1354 53
get: 1496270098.237928 7 3 31 0x7f87b0800350 0x7f9824e1a020 1 -1 16 1354 53
get: 1496270098.238015 7 3 31 0x7f87b07fff28 0x7f987400e160 1 -1 8 492 26
get: 1496270098.238062 7 3 31 0x7f87b07fff30 0x7f987400e158 1 -1 8 492 26
get: 1496270098.238115 7 3 31 0x7f87b0800380 0x7f9824e1a068 1 -1 16 1354 53
get: 1496270098.238174 7 3 31 0x7f87b0800340 0x7f9824e1f0f0 1 -1 16 1354 53
task: 1496270098.238235 7 32 31 L 215 28 24
task: 1496270098.238243 7 33 31 L 218 28 31
Btask: 1496270098.238275 7 33
Btask: 1496270098.238286 7 32
Etask: 1496270098.238290 7 33
fork: 1496270098.238298 7 15 -2 28 0x7f87ce800e10 136 32 
Etask: 1496270098.273036 7 32
Etask: 1496270098.273060 7 31
task: 1496270098.450998 7 34 4 O 0 -5 129
Btask: 1496270098.451147 7 34
get: 1496270098.451164 7 0 34 0x7f87ab800930 0x7f559201d6b8 1 -1 16 1002 53
get: 1496270098.451427 7 0 34 0x7f87ab800650 0x7f55921114c0 1 -1 16 753 53
get: 1496270098.451665 7 0 34 0x7f87ab800670 0x7f5592111520 1 -1 16 753 53
get: 1496270098.451778 7 0 34 0x7f87ab800528 0x7f55921104e0 1 -1 8 492 26
get: 1496270098.452020 7 0 34 0x7f87ab800530 0x7f55921104d8 1 -1 8 492 26
get: 1496270098.452153 7 0 34 0x7f87ab8006a0 0x7f5592111568 1 -1 16 753 53
get: 1496270098.452314 7 0 34 0x7f87ab800660 0x7f5592051570 1 -1 16 753 53
get: 1496270098.452449 7 0 34 0x7f87ab800970 0x7f559201d6d0 1 -1 16 1003 53
get: 1496270098.452578 7 0 34 0x7f87ab800980 0x7f5592111840 1 -1 16 1003 53
get: 1496270098.452671 7 0 34 0x7f87ab800768 0x7f55921104e0 1 -1 8 492 26
get: 1496270098.452723 7 0 34 0x7f87ab800770 0x7f55921104d8 1 -1 8 492 26
get: 1496270098.452836 7 0 34 0x7f87ab8009b0 0x7f5592111888 1 -1 16 1003 53
put: 1496270098.452956 7 0 34 0x7f87ab800a50 0x7f5592051a70 1 -1 16 1003 53
f_executeOn: 1496270098.453091 7 0 -2 18 0x7f87ab800e70 112 34
Etask: 1496270098.453211 7 34
task: 1496270098.466478 7 35 4 O 0 -5 28
Btask: 1496270098.466577 7 35
get: 1496270098.466623 7 3 35 0x7f87a6800330 0x7f981aa10040 1 -1 16 1354 53
get: 1496270098.466720 7 3 35 0x7f87a6800350 0x7f981aa17020 1 -1 16 1354 53
get: 1496270098.466807 7 3 35 0x7f87a67fff28 0x7f987400e160 1 -1 8 492 26
get: 1496270098.466885 7 3 35 0x7f87a67fff30 0x7f987400e158 1 -1 8 492 26
get: 1496270098.467026 7 3 35 0x7f87a6800380 0x7f981aa17068 1 -1 16 1354 53
get: 1496270098.467112 7 3 35 0x7f87a6800340 0x7f981aa1c000 1 -1 16 1354 53
get: 1496270098.467230 7 3 35 0x7f87a6800350 0x7f981aa17020 1 -1 16 1354 53
get: 1496270098.467326 7 3 35 0x7f87a67fff28 0x7f987400e160 1 -1 8 492 26
get: 1496270098.467474 7 3 35 0x7f87a67fff30 0x7f987400e158 1 -1 8 492 26
get: 1496270098.467566 7 3 35 0x7f87a6800380 0x7f981aa17068 1 -1 16 1354 53
get: 1496270098.467620 7 3 35 0x7f87a6800340 0x7f981aa1c010 1 -1 16 1354 53
get: 1496270098.467680 7 3 35 0x7f87a6800350 0x7f981aa17020 1 -1 16 1354 53
get: 1496270098.467784 7 3 35 0x7f87a67fff28 0x7f987400e160 1 -1 8 492 26
get: 1496270098.467852 7 3 35 0x7f87a67fff30 0x7f987400e158 1 -1 8 492 26
get: 1496270098.467941 7 3 35 0x7f87a6800380 0x7f981aa17068 1 -1 16 1354 53
get: 1496270098.468000 7 3 35 0x7f87a6800340 0x7f981aa1c020 1 -1 16 1354 53
get: 1496270098.468049 7 3 35 0x7f87a6800350 0x7f981aa17020 1 -1 16 1354 53
get: 1496270098.468096 7 3 35 0x7f87a67fff28 0x7f987400e160 1 -1 8 492 26
get: 1496270098.468156 7 3 35 0x7f87a67fff30 0x7f987400e158 1 -1 8 492 26
get: 1496270098.468209 7 3 35 0x7f87a6800380 0x7f981aa17068 1 -1 16 1354 53
get: 1496270098.468302 7 3 35 0x7f87a6800340 0x7f981aa1c030 1 -1 16 1354 53
get: 1496270098.468354 7 3 35 0x7f87a6800350 0x7f981aa17020 1 -1 16 1354 53
get: 1496270098.468400 7 3 35 0x7f87a67fff28 0x7f987400e160 1 -1 8 492 26
get: 1496270098.468450 7 3 35 0x7f87a67fff30 0x7f987400e158 1 -1 8 492 26
get: 1496270098.468514 7 3 35 0x7f87a6800380 0x7f981aa17068 1 -1 16 1354 53
get: 1496270098.468560 7 3 35 0x7f87a6800340 0x7f981aa1c040 1 -1 16 1354 53
get: 1496270098.468619 7 3 35 0x7f87a6800350 0x7f981aa17020 1 -1 16 1354 53
get: 1496270098.468732 7 3 35 0x7f87a67fff28 0x7f987400e160 1 -1 8 492 26
get: 1496270098.468782 7 3 35 0x7f87a67fff30 0x7f987400e158 1 -1 8 492 26
get: 1496270098.468827 7 3 35 0x7f87a6800380 0x7f981aa17068 1 -1 16 1354 53
get: 1496270098.468875 7 3 35 0x7f87a6800340 0x7f981aa1c050 1 -1 16 1354 53
get: 1496270098.468929 7 3 35 0x7f87a6800350 0x7f981aa17020 1 -1 16 1354 53
get: 1496270098.468975 7 3 35 0x7f87a67fff28 0x7f987400e160 1 -1 8 492 26
get: 1496270098.469025 7 3 35 0x7f87a67fff30 0x7f987400e158 1 -1 8 492 26
get: 1496270098.469073 7 3 35 0x7f87a6800380 0x7f981aa17068 1 -1 16 1354 53
get: 1496270098.469148 7 3 35 0x7f87a6800340 0x7f981aa1c060 1 -1 16 1354 53
get: 1496270098.469236 7 3 35 0x7f87a6800350 0x7f981aa17020 1 -1 16 1354 53
get: 1496270098.469331 7 3 35 0x7f87a67fff28 0x7f987400e160 1 -1 8 492 26
get: 1496270098.469390 7 3 35 0x7f87a67fff30 0x7f987400e158 1 -1 8 492 26
get: 1496270098.469435 7 3 35 0x7f87a6800380 0x7f981aa17068 1 -1 16 1354 53
get: 1496270098.469483 7 3 35 0x7f87a6800340 0x7f981aa1c070 1 -1 16 1354 53
get: 1496270098.469535 7 3 35 0x7f87a6800350 0x7f981aa17020 1 -1 16 1354 53
get: 1496270098.469583 7 3 35 0x7f87a67fff28 0x7f987400e160 1 -1 8 492 26
get: 1496270098.469635 7 3 35 0x7f87a67fff30 0x7f987400e158 1 -1 8 492 26
get: 1496270098.469692 7 3 35 0x7f87a6800380 0x7f981aa17068 1 -1 16 1354 53
get: 1496270098.469748 7 3 35 0x7f87a6800340 0x7f981aa1c080 1 -1 16 1354 53
get: 1496270098.469804 7 3 35 0x7f87a6800350 0x7f981aa17020 1 -1 16 1354 53
get: 1496270098.469874 7 3 35 0x7f87a67fff28 0x7f987400e160 1 -1 8 492 26
get: 1496270098.469956 7 3 35 0x7f87a67fff30 0x7f987400e158 1 -1 8 492 26
get: 1496270098.470004 7 3 35 0x7f87a6800380 0x7f981aa17068 1 -1 16 1354 53
get: 1496270098.470052 7 3 35 0x7f87a6800340 0x7f981aa1c090 1 -1 16 1354 53
get: 1496270098.470104 7 3 35 0x7f87a6800350 0x7f981aa17020 1 -1 16 1354 53
get: 1496270098.470152 7 3 35 0x7f87a67fff28 0x7f987400e160 1 -1 8 492 26
get: 1496270098.470201 7 3 35 0x7f87a67fff30 0x7f987400e158 1 -1 8 492 26
get: 1496270098.470252 7 3 35 0x7f87a6800380 0x7f981aa17068 1 -1 16 1354 53
get: 1496270098.470324 7 3 35 0x7f87a6800340 0x7f981aa1c0a0 1 -1 16 1354 53
get: 1496270098.470409 7 3 35 0x7f87a6800350 0x7f981aa17020 1 -1 16 1354 53
get: 1496270098.470464 7 3 35 0x7f87a67fff28 0x7f987400e160 1 -1 8 492 26
get: 1496270098.470522 7 3 35 0x7f87a67fff30 0x7f987400e158 1 -1 8 492 26
get: 1496270098.470618 7 3 35 0x7f87a6800380 0x7f981aa17068 1 -1 16 1354 53
get: 1496270098.470670 7 3 35 0x7f87a6800340 0x7f981aa1c0b0 1 -1 16 1354 53
get: 1496270098.470724 7 3 35 0x7f87a6800350 0x7f981aa17020 1 -1 16 1354 53
get: 1496270098.470788 7 3 35 0x7f87a67fff28 0x7f987400e160 1 -1 8 492 26
get: 1496270098.470869 7 3 35 0x7f87a67fff30 0x7f987400e158 1 -1 8 492 26
get: 1496270098.470919 7 3 35 0x7f87a6800380 0x7f981aa17068 1 -1 16 1354 53
get: 1496270098.470969 7 3 35 0x7f87a6800340 0x7f981aa1c0c0 1 -1 16 1354 53
get: 1496270098.471019 7 3 35 0x7f87a6800350 0x7f981aa17020 1 -1 16 1354 53
get: 1496270098.471073 7 3 35 0x7f87a67fff28 0x7f987400e160 1 -1 8 492 26
get: 1496270098.471121 7 3 35 0x7f87a67fff30 0x7f987400e158 1 -1 8 492 26
get: 1496270098.471170 7 3 35 0x7f87a6800380 0x7f981aa17068 1 -1 16 1354 53
get: 1496270098.471230 7 3 35 0x7f87a6800340 0x7f981aa1c0d0 1 -1 16 1354 53
get: 1496270098.471275 7 3 35 0x7f87a6800350 0x7f981aa17020 1 -1 16 1354 53
get: 1496270098.471353 7 3 35 0x7f87a67fff28 0x7f987400e160 1 -1 8 492 26
get: 1496270098.471399 7 3 35 0x7f87a67fff30 0x7f987400e158 1 -1 8 492 26
get: 1496270098.471455 7 3 35 0x7f87a6800380 0x7f981aa17068 1 -1 16 1354 53
get: 1496270098.471506 7 3 35 0x7f87a6800340 0x7f981aa1c0e0 1 -1 16 1354 53
get: 1496270098.471551 7 3 35 0x7f87a6800350 0x7f981aa17020 1 -1 16 1354 53
get: 1496270098.471598 7 3 35 0x7f87a67fff28 0x7f987400e160 1 -1 8 492 26
get: 1496270098.471649 7 3 35 0x7f87a67fff30 0x7f987400e158 1 -1 8 492 26
get: 1496270098.471697 7 3 35 0x7f87a6800380 0x7f981aa17068 1 -1 16 1354 53
get: 1496270098.471748 7 3 35 0x7f87a6800340 0x7f981aa1c0f0 1 -1 16 1354 53
task: 1496270098.471824 7 36 35 L 215 28 24
task: 1496270098.471834 7 37 35 L 218 28 31
Btask: 1496270098.471876 7 37
Btask: 1496270098.471886 7 36
Etask: 1496270098.471891 7 37
fork: 1496270098.471898 7 15 -2 28 0x7f87ce800e10 136 36 
Etask: 1496270098.492914 7 36
Etask: 1496270098.492940 7 35
task: 1496270098.519754 7 38 1 O 0 -5 158
Btask: 1496270098.519905 7 38
VdbMark: 1496270098.519943 7 38
Tag: 1496270098.519960 1.620000 0.864000 7 38 2
Etask: 1496270098.520063 7 38
task: 1496270098.527303 7 39 4 O 0 -5 164
Btask: 1496270098.527423 7 39
f_executeOn: 1496270098.527491 7 0 -2 18 0x7f879c800e20 112 39
Etask: 1496270098.527659 7 39
task: 1496270098.534940 7 40 1 O 0 -5 158
Btask: 1496270098.535001 7 40
VdbMark: 1496270098.535013 7 40
Tag: 1496270098.535032 1.644000 0.876000 7 40 3
Etask: 1496270098.535061 7 40
task: 1496270098.579311 7 41 1 O 0 -5 158
Btask: 1496270098.579441 7 41
VdbMark: 1496270098.579457 7 41
Tag: 1496270098.579468 1.684000 0.924000 7 41 4
Etask: 1496270098.579510 7 41
task: 1496270098.587466 7 42 1 O 0 -5 160
Btask: 1496270098.587497 7 42
get: 1496270098.587508 7 3 42 0x7f87c9800a80 0x7f987481f020 1 -1 8 31 51
get: 1496270098.587659 7 3 42 0x7f87c9800a90 0x7f987481f028 1 -1 16 31 51
get: 1496270098.587745 7 1 42 0x7f87c98009c0 0x7f51dac1d020 1 -1 8 31 51
get: 1496270098.587937 7 1 42 0x7f87c98009d0 0x7f51dac1d028 1 -1 16 31 51
task: 1496270098.588173 7 43 42 L 30 51 159
task: 1496270098.588181 7 44 42 L 32 51 161
Btask: 1496270098.588230 7 43
Btask: 1496270098.588239 7 44
fork: 1496270098.588244 7 15 -2 160 0x7f87ce800e60 104 43 
Etask: 1496270098.588251 7 44
Etask: 1496270098.593008 7 43
Etask: 1496270098.593023 7 42
task: 1496270098.594829 7 45 1 O 0 -5 158
Btask: 1496270098.594862 7 45
VdbMark: 1496270098.594866 7 45
Tag: 1496270098.594872 1.712000 0.944000 7 45 5
Etask: 1496270098.594917 7 45
task: 1496270098.605426 7 46 4 O 0 -5 158
Btask: 1496270098.605556 7 46
VdbMark: 1496270098.605567 7 46
Tag: 1496270098.605575 1.728000 0.952000 7 46 6
Etask: 1496270098.605612 7 46
task: 1496270098.609813 7 47 4 O 0 -5 166
Btask: 1496270098.609863 7 47
task: 1496270098.609891 7 48 47 L 76 51 165
task: 1496270098.609898 7 49 47 L 78 51 167
task: 1496270098.609904 7 50 47 L 80 51 169
Btask: 1496270098.609915 7 49
Etask: 1496270098.609921 7 49
Btask: 1496270098.609941 7 48
fork: 1496270098.609966 7 15 -2 166 0x7f87c9800e90 72 48 
Btask: 1496270098.609971 7 50
Etask: 1496270098.609986 7 50
Etask: 1496270098.620985 7 48
Etask: 1496270098.621005 7 47
task: 1496270098.621966 7 51 1 O 0 -5 158
Btask: 1496270098.622017 7 51
VdbMark: 1496270098.622032 7 51
Tag: 1496270098.622053 1.780000 0.956000 7 51 7
Etask: 1496270098.622097 7 51
task: 1496270098.676805 7 52 4 O 0 -5 158
Btask: 1496270098.676870 7 52
VdbMark: 1496270098.676880 7 52
Tag: 1496270098.676897 1.868000 0.984000 7 52 8
Etask: 1496270098.676929 7 52
task: 1496270098.679987 7 53 4 O 0 -5 171
Btask: 1496270098.680024 7 53
Etask: 1496270098.680090 7 53
task: 1496270098.687010 7 54 4 O 0 -5 158
Btask: 1496270098.687154 7 54
VdbMark: 1496270098.687167 7 54
Tag: 1496270098.687176 1.888000 0.988000 7 54 9
Etask: 1496270098.687204 7 54
task: 1496270098.723536 7 55 4 O 0 -5 158
Btask: 1496270098.723602 7 55
VdbMark: 1496270098.723619 7 55
Pause: 1496270098.723636 1.916000 1.036000 7 55 9
VdbMark: 1496270098.726202 7 56
Tag: 1496270098.726220 1.920000 1.040000 7 56 10
Etask: 1496270098.726246 7 56
task: 1496270098.754681 7 57 1 O 0 -5 172
Btask: 1496270098.754730 7 57
get: 1496270098.754742 7 6 57 0x7f87ce800e80 0x7f52cb003a98 1 -1 8 157 51
get: 1496270098.754863 7 6 57 0x7f87ce800e88 0x7f52cb003a98 1 -1 8 157 51
get: 1496270098.754996 7 6 57 0x7f87ce800930 0x7f530c23f000 1 -1 8 157 51
get: 1496270098.755129 7 6 57 0x7f87ce800940 0x7f530c23f008 1 -1 16 157 51
get: 1496270098.755248 7 4 57 0x7f87ce800870 0x7f8977219180 1 -1 8 157 51
get: 1496270098.755439 7 4 57 0x7f87ce800880 0x7f8977219188 1 -1 16 157 51
Etask: 1496270098.755631 7 57
task: 1496270098.760082 7 58 1 O 0 -5 158
Btask: 1496270098.760117 7 58
VdbMark: 1496270098.760121 7 58
Tag: 1496270098.760128 1.964000 1.068000 7 58 11
Etask: 1496270098.760166 7 58
task: 1496270098.787105 7 59 4 O 0 -5 158
Btask: 1496270098.787147 7 59
VdbMark: 1496270098.787153 7 59
Pause: 1496270098.787161 2.004000 1.084000 7 59 11
VdbMark: 1496270098.788080 7 60
Tag: 1496270098.788090 2.004000 1.084000 7 60 12
Etask: 1496270098.788112 7 60
task: 1496270098.794457 7 61 4 O 0 -5 174
Btask: 1496270098.794519 7 61
get: 1496270098.794533 7 6 61 0x7f87bf800a90 0x7f530160f000 1 -1 8 204 51
get: 1496270098.794719 7 6 61 0x7f87bf800aa0 0x7f530160f008 1 -1 16 204 51
get: 1496270098.795029 7 4 61 0x7f87bf8009d0 0x7f8930c0f000 1 -1 8 204 51
get: 1496270098.795222 7 4 61 0x7f87bf8009e0 0x7f8930c0f008 1 -1 16 204 51
Etask: 1496270098.795410 7 61
task: 1496270098.806520 7 62 1 O 0 -5 158
Btask: 1496270098.806571 7 62
VdbMark: 1496270098.806587 7 62
End: 1496270098.806595 2.040000 1.092000 7 62
