ChplVdebug: ver 1.2 nodes 16 nid 6 tid 2 seq 56097699490.000 1496270097.704488 0.328000 0.144000 
Etask: 1496270097.705698 6 2
task: 1496270097.728471 6 3 4 O 0 -5 158
Btask: 1496270097.728992 6 3
VdbMark: 1496270097.729407 6 3
task: 1496270097.729416 6 5 3 L 98 52 157
Btask: 1496270097.729472 6 5
fork: 1496270097.729907 6 7 -2 158 0x7f52ca800dd0 168 5 
Etask: 1496270097.731173 6 5
Tag: 1496270097.731175 0.364000 0.168000 6 3 0
Etask: 1496270097.731207 6 3
task: 1496270097.751754 6 6 1 O 0 -5 123
Btask: 1496270097.752293 6 6
get: 1496270097.752737 6 0 6 0x7f52b1800c50 0x7f5592184348 1 -1 16 451 53
get: 1496270097.752932 6 0 6 0x7f52b1800c60 0x7f55921113e0 1 -1 16 451 53
get: 1496270097.753048 6 0 6 0x7f52b1800b08 0x7f55921104e0 1 -1 8 492 26
get: 1496270097.753255 6 0 6 0x7f52b1800b10 0x7f55921104d8 1 -1 8 492 26
get: 1496270097.753420 6 0 6 0x7f52b1800c90 0x7f5592111428 1 -1 16 451 53
put: 1496270097.753577 6 0 6 0x7f52b1800cb0 0x7f5592051460 1 -1 16 451 53
f_executeOn: 1496270097.753717 6 0 -2 18 0x7f52b1800df0 112 6
Etask: 1496270097.753891 6 6
task: 1496270097.771353 6 7 4 O 0 -5 33
Btask: 1496270097.771894 6 7
get: 1496270097.772411 6 2 7 0x7f52ac7fff30 0x7fc9cb40f0a8 1 -1 16 1295 53
get: 1496270097.772657 6 2 7 0x7f52ac7ffe30 0x7fc9cb40f088 1 -1 16 1294 53
get: 1496270097.772900 6 2 7 0x7f52ac7ffe50 0x7fc9cb417020 1 -1 16 1294 53
get: 1496270097.773024 6 2 7 0x7f52ac7ff9a8 0x7fc9cb40e160 1 -1 8 492 26
get: 1496270097.773177 6 2 7 0x7f52ac7ff9b0 0x7fc9cb40e158 1 -1 8 492 26
get: 1496270097.773424 6 2 7 0x7f52ac7ffe80 0x7fc9cb417068 1 -1 16 1294 53
get: 1496270097.773570 6 2 7 0x7f52ac7ffe40 0x7fc9cb420000 1 -1 16 1294 53
get: 1496270097.773780 6 2 7 0x7f52ac7fff50 0x7fc9cb4170c0 1 -1 16 1295 53
get: 1496270097.773934 6 2 7 0x7f52ac7ff9a8 0x7fc9cb40e160 1 -1 8 492 26
get: 1496270097.774064 6 2 7 0x7f52ac7ff9b0 0x7fc9cb40e158 1 -1 8 492 26
get: 1496270097.774204 6 2 7 0x7f52ac7fff80 0x7fc9cb417108 1 -1 16 1295 53
get: 1496270097.774349 6 2 7 0x7f52ac7fff40 0x7fc9cb420100 1 -1 16 1295 53
get: 1496270097.774461 6 2 7 0x7f52ac7ffe50 0x7fc9cb417020 1 -1 16 1294 53
get: 1496270097.774564 6 2 7 0x7f52ac7ff9a8 0x7fc9cb40e160 1 -1 8 492 26
get: 1496270097.774650 6 2 7 0x7f52ac7ff9b0 0x7fc9cb40e158 1 -1 8 492 26
get: 1496270097.774728 6 2 7 0x7f52ac7ffe80 0x7fc9cb417068 1 -1 16 1294 53
get: 1496270097.774831 6 2 7 0x7f52ac7ffe40 0x7fc9cb420010 1 -1 16 1294 53
get: 1496270097.774980 6 2 7 0x7f52ac7fff50 0x7fc9cb4170c0 1 -1 16 1295 53
get: 1496270097.775068 6 2 7 0x7f52ac7ff9a8 0x7fc9cb40e160 1 -1 8 492 26
get: 1496270097.775120 6 2 7 0x7f52ac7ff9b0 0x7fc9cb40e158 1 -1 8 492 26
get: 1496270097.775238 6 2 7 0x7f52ac7fff80 0x7fc9cb417108 1 -1 16 1295 53
get: 1496270097.775289 6 2 7 0x7f52ac7fff40 0x7fc9cb420110 1 -1 16 1295 53
get: 1496270097.775397 6 2 7 0x7f52ac7ffe50 0x7fc9cb417020 1 -1 16 1294 53
get: 1496270097.775523 6 2 7 0x7f52ac7ff9a8 0x7fc9cb40e160 1 -1 8 492 26
get: 1496270097.775648 6 2 7 0x7f52ac7ff9b0 0x7fc9cb40e158 1 -1 8 492 26
get: 1496270097.775722 6 2 7 0x7f52ac7ffe80 0x7fc9cb417068 1 -1 16 1294 53
get: 1496270097.775843 6 2 7 0x7f52ac7ffe40 0x7fc9cb420020 1 -1 16 1294 53
get: 1496270097.775898 6 2 7 0x7f52ac7fff50 0x7fc9cb4170c0 1 -1 16 1295 53
get: 1496270097.775949 6 2 7 0x7f52ac7ff9a8 0x7fc9cb40e160 1 -1 8 492 26
get: 1496270097.776084 6 2 7 0x7f52ac7ff9b0 0x7fc9cb40e158 1 -1 8 492 26
get: 1496270097.776204 6 2 7 0x7f52ac7fff80 0x7fc9cb417108 1 -1 16 1295 53
get: 1496270097.776348 6 2 7 0x7f52ac7fff40 0x7fc9cb420120 1 -1 16 1295 53
get: 1496270097.776447 6 2 7 0x7f52ac7ffe50 0x7fc9cb417020 1 -1 16 1294 53
get: 1496270097.776557 6 2 7 0x7f52ac7ff9a8 0x7fc9cb40e160 1 -1 8 492 26
get: 1496270097.776693 6 2 7 0x7f52ac7ff9b0 0x7fc9cb40e158 1 -1 8 492 26
get: 1496270097.776793 6 2 7 0x7f52ac7ffe80 0x7fc9cb417068 1 -1 16 1294 53
get: 1496270097.776878 6 2 7 0x7f52ac7ffe40 0x7fc9cb420030 1 -1 16 1294 53
get: 1496270097.776993 6 2 7 0x7f52ac7fff50 0x7fc9cb4170c0 1 -1 16 1295 53
get: 1496270097.777092 6 2 7 0x7f52ac7ff9a8 0x7fc9cb40e160 1 -1 8 492 26
get: 1496270097.777240 6 2 7 0x7f52ac7ff9b0 0x7fc9cb40e158 1 -1 8 492 26
get: 1496270097.777422 6 2 7 0x7f52ac7fff80 0x7fc9cb417108 1 -1 16 1295 53
get: 1496270097.777573 6 2 7 0x7f52ac7fff40 0x7fc9cb420130 1 -1 16 1295 53
get: 1496270097.777655 6 2 7 0x7f52ac7ffe50 0x7fc9cb417020 1 -1 16 1294 53
get: 1496270097.777741 6 2 7 0x7f52ac7ff9a8 0x7fc9cb40e160 1 -1 8 492 26
get: 1496270097.777833 6 2 7 0x7f52ac7ff9b0 0x7fc9cb40e158 1 -1 8 492 26
get: 1496270097.777886 6 2 7 0x7f52ac7ffe80 0x7fc9cb417068 1 -1 16 1294 53
get: 1496270097.778001 6 2 7 0x7f52ac7ffe40 0x7fc9cb420040 1 -1 16 1294 53
get: 1496270097.778146 6 2 7 0x7f52ac7fff50 0x7fc9cb4170c0 1 -1 16 1295 53
get: 1496270097.778233 6 2 7 0x7f52ac7ff9a8 0x7fc9cb40e160 1 -1 8 492 26
get: 1496270097.778283 6 2 7 0x7f52ac7ff9b0 0x7fc9cb40e158 1 -1 8 492 26
get: 1496270097.778361 6 2 7 0x7f52ac7fff80 0x7fc9cb417108 1 -1 16 1295 53
get: 1496270097.778496 6 2 7 0x7f52ac7fff40 0x7fc9cb420140 1 -1 16 1295 53
get: 1496270097.778626 6 2 7 0x7f52ac7ffe50 0x7fc9cb417020 1 -1 16 1294 53
get: 1496270097.778702 6 2 7 0x7f52ac7ff9a8 0x7fc9cb40e160 1 -1 8 492 26
get: 1496270097.778810 6 2 7 0x7f52ac7ff9b0 0x7fc9cb40e158 1 -1 8 492 26
get: 1496270097.778950 6 2 7 0x7f52ac7ffe80 0x7fc9cb417068 1 -1 16 1294 53
get: 1496270097.779037 6 2 7 0x7f52ac7ffe40 0x7fc9cb420050 1 -1 16 1294 53
get: 1496270097.779102 6 2 7 0x7f52ac7fff50 0x7fc9cb4170c0 1 -1 16 1295 53
get: 1496270097.779221 6 2 7 0x7f52ac7ff9a8 0x7fc9cb40e160 1 -1 8 492 26
get: 1496270097.779367 6 2 7 0x7f52ac7ff9b0 0x7fc9cb40e158 1 -1 8 492 26
get: 1496270097.779479 6 2 7 0x7f52ac7fff80 0x7fc9cb417108 1 -1 16 1295 53
get: 1496270097.779589 6 2 7 0x7f52ac7fff40 0x7fc9cb420150 1 -1 16 1295 53
get: 1496270097.779676 6 2 7 0x7f52ac7ffe50 0x7fc9cb417020 1 -1 16 1294 53
get: 1496270097.779725 6 2 7 0x7f52ac7ff9a8 0x7fc9cb40e160 1 -1 8 492 26
get: 1496270097.779809 6 2 7 0x7f52ac7ff9b0 0x7fc9cb40e158 1 -1 8 492 26
get: 1496270097.779966 6 2 7 0x7f52ac7ffe80 0x7fc9cb417068 1 -1 16 1294 53
get: 1496270097.780073 6 2 7 0x7f52ac7ffe40 0x7fc9cb420060 1 -1 16 1294 53
get: 1496270097.780226 6 2 7 0x7f52ac7fff50 0x7fc9cb4170c0 1 -1 16 1295 53
get: 1496270097.780347 6 2 7 0x7f52ac7ff9a8 0x7fc9cb40e160 1 -1 8 492 26
get: 1496270097.780460 6 2 7 0x7f52ac7ff9b0 0x7fc9cb40e158 1 -1 8 492 26
get: 1496270097.780597 6 2 7 0x7f52ac7fff80 0x7fc9cb417108 1 -1 16 1295 53
get: 1496270097.780740 6 2 7 0x7f52ac7fff40 0x7fc9cb420160 1 -1 16 1295 53
get: 1496270097.780825 6 2 7 0x7f52ac7ffe50 0x7fc9cb417020 1 -1 16 1294 53
get: 1496270097.780949 6 2 7 0x7f52ac7ff9a8 0x7fc9cb40e160 1 -1 8 492 26
get: 1496270097.781035 6 2 7 0x7f52ac7ff9b0 0x7fc9cb40e158 1 -1 8 492 26
get: 1496270097.781123 6 2 7 0x7f52ac7ffe80 0x7fc9cb417068 1 -1 16 1294 53
get: 1496270097.781226 6 2 7 0x7f52ac7ffe40 0x7fc9cb420070 1 -1 16 1294 53
get: 1496270097.781315 6 2 7 0x7f52ac7fff50 0x7fc9cb4170c0 1 -1 16 1295 53
get: 1496270097.781388 6 2 7 0x7f52ac7ff9a8 0x7fc9cb40e160 1 -1 8 492 26
get: 1496270097.781481 6 2 7 0x7f52ac7ff9b0 0x7fc9cb40e158 1 -1 8 492 26
get: 1496270097.781620 6 2 7 0x7f52ac7fff80 0x7fc9cb417108 1 -1 16 1295 53
get: 1496270097.781706 6 2 7 0x7f52ac7fff40 0x7fc9cb420170 1 -1 16 1295 53
get: 1496270097.781759 6 2 7 0x7f52ac7ffe50 0x7fc9cb417020 1 -1 16 1294 53
get: 1496270097.781872 6 2 7 0x7f52ac7ff9a8 0x7fc9cb40e160 1 -1 8 492 26
get: 1496270097.781957 6 2 7 0x7f52ac7ff9b0 0x7fc9cb40e158 1 -1 8 492 26
get: 1496270097.782049 6 2 7 0x7f52ac7ffe80 0x7fc9cb417068 1 -1 16 1294 53
get: 1496270097.782167 6 2 7 0x7f52ac7ffe40 0x7fc9cb420080 1 -1 16 1294 53
get: 1496270097.782240 6 2 7 0x7f52ac7fff50 0x7fc9cb4170c0 1 -1 16 1295 53
get: 1496270097.782360 6 2 7 0x7f52ac7ff9a8 0x7fc9cb40e160 1 -1 8 492 26
get: 1496270097.782494 6 2 7 0x7f52ac7ff9b0 0x7fc9cb40e158 1 -1 8 492 26
get: 1496270097.782600 6 2 7 0x7f52ac7fff80 0x7fc9cb417108 1 -1 16 1295 53
get: 1496270097.782753 6 2 7 0x7f52ac7fff40 0x7fc9cb420180 1 -1 16 1295 53
get: 1496270097.782843 6 2 7 0x7f52ac7ffe50 0x7fc9cb417020 1 -1 16 1294 53
get: 1496270097.782893 6 2 7 0x7f52ac7ff9a8 0x7fc9cb40e160 1 -1 8 492 26
get: 1496270097.783011 6 2 7 0x7f52ac7ff9b0 0x7fc9cb40e158 1 -1 8 492 26
get: 1496270097.783159 6 2 7 0x7f52ac7ffe80 0x7fc9cb417068 1 -1 16 1294 53
get: 1496270097.783253 6 2 7 0x7f52ac7ffe40 0x7fc9cb420090 1 -1 16 1294 53
get: 1496270097.783372 6 2 7 0x7f52ac7fff50 0x7fc9cb4170c0 1 -1 16 1295 53
get: 1496270097.783486 6 2 7 0x7f52ac7ff9a8 0x7fc9cb40e160 1 -1 8 492 26
get: 1496270097.783573 6 2 7 0x7f52ac7ff9b0 0x7fc9cb40e158 1 -1 8 492 26
get: 1496270097.783624 6 2 7 0x7f52ac7fff80 0x7fc9cb417108 1 -1 16 1295 53
get: 1496270097.783745 6 2 7 0x7f52ac7fff40 0x7fc9cb420190 1 -1 16 1295 53
get: 1496270097.783904 6 2 7 0x7f52ac7ffe50 0x7fc9cb417020 1 -1 16 1294 53
get: 1496270097.784036 6 2 7 0x7f52ac7ff9a8 0x7fc9cb40e160 1 -1 8 492 26
get: 1496270097.784121 6 2 7 0x7f52ac7ff9b0 0x7fc9cb40e158 1 -1 8 492 26
get: 1496270097.784201 6 2 7 0x7f52ac7ffe80 0x7fc9cb417068 1 -1 16 1294 53
get: 1496270097.784286 6 2 7 0x7f52ac7ffe40 0x7fc9cb4200a0 1 -1 16 1294 53
get: 1496270097.784360 6 2 7 0x7f52ac7fff50 0x7fc9cb4170c0 1 -1 16 1295 53
get: 1496270097.784447 6 2 7 0x7f52ac7ff9a8 0x7fc9cb40e160 1 -1 8 492 26
get: 1496270097.784521 6 2 7 0x7f52ac7ff9b0 0x7fc9cb40e158 1 -1 8 492 26
get: 1496270097.784628 6 2 7 0x7f52ac7fff80 0x7fc9cb417108 1 -1 16 1295 53
get: 1496270097.784763 6 2 7 0x7f52ac7fff40 0x7fc9cb4201a0 1 -1 16 1295 53
get: 1496270097.784874 6 2 7 0x7f52ac7ffe50 0x7fc9cb417020 1 -1 16 1294 53
get: 1496270097.784967 6 2 7 0x7f52ac7ff9a8 0x7fc9cb40e160 1 -1 8 492 26
get: 1496270097.785091 6 2 7 0x7f52ac7ff9b0 0x7fc9cb40e158 1 -1 8 492 26
get: 1496270097.785222 6 2 7 0x7f52ac7ffe80 0x7fc9cb417068 1 -1 16 1294 53
get: 1496270097.785381 6 2 7 0x7f52ac7ffe40 0x7fc9cb4200b0 1 -1 16 1294 53
get: 1496270097.785489 6 2 7 0x7f52ac7fff50 0x7fc9cb4170c0 1 -1 16 1295 53
get: 1496270097.785617 6 2 7 0x7f52ac7ff9a8 0x7fc9cb40e160 1 -1 8 492 26
get: 1496270097.785742 6 2 7 0x7f52ac7ff9b0 0x7fc9cb40e158 1 -1 8 492 26
get: 1496270097.785909 6 2 7 0x7f52ac7fff80 0x7fc9cb417108 1 -1 16 1295 53
get: 1496270097.786040 6 2 7 0x7f52ac7fff40 0x7fc9cb4201b0 1 -1 16 1295 53
get: 1496270097.786198 6 2 7 0x7f52ac7ffe50 0x7fc9cb417020 1 -1 16 1294 53
get: 1496270097.786293 6 2 7 0x7f52ac7ff9a8 0x7fc9cb40e160 1 -1 8 492 26
get: 1496270097.786383 6 2 7 0x7f52ac7ff9b0 0x7fc9cb40e158 1 -1 8 492 26
get: 1496270097.786429 6 2 7 0x7f52ac7ffe80 0x7fc9cb417068 1 -1 16 1294 53
get: 1496270097.786496 6 2 7 0x7f52ac7ffe40 0x7fc9cb4200c0 1 -1 16 1294 53
get: 1496270097.786598 6 2 7 0x7f52ac7fff50 0x7fc9cb4170c0 1 -1 16 1295 53
get: 1496270097.786789 6 2 7 0x7f52ac7ff9a8 0x7fc9cb40e160 1 -1 8 492 26
get: 1496270097.786895 6 2 7 0x7f52ac7ff9b0 0x7fc9cb40e158 1 -1 8 492 26
get: 1496270097.787054 6 2 7 0x7f52ac7fff80 0x7fc9cb417108 1 -1 16 1295 53
get: 1496270097.787196 6 2 7 0x7f52ac7fff40 0x7fc9cb4201c0 1 -1 16 1295 53
get: 1496270097.787284 6 2 7 0x7f52ac7ffe50 0x7fc9cb417020 1 -1 16 1294 53
get: 1496270097.787342 6 2 7 0x7f52ac7ff9a8 0x7fc9cb40e160 1 -1 8 492 26
get: 1496270097.787458 6 2 7 0x7f52ac7ff9b0 0x7fc9cb40e158 1 -1 8 492 26
get: 1496270097.787603 6 2 7 0x7f52ac7ffe80 0x7fc9cb417068 1 -1 16 1294 53
get: 1496270097.787692 6 2 7 0x7f52ac7ffe40 0x7fc9cb4200d0 1 -1 16 1294 53
get: 1496270097.787741 6 2 7 0x7f52ac7fff50 0x7fc9cb4170c0 1 -1 16 1295 53
get: 1496270097.787789 6 2 7 0x7f52ac7ff9a8 0x7fc9cb40e160 1 -1 8 492 26
get: 1496270097.787841 6 2 7 0x7f52ac7ff9b0 0x7fc9cb40e158 1 -1 8 492 26
get: 1496270097.787913 6 2 7 0x7f52ac7fff80 0x7fc9cb417108 1 -1 16 1295 53
get: 1496270097.788010 6 2 7 0x7f52ac7fff40 0x7fc9cb4201d0 1 -1 16 1295 53
get: 1496270097.788131 6 2 7 0x7f52ac7ffe50 0x7fc9cb417020 1 -1 16 1294 53
get: 1496270097.788249 6 2 7 0x7f52ac7ff9a8 0x7fc9cb40e160 1 -1 8 492 26
get: 1496270097.788448 6 2 7 0x7f52ac7ff9b0 0x7fc9cb40e158 1 -1 8 492 26
get: 1496270097.788565 6 2 7 0x7f52ac7ffe80 0x7fc9cb417068 1 -1 16 1294 53
get: 1496270097.788651 6 2 7 0x7f52ac7ffe40 0x7fc9cb4200e0 1 -1 16 1294 53
get: 1496270097.788774 6 2 7 0x7f52ac7fff50 0x7fc9cb4170c0 1 -1 16 1295 53
get: 1496270097.788923 6 2 7 0x7f52ac7ff9a8 0x7fc9cb40e160 1 -1 8 492 26
get: 1496270097.789035 6 2 7 0x7f52ac7ff9b0 0x7fc9cb40e158 1 -1 8 492 26
get: 1496270097.789199 6 2 7 0x7f52ac7fff80 0x7fc9cb417108 1 -1 16 1295 53
get: 1496270097.789286 6 2 7 0x7f52ac7fff40 0x7fc9cb4201e0 1 -1 16 1295 53
get: 1496270097.789362 6 2 7 0x7f52ac7ffe50 0x7fc9cb417020 1 -1 16 1294 53
get: 1496270097.789449 6 2 7 0x7f52ac7ff9a8 0x7fc9cb40e160 1 -1 8 492 26
get: 1496270097.789525 6 2 7 0x7f52ac7ff9b0 0x7fc9cb40e158 1 -1 8 492 26
get: 1496270097.789645 6 2 7 0x7f52ac7ffe80 0x7fc9cb417068 1 -1 16 1294 53
get: 1496270097.789734 6 2 7 0x7f52ac7ffe40 0x7fc9cb4200f0 1 -1 16 1294 53
get: 1496270097.789841 6 2 7 0x7f52ac7fff50 0x7fc9cb4170c0 1 -1 16 1295 53
get: 1496270097.789926 6 2 7 0x7f52ac7ff9a8 0x7fc9cb40e160 1 -1 8 492 26
get: 1496270097.790023 6 2 7 0x7f52ac7ff9b0 0x7fc9cb40e158 1 -1 8 492 26
get: 1496270097.790144 6 2 7 0x7f52ac7fff80 0x7fc9cb417108 1 -1 16 1295 53
get: 1496270097.790216 6 2 7 0x7f52ac7fff40 0x7fc9cb4201f0 1 -1 16 1295 53
task: 1496270097.790436 6 8 7 L 215 28 23
task: 1496270097.790449 6 9 7 L 218 28 30
Btask: 1496270097.790472 6 8
fork: 1496270097.790486 6 13 -2 27 0x7f52ca800dc0 216 8 
Btask: 1496270097.790486 6 9
fork: 1496270097.790496 6 14 -2 33 0x7f52cb003dc0 216 9 
Etask: 1496270097.812465 6 8
Etask: 1496270097.896959 6 9
Etask: 1496270097.896986 6 7
task: 1496270097.897392 6 10 4 O 0 -5 125
Btask: 1496270097.897954 6 10
get: 1496270097.898379 6 0 10 0x7f52a7800b50 0x7f55921114c0 1 -1 16 933 53
get: 1496270097.898651 6 0 10 0x7f52a7800b60 0x7f5592111520 1 -1 16 933 53
get: 1496270097.898827 6 0 10 0x7f52a78009c8 0x7f55921104e0 1 -1 8 492 26
get: 1496270097.899053 6 0 10 0x7f52a78009d0 0x7f55921104d8 1 -1 8 492 26
get: 1496270097.899169 6 0 10 0x7f52a7800b90 0x7f5592111568 1 -1 16 933 53
get: 1496270097.899314 6 0 10 0x7f52a7800be0 0x7f55921114a8 1 -1 16 934 53
get: 1496270097.899474 6 0 10 0x7f52a7800770 0x7f5592184348 1 -1 16 588 53
get: 1496270097.899576 6 0 10 0x7f52a7800790 0x7f55921113e0 1 -1 16 588 53
get: 1496270097.899702 6 0 10 0x7f52a7800628 0x7f55921104e0 1 -1 8 492 26
get: 1496270097.899807 6 0 10 0x7f52a7800630 0x7f55921104d8 1 -1 8 492 26
get: 1496270097.899920 6 0 10 0x7f52a78007c0 0x7f5592111428 1 -1 16 588 53
get: 1496270097.900002 6 0 10 0x7f52a7800780 0x7f5592051460 1 -1 16 588 53
get: 1496270097.900137 6 0 10 0x7f52a7800640 0x7f55921114e0 1 -1 16 1609 28
get: 1496270097.900323 6 0 10 0x7f52a78005b0 0x7f5592110558 1 -1 32 145 26
put: 1496270097.900484 6 0 10 0x7f52a7800c20 0x7f5592051560 1 -1 16 933 53
f_executeOn: 1496270097.900581 6 0 -2 18 0x7f52a7800e70 112 10
Etask: 1496270097.900665 6 10
task: 1496270097.919015 6 11 1 O 0 -5 34
Btask: 1496270097.919545 6 11
get: 1496270097.920009 6 2 11 0x7f52a2800400 0x7fc9cb00f060 1 -1 16 1332 53
get: 1496270097.920199 6 2 11 0x7f52a2800420 0x7fc9cb00f0c0 1 -1 16 1332 53
get: 1496270097.920319 6 2 11 0x7f52a2800048 0x7fc9cb40e160 1 -1 8 492 26
get: 1496270097.920421 6 2 11 0x7f52a2800050 0x7fc9cb40e158 1 -1 8 492 26
get: 1496270097.920536 6 2 11 0x7f52a2800450 0x7fc9cb00f108 1 -1 16 1332 53
get: 1496270097.920661 6 2 11 0x7f52a2800410 0x7fc9cb014000 1 -1 16 1332 53
get: 1496270097.920791 6 2 11 0x7f52a2800420 0x7fc9cb00f0c0 1 -1 16 1332 53
get: 1496270097.920964 6 2 11 0x7f52a2800048 0x7fc9cb40e160 1 -1 8 492 26
get: 1496270097.921081 6 2 11 0x7f52a2800050 0x7fc9cb40e158 1 -1 8 492 26
get: 1496270097.921224 6 2 11 0x7f52a2800450 0x7fc9cb00f108 1 -1 16 1332 53
get: 1496270097.921308 6 2 11 0x7f52a2800410 0x7fc9cb014010 1 -1 16 1332 53
get: 1496270097.921391 6 2 11 0x7f52a2800420 0x7fc9cb00f0c0 1 -1 16 1332 53
get: 1496270097.921512 6 2 11 0x7f52a2800048 0x7fc9cb40e160 1 -1 8 492 26
get: 1496270097.921602 6 2 11 0x7f52a2800050 0x7fc9cb40e158 1 -1 8 492 26
get: 1496270097.921738 6 2 11 0x7f52a2800450 0x7fc9cb00f108 1 -1 16 1332 53
get: 1496270097.921827 6 2 11 0x7f52a2800410 0x7fc9cb014020 1 -1 16 1332 53
get: 1496270097.921879 6 2 11 0x7f52a2800420 0x7fc9cb00f0c0 1 -1 16 1332 53
get: 1496270097.922005 6 2 11 0x7f52a2800048 0x7fc9cb40e160 1 -1 8 492 26
get: 1496270097.922131 6 2 11 0x7f52a2800050 0x7fc9cb40e158 1 -1 8 492 26
get: 1496270097.922232 6 2 11 0x7f52a2800450 0x7fc9cb00f108 1 -1 16 1332 53
get: 1496270097.922345 6 2 11 0x7f52a2800410 0x7fc9cb014030 1 -1 16 1332 53
get: 1496270097.922447 6 2 11 0x7f52a2800420 0x7fc9cb00f0c0 1 -1 16 1332 53
get: 1496270097.922617 6 2 11 0x7f52a2800048 0x7fc9cb40e160 1 -1 8 492 26
get: 1496270097.922735 6 2 11 0x7f52a2800050 0x7fc9cb40e158 1 -1 8 492 26
get: 1496270097.922895 6 2 11 0x7f52a2800450 0x7fc9cb00f108 1 -1 16 1332 53
get: 1496270097.923052 6 2 11 0x7f52a2800410 0x7fc9cb014040 1 -1 16 1332 53
get: 1496270097.923217 6 2 11 0x7f52a2800420 0x7fc9cb00f0c0 1 -1 16 1332 53
get: 1496270097.923376 6 2 11 0x7f52a2800048 0x7fc9cb40e160 1 -1 8 492 26
get: 1496270097.923498 6 2 11 0x7f52a2800050 0x7fc9cb40e158 1 -1 8 492 26
get: 1496270097.923613 6 2 11 0x7f52a2800450 0x7fc9cb00f108 1 -1 16 1332 53
get: 1496270097.923827 6 2 11 0x7f52a2800410 0x7fc9cb014050 1 -1 16 1332 53
get: 1496270097.923961 6 2 11 0x7f52a2800420 0x7fc9cb00f0c0 1 -1 16 1332 53
get: 1496270097.924074 6 2 11 0x7f52a2800048 0x7fc9cb40e160 1 -1 8 492 26
get: 1496270097.924159 6 2 11 0x7f52a2800050 0x7fc9cb40e158 1 -1 8 492 26
get: 1496270097.924313 6 2 11 0x7f52a2800450 0x7fc9cb00f108 1 -1 16 1332 53
get: 1496270097.924425 6 2 11 0x7f52a2800410 0x7fc9cb014060 1 -1 16 1332 53
get: 1496270097.924587 6 2 11 0x7f52a2800420 0x7fc9cb00f0c0 1 -1 16 1332 53
get: 1496270097.924692 6 2 11 0x7f52a2800048 0x7fc9cb40e160 1 -1 8 492 26
get: 1496270097.924822 6 2 11 0x7f52a2800050 0x7fc9cb40e158 1 -1 8 492 26
get: 1496270097.924919 6 2 11 0x7f52a2800450 0x7fc9cb00f108 1 -1 16 1332 53
get: 1496270097.925082 6 2 11 0x7f52a2800410 0x7fc9cb014070 1 -1 16 1332 53
get: 1496270097.925191 6 2 11 0x7f52a2800420 0x7fc9cb00f0c0 1 -1 16 1332 53
get: 1496270097.925314 6 2 11 0x7f52a2800048 0x7fc9cb40e160 1 -1 8 492 26
get: 1496270097.925371 6 2 11 0x7f52a2800050 0x7fc9cb40e158 1 -1 8 492 26
get: 1496270097.925476 6 2 11 0x7f52a2800450 0x7fc9cb00f108 1 -1 16 1332 53
get: 1496270097.925576 6 2 11 0x7f52a2800410 0x7fc9cb014080 1 -1 16 1332 53
get: 1496270097.925741 6 2 11 0x7f52a2800420 0x7fc9cb00f0c0 1 -1 16 1332 53
get: 1496270097.925870 6 2 11 0x7f52a2800048 0x7fc9cb40e160 1 -1 8 492 26
get: 1496270097.925979 6 2 11 0x7f52a2800050 0x7fc9cb40e158 1 -1 8 492 26
get: 1496270097.926076 6 2 11 0x7f52a2800450 0x7fc9cb00f108 1 -1 16 1332 53
get: 1496270097.926239 6 2 11 0x7f52a2800410 0x7fc9cb014090 1 -1 16 1332 53
get: 1496270097.926376 6 2 11 0x7f52a2800420 0x7fc9cb00f0c0 1 -1 16 1332 53
get: 1496270097.926520 6 2 11 0x7f52a2800048 0x7fc9cb40e160 1 -1 8 492 26
get: 1496270097.926619 6 2 11 0x7f52a2800050 0x7fc9cb40e158 1 -1 8 492 26
get: 1496270097.926779 6 2 11 0x7f52a2800450 0x7fc9cb00f108 1 -1 16 1332 53
get: 1496270097.926928 6 2 11 0x7f52a2800410 0x7fc9cb0140a0 1 -1 16 1332 53
get: 1496270097.927018 6 2 11 0x7f52a2800420 0x7fc9cb00f0c0 1 -1 16 1332 53
get: 1496270097.927109 6 2 11 0x7f52a2800048 0x7fc9cb40e160 1 -1 8 492 26
get: 1496270097.927231 6 2 11 0x7f52a2800050 0x7fc9cb40e158 1 -1 8 492 26
get: 1496270097.927329 6 2 11 0x7f52a2800450 0x7fc9cb00f108 1 -1 16 1332 53
get: 1496270097.927492 6 2 11 0x7f52a2800410 0x7fc9cb0140b0 1 -1 16 1332 53
get: 1496270097.927661 6 2 11 0x7f52a2800420 0x7fc9cb00f0c0 1 -1 16 1332 53
get: 1496270097.927748 6 2 11 0x7f52a2800048 0x7fc9cb40e160 1 -1 8 492 26
get: 1496270097.927823 6 2 11 0x7f52a2800050 0x7fc9cb40e158 1 -1 8 492 26
get: 1496270097.927982 6 2 11 0x7f52a2800450 0x7fc9cb00f108 1 -1 16 1332 53
get: 1496270097.928127 6 2 11 0x7f52a2800410 0x7fc9cb0140c0 1 -1 16 1332 53
get: 1496270097.928214 6 2 11 0x7f52a2800420 0x7fc9cb00f0c0 1 -1 16 1332 53
get: 1496270097.928288 6 2 11 0x7f52a2800048 0x7fc9cb40e160 1 -1 8 492 26
get: 1496270097.928410 6 2 11 0x7f52a2800050 0x7fc9cb40e158 1 -1 8 492 26
get: 1496270097.928505 6 2 11 0x7f52a2800450 0x7fc9cb00f108 1 -1 16 1332 53
get: 1496270097.928630 6 2 11 0x7f52a2800410 0x7fc9cb0140d0 1 -1 16 1332 53
get: 1496270097.928738 6 2 11 0x7f52a2800420 0x7fc9cb00f0c0 1 -1 16 1332 53
get: 1496270097.928918 6 2 11 0x7f52a2800048 0x7fc9cb40e160 1 -1 8 492 26
get: 1496270097.929076 6 2 11 0x7f52a2800050 0x7fc9cb40e158 1 -1 8 492 26
get: 1496270097.929199 6 2 11 0x7f52a2800450 0x7fc9cb00f108 1 -1 16 1332 53
get: 1496270097.929304 6 2 11 0x7f52a2800410 0x7fc9cb0140e0 1 -1 16 1332 53
get: 1496270097.929393 6 2 11 0x7f52a2800420 0x7fc9cb00f0c0 1 -1 16 1332 53
get: 1496270097.929450 6 2 11 0x7f52a2800048 0x7fc9cb40e160 1 -1 8 492 26
get: 1496270097.929497 6 2 11 0x7f52a2800050 0x7fc9cb40e158 1 -1 8 492 26
get: 1496270097.929575 6 2 11 0x7f52a2800450 0x7fc9cb00f108 1 -1 16 1332 53
get: 1496270097.929672 6 2 11 0x7f52a2800410 0x7fc9cb0140f0 1 -1 16 1332 53
task: 1496270097.929803 6 12 11 L 215 28 25
task: 1496270097.929817 6 13 11 L 218 28 29
Btask: 1496270097.929842 6 12
Btask: 1496270097.929850 6 13
fork: 1496270097.929858 6 13 -2 26 0x7f52ca800df0 168 12 
fork: 1496270097.929860 6 14 -2 34 0x7f52cb003df0 168 13 
Etask: 1496270097.942020 6 12
Etask: 1496270097.948991 6 13
Etask: 1496270097.949014 6 11
task: 1496270097.949289 6 14 4 O 0 -5 126
Btask: 1496270097.949930 6 14
get: 1496270097.950361 6 0 14 0x7f529d800c60 0x7f55921114c0 1 -1 16 939 53
get: 1496270097.950573 6 0 14 0x7f529d800c80 0x7f5592111520 1 -1 16 939 53
get: 1496270097.950726 6 0 14 0x7f529d800b18 0x7f55921104e0 1 -1 8 492 26
get: 1496270097.950870 6 0 14 0x7f529d800b20 0x7f55921104d8 1 -1 8 492 26
get: 1496270097.950998 6 0 14 0x7f529d800cb0 0x7f5592111568 1 -1 16 939 53
get: 1496270097.951163 6 0 14 0x7f529d800c70 0x7f5592051560 1 -1 16 939 53
get: 1496270097.951293 6 0 14 0x7f529d800d20 0x7f55921114a8 1 -1 16 939 53
get: 1496270097.951435 6 0 14 0x7f529d8008c0 0x7f5592184348 1 -1 16 588 53
get: 1496270097.951482 6 0 14 0x7f529d8008e0 0x7f55921113e0 1 -1 16 588 53
get: 1496270097.951555 6 0 14 0x7f529d800778 0x7f55921104e0 1 -1 8 492 26
get: 1496270097.951635 6 0 14 0x7f529d800780 0x7f55921104d8 1 -1 8 492 26
get: 1496270097.951710 6 0 14 0x7f529d800910 0x7f5592111428 1 -1 16 588 53
get: 1496270097.951792 6 0 14 0x7f529d8008d0 0x7f5592051460 1 -1 16 588 53
get: 1496270097.951854 6 0 14 0x7f529d800790 0x7f55921114e0 1 -1 16 1609 28
get: 1496270097.951937 6 0 14 0x7f529d800700 0x7f5592110558 1 -1 32 145 26
f_executeOn: 1496270097.952016 6 0 -2 18 0x7f529d800e70 112 14
Etask: 1496270097.952174 6 14
task: 1496270097.972225 6 15 1 O 0 -5 44
Btask: 1496270097.972765 6 15
get: 1496270097.973220 6 2 15 0x7f5298800720 0x7fc9cb00f060 1 -1 16 1341 53
get: 1496270097.973401 6 2 15 0x7f5298800740 0x7fc9cb00f0c0 1 -1 16 1341 53
get: 1496270097.973536 6 2 15 0x7f52988004a8 0x7fc9cb40e160 1 -1 8 492 26
get: 1496270097.973665 6 2 15 0x7f52988004b0 0x7fc9cb40e158 1 -1 8 492 26
get: 1496270097.973803 6 2 15 0x7f5298800770 0x7fc9cb00f108 1 -1 16 1341 53
get: 1496270097.973939 6 2 15 0x7f5298800730 0x7fc9cb014000 1 -1 16 1341 53
get: 1496270097.974127 6 2 15 0x7f5298800740 0x7fc9cb00f0c0 1 -1 16 1341 53
get: 1496270097.974256 6 2 15 0x7f52988004a8 0x7fc9cb40e160 1 -1 8 492 26
get: 1496270097.974399 6 2 15 0x7f52988004b0 0x7fc9cb40e158 1 -1 8 492 26
get: 1496270097.974568 6 2 15 0x7f5298800770 0x7fc9cb00f108 1 -1 16 1341 53
get: 1496270097.974694 6 2 15 0x7f5298800730 0x7fc9cb014010 1 -1 16 1341 53
get: 1496270097.974824 6 2 15 0x7f5298800740 0x7fc9cb00f0c0 1 -1 16 1341 53
get: 1496270097.974955 6 2 15 0x7f52988004a8 0x7fc9cb40e160 1 -1 8 492 26
get: 1496270097.975087 6 2 15 0x7f52988004b0 0x7fc9cb40e158 1 -1 8 492 26
get: 1496270097.975241 6 2 15 0x7f5298800770 0x7fc9cb00f108 1 -1 16 1341 53
get: 1496270097.975335 6 2 15 0x7f5298800730 0x7fc9cb014020 1 -1 16 1341 53
get: 1496270097.975482 6 2 15 0x7f5298800740 0x7fc9cb00f0c0 1 -1 16 1341 53
get: 1496270097.975660 6 2 15 0x7f52988004a8 0x7fc9cb40e160 1 -1 8 492 26
get: 1496270097.975813 6 2 15 0x7f52988004b0 0x7fc9cb40e158 1 -1 8 492 26
get: 1496270097.975941 6 2 15 0x7f5298800770 0x7fc9cb00f108 1 -1 16 1341 53
get: 1496270097.976053 6 2 15 0x7f5298800730 0x7fc9cb014030 1 -1 16 1341 53
get: 1496270097.976218 6 2 15 0x7f5298800740 0x7fc9cb00f0c0 1 -1 16 1341 53
get: 1496270097.976328 6 2 15 0x7f52988004a8 0x7fc9cb40e160 1 -1 8 492 26
get: 1496270097.976635 6 2 15 0x7f52988004b0 0x7fc9cb40e158 1 -1 8 492 26
get: 1496270097.976753 6 2 15 0x7f5298800770 0x7fc9cb00f108 1 -1 16 1341 53
get: 1496270097.976868 6 2 15 0x7f5298800730 0x7fc9cb014040 1 -1 16 1341 53
get: 1496270097.977018 6 2 15 0x7f5298800740 0x7fc9cb00f0c0 1 -1 16 1341 53
get: 1496270097.977148 6 2 15 0x7f52988004a8 0x7fc9cb40e160 1 -1 8 492 26
get: 1496270097.977328 6 2 15 0x7f52988004b0 0x7fc9cb40e158 1 -1 8 492 26
get: 1496270097.977420 6 2 15 0x7f5298800770 0x7fc9cb00f108 1 -1 16 1341 53
get: 1496270097.977591 6 2 15 0x7f5298800730 0x7fc9cb014050 1 -1 16 1341 53
get: 1496270097.977757 6 2 15 0x7f5298800740 0x7fc9cb00f0c0 1 -1 16 1341 53
get: 1496270097.977846 6 2 15 0x7f52988004a8 0x7fc9cb40e160 1 -1 8 492 26
get: 1496270097.977924 6 2 15 0x7f52988004b0 0x7fc9cb40e158 1 -1 8 492 26
get: 1496270097.978086 6 2 15 0x7f5298800770 0x7fc9cb00f108 1 -1 16 1341 53
get: 1496270097.978215 6 2 15 0x7f5298800730 0x7fc9cb014060 1 -1 16 1341 53
get: 1496270097.978356 6 2 15 0x7f5298800740 0x7fc9cb00f0c0 1 -1 16 1341 53
get: 1496270097.978486 6 2 15 0x7f52988004a8 0x7fc9cb40e160 1 -1 8 492 26
get: 1496270097.978631 6 2 15 0x7f52988004b0 0x7fc9cb40e158 1 -1 8 492 26
get: 1496270097.978813 6 2 15 0x7f5298800770 0x7fc9cb00f108 1 -1 16 1341 53
get: 1496270097.978990 6 2 15 0x7f5298800730 0x7fc9cb014070 1 -1 16 1341 53
get: 1496270097.979082 6 2 15 0x7f5298800740 0x7fc9cb00f0c0 1 -1 16 1341 53
get: 1496270097.979208 6 2 15 0x7f52988004a8 0x7fc9cb40e160 1 -1 8 492 26
get: 1496270097.979329 6 2 15 0x7f52988004b0 0x7fc9cb40e158 1 -1 8 492 26
get: 1496270097.979517 6 2 15 0x7f5298800770 0x7fc9cb00f108 1 -1 16 1341 53
get: 1496270097.979616 6 2 15 0x7f5298800730 0x7fc9cb014080 1 -1 16 1341 53
get: 1496270097.979758 6 2 15 0x7f5298800740 0x7fc9cb00f0c0 1 -1 16 1341 53
get: 1496270097.979959 6 2 15 0x7f52988004a8 0x7fc9cb40e160 1 -1 8 492 26
get: 1496270097.980050 6 2 15 0x7f52988004b0 0x7fc9cb40e158 1 -1 8 492 26
get: 1496270097.980105 6 2 15 0x7f5298800770 0x7fc9cb00f108 1 -1 16 1341 53
get: 1496270097.980229 6 2 15 0x7f5298800730 0x7fc9cb014090 1 -1 16 1341 53
get: 1496270097.980336 6 2 15 0x7f5298800740 0x7fc9cb00f0c0 1 -1 16 1341 53
get: 1496270097.980453 6 2 15 0x7f52988004a8 0x7fc9cb40e160 1 -1 8 492 26
get: 1496270097.980573 6 2 15 0x7f52988004b0 0x7fc9cb40e158 1 -1 8 492 26
get: 1496270097.980715 6 2 15 0x7f5298800770 0x7fc9cb00f108 1 -1 16 1341 53
get: 1496270097.980840 6 2 15 0x7f5298800730 0x7fc9cb0140a0 1 -1 16 1341 53
get: 1496270097.981096 6 2 15 0x7f5298800740 0x7fc9cb00f0c0 1 -1 16 1341 53
get: 1496270097.981235 6 2 15 0x7f52988004a8 0x7fc9cb40e160 1 -1 8 492 26
get: 1496270097.981342 6 2 15 0x7f52988004b0 0x7fc9cb40e158 1 -1 8 492 26
get: 1496270097.981474 6 2 15 0x7f5298800770 0x7fc9cb00f108 1 -1 16 1341 53
get: 1496270097.981605 6 2 15 0x7f5298800730 0x7fc9cb0140b0 1 -1 16 1341 53
get: 1496270097.981698 6 2 15 0x7f5298800740 0x7fc9cb00f0c0 1 -1 16 1341 53
get: 1496270097.981779 6 2 15 0x7f52988004a8 0x7fc9cb40e160 1 -1 8 492 26
get: 1496270097.981869 6 2 15 0x7f52988004b0 0x7fc9cb40e158 1 -1 8 492 26
get: 1496270097.982010 6 2 15 0x7f5298800770 0x7fc9cb00f108 1 -1 16 1341 53
get: 1496270097.982145 6 2 15 0x7f5298800730 0x7fc9cb0140c0 1 -1 16 1341 53
get: 1496270097.982263 6 2 15 0x7f5298800740 0x7fc9cb00f0c0 1 -1 16 1341 53
get: 1496270097.982415 6 2 15 0x7f52988004a8 0x7fc9cb40e160 1 -1 8 492 26
get: 1496270097.982520 6 2 15 0x7f52988004b0 0x7fc9cb40e158 1 -1 8 492 26
get: 1496270097.982714 6 2 15 0x7f5298800770 0x7fc9cb00f108 1 -1 16 1341 53
get: 1496270097.982808 6 2 15 0x7f5298800730 0x7fc9cb0140d0 1 -1 16 1341 53
get: 1496270097.982868 6 2 15 0x7f5298800740 0x7fc9cb00f0c0 1 -1 16 1341 53
get: 1496270097.982930 6 2 15 0x7f52988004a8 0x7fc9cb40e160 1 -1 8 492 26
get: 1496270097.983029 6 2 15 0x7f52988004b0 0x7fc9cb40e158 1 -1 8 492 26
get: 1496270097.983084 6 2 15 0x7f5298800770 0x7fc9cb00f108 1 -1 16 1341 53
get: 1496270097.983165 6 2 15 0x7f5298800730 0x7fc9cb0140e0 1 -1 16 1341 53
get: 1496270097.983257 6 2 15 0x7f5298800740 0x7fc9cb00f0c0 1 -1 16 1341 53
get: 1496270097.983392 6 2 15 0x7f52988004a8 0x7fc9cb40e160 1 -1 8 492 26
get: 1496270097.983490 6 2 15 0x7f52988004b0 0x7fc9cb40e158 1 -1 8 492 26
get: 1496270097.983547 6 2 15 0x7f5298800770 0x7fc9cb00f108 1 -1 16 1341 53
get: 1496270097.983842 6 2 15 0x7f5298800730 0x7fc9cb0140f0 1 -1 16 1341 53
task: 1496270097.983978 6 16 15 L 271 28 41
task: 1496270097.983993 6 17 15 L 274 28 43
Btask: 1496270097.984021 6 17
Btask: 1496270097.984023 6 16
fork: 1496270097.984028 6 14 -2 44 0x7f52cb003df0 160 17 
fork: 1496270097.984035 6 13 -2 42 0x7f52ca800df0 160 16 
Etask: 1496270097.995661 6 16
Etask: 1496270097.996995 6 17
Etask: 1496270097.997017 6 15
task: 1496270098.005014 6 18 4 O 0 -5 158
Btask: 1496270098.005047 6 18
VdbMark: 1496270098.005054 6 18
task: 1496270098.005061 6 19 18 L 98 52 157
Btask: 1496270098.005161 6 19
fork: 1496270098.005166 6 7 -2 158 0x7f52cf800dd0 168 19 
Etask: 1496270098.006398 6 19
Tag: 1496270098.006415 0.956000 0.456000 6 18 1
Etask: 1496270098.006437 6 18
task: 1496270098.022912 6 20 1 O 0 -5 129
Btask: 1496270098.023057 6 20
get: 1496270098.023069 6 0 20 0x7f52cb003930 0x7f559201d4f8 1 -1 16 1002 53
get: 1496270098.023248 6 0 20 0x7f52cb003650 0x7f55921114c0 1 -1 16 753 53
get: 1496270098.023469 6 0 20 0x7f52cb003670 0x7f5592111520 1 -1 16 753 53
get: 1496270098.023621 6 0 20 0x7f52cb003528 0x7f55921104e0 1 -1 8 492 26
get: 1496270098.023762 6 0 20 0x7f52cb003530 0x7f55921104d8 1 -1 8 492 26
get: 1496270098.023867 6 0 20 0x7f52cb0036a0 0x7f5592111568 1 -1 16 753 53
get: 1496270098.024060 6 0 20 0x7f52cb003660 0x7f5592051560 1 -1 16 753 53
get: 1496270098.024150 6 0 20 0x7f52cb003970 0x7f559201d510 1 -1 16 1003 53
get: 1496270098.024277 6 0 20 0x7f52cb003980 0x7f55921115c0 1 -1 16 1003 53
get: 1496270098.024439 6 0 20 0x7f52cb003768 0x7f55921104e0 1 -1 8 492 26
get: 1496270098.024579 6 0 20 0x7f52cb003770 0x7f55921104d8 1 -1 8 492 26
get: 1496270098.024726 6 0 20 0x7f52cb0039b0 0x7f5592111608 1 -1 16 1003 53
put: 1496270098.024875 6 0 20 0x7f52cb003a50 0x7f5592051660 1 -1 16 1003 53
f_executeOn: 1496270098.024966 6 0 -2 18 0x7f52cb003e70 112 20
Etask: 1496270098.025119 6 20
task: 1496270098.034032 6 21 4 O 0 -5 32
Btask: 1496270098.034079 6 21
get: 1496270098.034111 6 2 21 0x7f52c5800330 0x7fc9d401a040 1 -1 16 1354 53
get: 1496270098.034280 6 2 21 0x7f52c5800350 0x7fc9d4011160 1 -1 16 1354 53
get: 1496270098.034461 6 2 21 0x7f52c57fff28 0x7fc9cb40e160 1 -1 8 492 26
get: 1496270098.034593 6 2 21 0x7f52c57fff30 0x7fc9cb40e158 1 -1 8 492 26
get: 1496270098.034840 6 2 21 0x7f52c5800380 0x7fc9d40111a8 1 -1 16 1354 53
get: 1496270098.035010 6 2 21 0x7f52c5800340 0x7fc9d4016100 1 -1 16 1354 53
get: 1496270098.035163 6 2 21 0x7f52c5800350 0x7fc9d4011160 1 -1 16 1354 53
get: 1496270098.035286 6 2 21 0x7f52c57fff28 0x7fc9cb40e160 1 -1 8 492 26
get: 1496270098.035474 6 2 21 0x7f52c57fff30 0x7fc9cb40e158 1 -1 8 492 26
get: 1496270098.035576 6 2 21 0x7f52c5800380 0x7fc9d40111a8 1 -1 16 1354 53
get: 1496270098.035695 6 2 21 0x7f52c5800340 0x7fc9d4016110 1 -1 16 1354 53
get: 1496270098.035767 6 2 21 0x7f52c5800350 0x7fc9d4011160 1 -1 16 1354 53
get: 1496270098.035857 6 2 21 0x7f52c57fff28 0x7fc9cb40e160 1 -1 8 492 26
get: 1496270098.035924 6 2 21 0x7f52c57fff30 0x7fc9cb40e158 1 -1 8 492 26
get: 1496270098.036053 6 2 21 0x7f52c5800380 0x7fc9d40111a8 1 -1 16 1354 53
get: 1496270098.036208 6 2 21 0x7f52c5800340 0x7fc9d4016120 1 -1 16 1354 53
get: 1496270098.036333 6 2 21 0x7f52c5800350 0x7fc9d4011160 1 -1 16 1354 53
get: 1496270098.036399 6 2 21 0x7f52c57fff28 0x7fc9cb40e160 1 -1 8 492 26
get: 1496270098.036508 6 2 21 0x7f52c57fff30 0x7fc9cb40e158 1 -1 8 492 26
get: 1496270098.036598 6 2 21 0x7f52c5800380 0x7fc9d40111a8 1 -1 16 1354 53
get: 1496270098.036651 6 2 21 0x7f52c5800340 0x7fc9d4016130 1 -1 16 1354 53
get: 1496270098.036815 6 2 21 0x7f52c5800350 0x7fc9d4011160 1 -1 16 1354 53
get: 1496270098.036925 6 2 21 0x7f52c57fff28 0x7fc9cb40e160 1 -1 8 492 26
get: 1496270098.037011 6 2 21 0x7f52c57fff30 0x7fc9cb40e158 1 -1 8 492 26
get: 1496270098.037059 6 2 21 0x7f52c5800380 0x7fc9d40111a8 1 -1 16 1354 53
get: 1496270098.037158 6 2 21 0x7f52c5800340 0x7fc9d4016140 1 -1 16 1354 53
get: 1496270098.037289 6 2 21 0x7f52c5800350 0x7fc9d4011160 1 -1 16 1354 53
get: 1496270098.037500 6 2 21 0x7f52c57fff28 0x7fc9cb40e160 1 -1 8 492 26
get: 1496270098.037623 6 2 21 0x7f52c57fff30 0x7fc9cb40e158 1 -1 8 492 26
get: 1496270098.037746 6 2 21 0x7f52c5800380 0x7fc9d40111a8 1 -1 16 1354 53
get: 1496270098.037829 6 2 21 0x7f52c5800340 0x7fc9d4016150 1 -1 16 1354 53
get: 1496270098.037889 6 2 21 0x7f52c5800350 0x7fc9d4011160 1 -1 16 1354 53
get: 1496270098.037939 6 2 21 0x7f52c57fff28 0x7fc9cb40e160 1 -1 8 492 26
get: 1496270098.038013 6 2 21 0x7f52c57fff30 0x7fc9cb40e158 1 -1 8 492 26
get: 1496270098.038172 6 2 21 0x7f52c5800380 0x7fc9d40111a8 1 -1 16 1354 53
get: 1496270098.038304 6 2 21 0x7f52c5800340 0x7fc9d4016160 1 -1 16 1354 53
get: 1496270098.038399 6 2 21 0x7f52c5800350 0x7fc9d4011160 1 -1 16 1354 53
get: 1496270098.038452 6 2 21 0x7f52c57fff28 0x7fc9cb40e160 1 -1 8 492 26
get: 1496270098.038741 6 2 21 0x7f52c57fff30 0x7fc9cb40e158 1 -1 8 492 26
get: 1496270098.038865 6 2 21 0x7f52c5800380 0x7fc9d40111a8 1 -1 16 1354 53
get: 1496270098.038949 6 2 21 0x7f52c5800340 0x7fc9d4016170 1 -1 16 1354 53
get: 1496270098.039001 6 2 21 0x7f52c5800350 0x7fc9d4011160 1 -1 16 1354 53
get: 1496270098.039123 6 2 21 0x7f52c57fff28 0x7fc9cb40e160 1 -1 8 492 26
get: 1496270098.039273 6 2 21 0x7f52c57fff30 0x7fc9cb40e158 1 -1 8 492 26
get: 1496270098.039395 6 2 21 0x7f52c5800380 0x7fc9d40111a8 1 -1 16 1354 53
get: 1496270098.039515 6 2 21 0x7f52c5800340 0x7fc9d4016180 1 -1 16 1354 53
get: 1496270098.039620 6 2 21 0x7f52c5800350 0x7fc9d4011160 1 -1 16 1354 53
get: 1496270098.039674 6 2 21 0x7f52c57fff28 0x7fc9cb40e160 1 -1 8 492 26
get: 1496270098.039747 6 2 21 0x7f52c57fff30 0x7fc9cb40e158 1 -1 8 492 26
get: 1496270098.039937 6 2 21 0x7f52c5800380 0x7fc9d40111a8 1 -1 16 1354 53
get: 1496270098.040053 6 2 21 0x7f52c5800340 0x7fc9d4016190 1 -1 16 1354 53
get: 1496270098.040147 6 2 21 0x7f52c5800350 0x7fc9d4011160 1 -1 16 1354 53
get: 1496270098.040199 6 2 21 0x7f52c57fff28 0x7fc9cb40e160 1 -1 8 492 26
get: 1496270098.040256 6 2 21 0x7f52c57fff30 0x7fc9cb40e158 1 -1 8 492 26
get: 1496270098.040310 6 2 21 0x7f52c5800380 0x7fc9d40111a8 1 -1 16 1354 53
get: 1496270098.040362 6 2 21 0x7f52c5800340 0x7fc9d40161a0 1 -1 16 1354 53
get: 1496270098.040450 6 2 21 0x7f52c5800350 0x7fc9d4011160 1 -1 16 1354 53
get: 1496270098.040593 6 2 21 0x7f52c57fff28 0x7fc9cb40e160 1 -1 8 492 26
get: 1496270098.040831 6 2 21 0x7f52c57fff30 0x7fc9cb40e158 1 -1 8 492 26
get: 1496270098.040973 6 2 21 0x7f52c5800380 0x7fc9d40111a8 1 -1 16 1354 53
get: 1496270098.041097 6 2 21 0x7f52c5800340 0x7fc9d40161b0 1 -1 16 1354 53
get: 1496270098.041207 6 2 21 0x7f52c5800350 0x7fc9d4011160 1 -1 16 1354 53
get: 1496270098.041492 6 2 21 0x7f52c57fff28 0x7fc9cb40e160 1 -1 8 492 26
get: 1496270098.041682 6 2 21 0x7f52c57fff30 0x7fc9cb40e158 1 -1 8 492 26
get: 1496270098.041851 6 2 21 0x7f52c5800380 0x7fc9d40111a8 1 -1 16 1354 53
get: 1496270098.041996 6 2 21 0x7f52c5800340 0x7fc9d40161c0 1 -1 16 1354 53
get: 1496270098.042239 6 2 21 0x7f52c5800350 0x7fc9d4011160 1 -1 16 1354 53
get: 1496270098.042331 6 2 21 0x7f52c57fff28 0x7fc9cb40e160 1 -1 8 492 26
get: 1496270098.042739 6 2 21 0x7f52c57fff30 0x7fc9cb40e158 1 -1 8 492 26
get: 1496270098.042987 6 2 21 0x7f52c5800380 0x7fc9d40111a8 1 -1 16 1354 53
get: 1496270098.043156 6 2 21 0x7f52c5800340 0x7fc9d40161d0 1 -1 16 1354 53
get: 1496270098.043371 6 2 21 0x7f52c5800350 0x7fc9d4011160 1 -1 16 1354 53
get: 1496270098.043497 6 2 21 0x7f52c57fff28 0x7fc9cb40e160 1 -1 8 492 26
get: 1496270098.043582 6 2 21 0x7f52c57fff30 0x7fc9cb40e158 1 -1 8 492 26
get: 1496270098.043673 6 2 21 0x7f52c5800380 0x7fc9d40111a8 1 -1 16 1354 53
get: 1496270098.043726 6 2 21 0x7f52c5800340 0x7fc9d40161e0 1 -1 16 1354 53
get: 1496270098.043803 6 2 21 0x7f52c5800350 0x7fc9d4011160 1 -1 16 1354 53
get: 1496270098.043974 6 2 21 0x7f52c57fff28 0x7fc9cb40e160 1 -1 8 492 26
get: 1496270098.044239 6 2 21 0x7f52c57fff30 0x7fc9cb40e158 1 -1 8 492 26
get: 1496270098.044420 6 2 21 0x7f52c5800380 0x7fc9d40111a8 1 -1 16 1354 53
get: 1496270098.044535 6 2 21 0x7f52c5800340 0x7fc9d40161f0 1 -1 16 1354 53
task: 1496270098.044712 6 22 21 L 215 28 24
task: 1496270098.044720 6 23 21 L 218 28 31
Btask: 1496270098.044746 6 23
Btask: 1496270098.044747 6 22
fork: 1496270098.044758 6 14 -2 32 0x7f52cb003e10 136 23 
fork: 1496270098.044765 6 13 -2 28 0x7f52ca800e10 136 22 
Etask: 1496270098.054697 6 23
Etask: 1496270098.054997 6 22
Etask: 1496270098.055014 6 21
task: 1496270098.064525 6 24 4 O 0 -5 129
Btask: 1496270098.064650 6 24
get: 1496270098.065093 6 0 24 0x7f52c0800930 0x7f559201d568 1 -1 16 1002 53
get: 1496270098.065325 6 0 24 0x7f52c0800650 0x7f55921114c0 1 -1 16 753 53
get: 1496270098.065514 6 0 24 0x7f52c0800670 0x7f5592111520 1 -1 16 753 53
get: 1496270098.065618 6 0 24 0x7f52c0800528 0x7f55921104e0 1 -1 8 492 26
get: 1496270098.065754 6 0 24 0x7f52c0800530 0x7f55921104d8 1 -1 8 492 26
get: 1496270098.065940 6 0 24 0x7f52c08006a0 0x7f5592111568 1 -1 16 753 53
get: 1496270098.066090 6 0 24 0x7f52c0800660 0x7f5592051560 1 -1 16 753 53
get: 1496270098.066222 6 0 24 0x7f52c0800970 0x7f559201d580 1 -1 16 1003 53
get: 1496270098.066503 6 0 24 0x7f52c0800980 0x7f5592111660 1 -1 16 1003 53
get: 1496270098.066636 6 0 24 0x7f52c0800768 0x7f55921104e0 1 -1 8 492 26
get: 1496270098.066756 6 0 24 0x7f52c0800770 0x7f55921104d8 1 -1 8 492 26
get: 1496270098.066919 6 0 24 0x7f52c08009b0 0x7f55921116a8 1 -1 16 1003 53
put: 1496270098.067018 6 0 24 0x7f52c0800a50 0x7f5592051760 1 -1 16 1003 53
f_executeOn: 1496270098.067137 6 0 -2 18 0x7f52c0800e70 112 24
Etask: 1496270098.067185 6 24
task: 1496270098.078689 6 25 4 O 0 -5 32
Btask: 1496270098.078788 6 25
get: 1496270098.078820 6 2 25 0x7f52bb800330 0x7fc9cba4b040 1 -1 16 1354 53
get: 1496270098.078981 6 2 25 0x7f52bb800350 0x7fc9cba52020 1 -1 16 1354 53
get: 1496270098.079125 6 2 25 0x7f52bb7fff28 0x7fc9cb40e160 1 -1 8 492 26
get: 1496270098.079281 6 2 25 0x7f52bb7fff30 0x7fc9cb40e158 1 -1 8 492 26
get: 1496270098.079449 6 2 25 0x7f52bb800380 0x7fc9cba52068 1 -1 16 1354 53
get: 1496270098.079626 6 2 25 0x7f52bb800340 0x7fc9cba57000 1 -1 16 1354 53
get: 1496270098.079750 6 2 25 0x7f52bb800350 0x7fc9cba52020 1 -1 16 1354 53
get: 1496270098.079858 6 2 25 0x7f52bb7fff28 0x7fc9cb40e160 1 -1 8 492 26
get: 1496270098.080022 6 2 25 0x7f52bb7fff30 0x7fc9cb40e158 1 -1 8 492 26
get: 1496270098.080108 6 2 25 0x7f52bb800380 0x7fc9cba52068 1 -1 16 1354 53
get: 1496270098.080265 6 2 25 0x7f52bb800340 0x7fc9cba57010 1 -1 16 1354 53
get: 1496270098.080398 6 2 25 0x7f52bb800350 0x7fc9cba52020 1 -1 16 1354 53
get: 1496270098.080493 6 2 25 0x7f52bb7fff28 0x7fc9cb40e160 1 -1 8 492 26
get: 1496270098.080563 6 2 25 0x7f52bb7fff30 0x7fc9cb40e158 1 -1 8 492 26
get: 1496270098.080638 6 2 25 0x7f52bb800380 0x7fc9cba52068 1 -1 16 1354 53
get: 1496270098.080825 6 2 25 0x7f52bb800340 0x7fc9cba57020 1 -1 16 1354 53
get: 1496270098.080940 6 2 25 0x7f52bb800350 0x7fc9cba52020 1 -1 16 1354 53
get: 1496270098.081052 6 2 25 0x7f52bb7fff28 0x7fc9cb40e160 1 -1 8 492 26
get: 1496270098.081223 6 2 25 0x7f52bb7fff30 0x7fc9cb40e158 1 -1 8 492 26
get: 1496270098.081345 6 2 25 0x7f52bb800380 0x7fc9cba52068 1 -1 16 1354 53
get: 1496270098.081431 6 2 25 0x7f52bb800340 0x7fc9cba57030 1 -1 16 1354 53
get: 1496270098.081542 6 2 25 0x7f52bb800350 0x7fc9cba52020 1 -1 16 1354 53
get: 1496270098.081655 6 2 25 0x7f52bb7fff28 0x7fc9cb40e160 1 -1 8 492 26
get: 1496270098.081745 6 2 25 0x7f52bb7fff30 0x7fc9cb40e158 1 -1 8 492 26
get: 1496270098.081850 6 2 25 0x7f52bb800380 0x7fc9cba52068 1 -1 16 1354 53
get: 1496270098.082041 6 2 25 0x7f52bb800340 0x7fc9cba57040 1 -1 16 1354 53
get: 1496270098.082223 6 2 25 0x7f52bb800350 0x7fc9cba52020 1 -1 16 1354 53
get: 1496270098.082359 6 2 25 0x7f52bb7fff28 0x7fc9cb40e160 1 -1 8 492 26
get: 1496270098.082458 6 2 25 0x7f52bb7fff30 0x7fc9cb40e158 1 -1 8 492 26
get: 1496270098.082587 6 2 25 0x7f52bb800380 0x7fc9cba52068 1 -1 16 1354 53
get: 1496270098.082720 6 2 25 0x7f52bb800340 0x7fc9cba57050 1 -1 16 1354 53
get: 1496270098.082849 6 2 25 0x7f52bb800350 0x7fc9cba52020 1 -1 16 1354 53
get: 1496270098.082965 6 2 25 0x7f52bb7fff28 0x7fc9cb40e160 1 -1 8 492 26
get: 1496270098.083170 6 2 25 0x7f52bb7fff30 0x7fc9cb40e158 1 -1 8 492 26
get: 1496270098.083270 6 2 25 0x7f52bb800380 0x7fc9cba52068 1 -1 16 1354 53
get: 1496270098.083323 6 2 25 0x7f52bb800340 0x7fc9cba57060 1 -1 16 1354 53
get: 1496270098.083409 6 2 25 0x7f52bb800350 0x7fc9cba52020 1 -1 16 1354 53
get: 1496270098.083526 6 2 25 0x7f52bb7fff28 0x7fc9cb40e160 1 -1 8 492 26
get: 1496270098.083614 6 2 25 0x7f52bb7fff30 0x7fc9cb40e158 1 -1 8 492 26
get: 1496270098.083736 6 2 25 0x7f52bb800380 0x7fc9cba52068 1 -1 16 1354 53
get: 1496270098.083826 6 2 25 0x7f52bb800340 0x7fc9cba57070 1 -1 16 1354 53
get: 1496270098.083900 6 2 25 0x7f52bb800350 0x7fc9cba52020 1 -1 16 1354 53
get: 1496270098.083992 6 2 25 0x7f52bb7fff28 0x7fc9cb40e160 1 -1 8 492 26
get: 1496270098.084044 6 2 25 0x7f52bb7fff30 0x7fc9cb40e158 1 -1 8 492 26
get: 1496270098.084209 6 2 25 0x7f52bb800380 0x7fc9cba52068 1 -1 16 1354 53
get: 1496270098.084299 6 2 25 0x7f52bb800340 0x7fc9cba57080 1 -1 16 1354 53
get: 1496270098.084493 6 2 25 0x7f52bb800350 0x7fc9cba52020 1 -1 16 1354 53
get: 1496270098.084719 6 2 25 0x7f52bb7fff28 0x7fc9cb40e160 1 -1 8 492 26
get: 1496270098.084869 6 2 25 0x7f52bb7fff30 0x7fc9cb40e158 1 -1 8 492 26
get: 1496270098.084964 6 2 25 0x7f52bb800380 0x7fc9cba52068 1 -1 16 1354 53
get: 1496270098.085159 6 2 25 0x7f52bb800340 0x7fc9cba57090 1 -1 16 1354 53
get: 1496270098.085365 6 2 25 0x7f52bb800350 0x7fc9cba52020 1 -1 16 1354 53
get: 1496270098.085499 6 2 25 0x7f52bb7fff28 0x7fc9cb40e160 1 -1 8 492 26
get: 1496270098.085674 6 2 25 0x7f52bb7fff30 0x7fc9cb40e158 1 -1 8 492 26
get: 1496270098.085765 6 2 25 0x7f52bb800380 0x7fc9cba52068 1 -1 16 1354 53
get: 1496270098.085821 6 2 25 0x7f52bb800340 0x7fc9cba570a0 1 -1 16 1354 53
get: 1496270098.085956 6 2 25 0x7f52bb800350 0x7fc9cba52020 1 -1 16 1354 53
get: 1496270098.086148 6 2 25 0x7f52bb7fff28 0x7fc9cb40e160 1 -1 8 492 26
get: 1496270098.086286 6 2 25 0x7f52bb7fff30 0x7fc9cb40e158 1 -1 8 492 26
get: 1496270098.086413 6 2 25 0x7f52bb800380 0x7fc9cba52068 1 -1 16 1354 53
get: 1496270098.086533 6 2 25 0x7f52bb800340 0x7fc9cba570b0 1 -1 16 1354 53
get: 1496270098.086658 6 2 25 0x7f52bb800350 0x7fc9cba52020 1 -1 16 1354 53
get: 1496270098.086803 6 2 25 0x7f52bb7fff28 0x7fc9cb40e160 1 -1 8 492 26
get: 1496270098.086967 6 2 25 0x7f52bb7fff30 0x7fc9cb40e158 1 -1 8 492 26
get: 1496270098.087136 6 2 25 0x7f52bb800380 0x7fc9cba52068 1 -1 16 1354 53
get: 1496270098.087256 6 2 25 0x7f52bb800340 0x7fc9cba570c0 1 -1 16 1354 53
get: 1496270098.087342 6 2 25 0x7f52bb800350 0x7fc9cba52020 1 -1 16 1354 53
get: 1496270098.087400 6 2 25 0x7f52bb7fff28 0x7fc9cb40e160 1 -1 8 492 26
get: 1496270098.087593 6 2 25 0x7f52bb7fff30 0x7fc9cb40e158 1 -1 8 492 26
get: 1496270098.087721 6 2 25 0x7f52bb800380 0x7fc9cba52068 1 -1 16 1354 53
get: 1496270098.087778 6 2 25 0x7f52bb800340 0x7fc9cba570d0 1 -1 16 1354 53
get: 1496270098.087831 6 2 25 0x7f52bb800350 0x7fc9cba52020 1 -1 16 1354 53
get: 1496270098.087947 6 2 25 0x7f52bb7fff28 0x7fc9cb40e160 1 -1 8 492 26
get: 1496270098.088031 6 2 25 0x7f52bb7fff30 0x7fc9cb40e158 1 -1 8 492 26
get: 1496270098.088102 6 2 25 0x7f52bb800380 0x7fc9cba52068 1 -1 16 1354 53
get: 1496270098.088190 6 2 25 0x7f52bb800340 0x7fc9cba570e0 1 -1 16 1354 53
get: 1496270098.088253 6 2 25 0x7f52bb800350 0x7fc9cba52020 1 -1 16 1354 53
get: 1496270098.088313 6 2 25 0x7f52bb7fff28 0x7fc9cb40e160 1 -1 8 492 26
get: 1496270098.088453 6 2 25 0x7f52bb7fff30 0x7fc9cb40e158 1 -1 8 492 26
get: 1496270098.088580 6 2 25 0x7f52bb800380 0x7fc9cba52068 1 -1 16 1354 53
get: 1496270098.088689 6 2 25 0x7f52bb800340 0x7fc9cba570f0 1 -1 16 1354 53
task: 1496270098.088860 6 26 25 L 215 28 24
task: 1496270098.088869 6 27 25 L 218 28 31
Btask: 1496270098.088879 6 26
fork: 1496270098.088884 6 13 -2 28 0x7f52cb003e10 136 26 
Btask: 1496270098.088892 6 27
fork: 1496270098.088904 6 14 -2 32 0x7f52c5800e10 136 27 
Etask: 1496270098.098384 6 27
Etask: 1496270098.100930 6 26
Etask: 1496270098.100945 6 25
task: 1496270098.112570 6 28 4 O 0 -5 129
Btask: 1496270098.112673 6 28
get: 1496270098.112685 6 0 28 0x7f52b6800930 0x7f559201d5d8 1 -1 16 1002 53
get: 1496270098.112858 6 0 28 0x7f52b6800650 0x7f55921114c0 1 -1 16 753 53
get: 1496270098.113017 6 0 28 0x7f52b6800670 0x7f5592111520 1 -1 16 753 53
get: 1496270098.113119 6 0 28 0x7f52b6800528 0x7f55921104e0 1 -1 8 492 26
get: 1496270098.113193 6 0 28 0x7f52b6800530 0x7f55921104d8 1 -1 8 492 26
get: 1496270098.113332 6 0 28 0x7f52b68006a0 0x7f5592111568 1 -1 16 753 53
get: 1496270098.113443 6 0 28 0x7f52b6800660 0x7f5592051560 1 -1 16 753 53
get: 1496270098.113590 6 0 28 0x7f52b6800970 0x7f559201d5f0 1 -1 16 1003 53
get: 1496270098.113711 6 0 28 0x7f52b6800980 0x7f5592111700 1 -1 16 1003 53
get: 1496270098.113831 6 0 28 0x7f52b6800768 0x7f55921104e0 1 -1 8 492 26
get: 1496270098.113961 6 0 28 0x7f52b6800770 0x7f55921104d8 1 -1 8 492 26
get: 1496270098.114053 6 0 28 0x7f52b68009b0 0x7f5592111748 1 -1 16 1003 53
put: 1496270098.114226 6 0 28 0x7f52b6800a50 0x7f5592051860 1 -1 16 1003 53
f_executeOn: 1496270098.114375 6 0 -2 18 0x7f52b6800e70 112 28
Etask: 1496270098.114500 6 28
task: 1496270098.126645 6 29 1 O 0 -5 32
Btask: 1496270098.126782 6 29
get: 1496270098.126845 6 2 29 0x7f52b1800330 0x7fc9cb613040 1 -1 16 1354 53
get: 1496270098.126996 6 2 29 0x7f52b1800350 0x7fc9cb61a020 1 -1 16 1354 53
get: 1496270098.127174 6 2 29 0x7f52b17fff28 0x7fc9cb40e160 1 -1 8 492 26
get: 1496270098.127340 6 2 29 0x7f52b17fff30 0x7fc9cb40e158 1 -1 8 492 26
get: 1496270098.127486 6 2 29 0x7f52b1800380 0x7fc9cb61a068 1 -1 16 1354 53
get: 1496270098.127628 6 2 29 0x7f52b1800340 0x7fc9cb61f000 1 -1 16 1354 53
get: 1496270098.127799 6 2 29 0x7f52b1800350 0x7fc9cb61a020 1 -1 16 1354 53
get: 1496270098.127939 6 2 29 0x7f52b17fff28 0x7fc9cb40e160 1 -1 8 492 26
get: 1496270098.128096 6 2 29 0x7f52b17fff30 0x7fc9cb40e158 1 -1 8 492 26
get: 1496270098.128209 6 2 29 0x7f52b1800380 0x7fc9cb61a068 1 -1 16 1354 53
get: 1496270098.128341 6 2 29 0x7f52b1800340 0x7fc9cb61f010 1 -1 16 1354 53
get: 1496270098.128654 6 2 29 0x7f52b1800350 0x7fc9cb61a020 1 -1 16 1354 53
get: 1496270098.128896 6 2 29 0x7f52b17fff28 0x7fc9cb40e160 1 -1 8 492 26
get: 1496270098.129059 6 2 29 0x7f52b17fff30 0x7fc9cb40e158 1 -1 8 492 26
get: 1496270098.129148 6 2 29 0x7f52b1800380 0x7fc9cb61a068 1 -1 16 1354 53
get: 1496270098.129243 6 2 29 0x7f52b1800340 0x7fc9cb61f020 1 -1 16 1354 53
get: 1496270098.129344 6 2 29 0x7f52b1800350 0x7fc9cb61a020 1 -1 16 1354 53
get: 1496270098.129468 6 2 29 0x7f52b17fff28 0x7fc9cb40e160 1 -1 8 492 26
get: 1496270098.129593 6 2 29 0x7f52b17fff30 0x7fc9cb40e158 1 -1 8 492 26
get: 1496270098.129745 6 2 29 0x7f52b1800380 0x7fc9cb61a068 1 -1 16 1354 53
get: 1496270098.129839 6 2 29 0x7f52b1800340 0x7fc9cb61f030 1 -1 16 1354 53
get: 1496270098.130013 6 2 29 0x7f52b1800350 0x7fc9cb61a020 1 -1 16 1354 53
get: 1496270098.130144 6 2 29 0x7f52b17fff28 0x7fc9cb40e160 1 -1 8 492 26
get: 1496270098.130245 6 2 29 0x7f52b17fff30 0x7fc9cb40e158 1 -1 8 492 26
get: 1496270098.130343 6 2 29 0x7f52b1800380 0x7fc9cb61a068 1 -1 16 1354 53
get: 1496270098.130560 6 2 29 0x7f52b1800340 0x7fc9cb61f040 1 -1 16 1354 53
get: 1496270098.130659 6 2 29 0x7f52b1800350 0x7fc9cb61a020 1 -1 16 1354 53
get: 1496270098.130720 6 2 29 0x7f52b17fff28 0x7fc9cb40e160 1 -1 8 492 26
get: 1496270098.130836 6 2 29 0x7f52b17fff30 0x7fc9cb40e158 1 -1 8 492 26
get: 1496270098.130989 6 2 29 0x7f52b1800380 0x7fc9cb61a068 1 -1 16 1354 53
get: 1496270098.131238 6 2 29 0x7f52b1800340 0x7fc9cb61f050 1 -1 16 1354 53
get: 1496270098.131338 6 2 29 0x7f52b1800350 0x7fc9cb61a020 1 -1 16 1354 53
get: 1496270098.131428 6 2 29 0x7f52b17fff28 0x7fc9cb40e160 1 -1 8 492 26
get: 1496270098.131603 6 2 29 0x7f52b17fff30 0x7fc9cb40e158 1 -1 8 492 26
get: 1496270098.131731 6 2 29 0x7f52b1800380 0x7fc9cb61a068 1 -1 16 1354 53
get: 1496270098.131880 6 2 29 0x7f52b1800340 0x7fc9cb61f060 1 -1 16 1354 53
get: 1496270098.132002 6 2 29 0x7f52b1800350 0x7fc9cb61a020 1 -1 16 1354 53
get: 1496270098.132098 6 2 29 0x7f52b17fff28 0x7fc9cb40e160 1 -1 8 492 26
get: 1496270098.132162 6 2 29 0x7f52b17fff30 0x7fc9cb40e158 1 -1 8 492 26
get: 1496270098.132216 6 2 29 0x7f52b1800380 0x7fc9cb61a068 1 -1 16 1354 53
get: 1496270098.132272 6 2 29 0x7f52b1800340 0x7fc9cb61f070 1 -1 16 1354 53
get: 1496270098.132445 6 2 29 0x7f52b1800350 0x7fc9cb61a020 1 -1 16 1354 53
get: 1496270098.132591 6 2 29 0x7f52b17fff28 0x7fc9cb40e160 1 -1 8 492 26
get: 1496270098.132705 6 2 29 0x7f52b17fff30 0x7fc9cb40e158 1 -1 8 492 26
get: 1496270098.132838 6 2 29 0x7f52b1800380 0x7fc9cb61a068 1 -1 16 1354 53
get: 1496270098.132970 6 2 29 0x7f52b1800340 0x7fc9cb61f080 1 -1 16 1354 53
get: 1496270098.133078 6 2 29 0x7f52b1800350 0x7fc9cb61a020 1 -1 16 1354 53
get: 1496270098.133173 6 2 29 0x7f52b17fff28 0x7fc9cb40e160 1 -1 8 492 26
get: 1496270098.133266 6 2 29 0x7f52b17fff30 0x7fc9cb40e158 1 -1 8 492 26
get: 1496270098.133368 6 2 29 0x7f52b1800380 0x7fc9cb61a068 1 -1 16 1354 53
get: 1496270098.133540 6 2 29 0x7f52b1800340 0x7fc9cb61f090 1 -1 16 1354 53
get: 1496270098.133676 6 2 29 0x7f52b1800350 0x7fc9cb61a020 1 -1 16 1354 53
get: 1496270098.133808 6 2 29 0x7f52b17fff28 0x7fc9cb40e160 1 -1 8 492 26
get: 1496270098.133966 6 2 29 0x7f52b17fff30 0x7fc9cb40e158 1 -1 8 492 26
get: 1496270098.134108 6 2 29 0x7f52b1800380 0x7fc9cb61a068 1 -1 16 1354 53
get: 1496270098.134237 6 2 29 0x7f52b1800340 0x7fc9cb61f0a0 1 -1 16 1354 53
get: 1496270098.134334 6 2 29 0x7f52b1800350 0x7fc9cb61a020 1 -1 16 1354 53
get: 1496270098.134441 6 2 29 0x7f52b17fff28 0x7fc9cb40e160 1 -1 8 492 26
get: 1496270098.134622 6 2 29 0x7f52b17fff30 0x7fc9cb40e158 1 -1 8 492 26
get: 1496270098.134762 6 2 29 0x7f52b1800380 0x7fc9cb61a068 1 -1 16 1354 53
get: 1496270098.134931 6 2 29 0x7f52b1800340 0x7fc9cb61f0b0 1 -1 16 1354 53
get: 1496270098.135074 6 2 29 0x7f52b1800350 0x7fc9cb61a020 1 -1 16 1354 53
get: 1496270098.135269 6 2 29 0x7f52b17fff28 0x7fc9cb40e160 1 -1 8 492 26
get: 1496270098.135423 6 2 29 0x7f52b17fff30 0x7fc9cb40e158 1 -1 8 492 26
get: 1496270098.135556 6 2 29 0x7f52b1800380 0x7fc9cb61a068 1 -1 16 1354 53
get: 1496270098.135742 6 2 29 0x7f52b1800340 0x7fc9cb61f0c0 1 -1 16 1354 53
get: 1496270098.135902 6 2 29 0x7f52b1800350 0x7fc9cb61a020 1 -1 16 1354 53
get: 1496270098.136051 6 2 29 0x7f52b17fff28 0x7fc9cb40e160 1 -1 8 492 26
get: 1496270098.136192 6 2 29 0x7f52b17fff30 0x7fc9cb40e158 1 -1 8 492 26
get: 1496270098.136312 6 2 29 0x7f52b1800380 0x7fc9cb61a068 1 -1 16 1354 53
get: 1496270098.136447 6 2 29 0x7f52b1800340 0x7fc9cb61f0d0 1 -1 16 1354 53
get: 1496270098.136725 6 2 29 0x7f52b1800350 0x7fc9cb61a020 1 -1 16 1354 53
get: 1496270098.136864 6 2 29 0x7f52b17fff28 0x7fc9cb40e160 1 -1 8 492 26
get: 1496270098.136976 6 2 29 0x7f52b17fff30 0x7fc9cb40e158 1 -1 8 492 26
get: 1496270098.137139 6 2 29 0x7f52b1800380 0x7fc9cb61a068 1 -1 16 1354 53
get: 1496270098.137288 6 2 29 0x7f52b1800340 0x7fc9cb61f0e0 1 -1 16 1354 53
get: 1496270098.137462 6 2 29 0x7f52b1800350 0x7fc9cb61a020 1 -1 16 1354 53
get: 1496270098.137560 6 2 29 0x7f52b17fff28 0x7fc9cb40e160 1 -1 8 492 26
get: 1496270098.137699 6 2 29 0x7f52b17fff30 0x7fc9cb40e158 1 -1 8 492 26
get: 1496270098.137864 6 2 29 0x7f52b1800380 0x7fc9cb61a068 1 -1 16 1354 53
get: 1496270098.137923 6 2 29 0x7f52b1800340 0x7fc9cb61f0f0 1 -1 16 1354 53
task: 1496270098.137996 6 30 29 L 215 28 24
task: 1496270098.138009 6 31 29 L 218 28 31
Btask: 1496270098.138025 6 30
fork: 1496270098.138034 6 13 -2 28 0x7f52ca800e10 136 30 
Btask: 1496270098.138064 6 31
fork: 1496270098.138075 6 14 -2 32 0x7f52cb003e10 136 31 
Etask: 1496270098.146586 6 30
Etask: 1496270098.149007 6 31
Etask: 1496270098.149032 6 29
task: 1496270098.190930 6 32 4 O 0 -5 129
Btask: 1496270098.191061 6 32
get: 1496270098.191072 6 0 32 0x7f52ac800930 0x7f559201d648 1 -1 16 1002 53
get: 1496270098.191239 6 0 32 0x7f52ac800650 0x7f55921114c0 1 -1 16 753 53
get: 1496270098.191637 6 0 32 0x7f52ac800670 0x7f5592111520 1 -1 16 753 53
get: 1496270098.191774 6 0 32 0x7f52ac800528 0x7f55921104e0 1 -1 8 492 26
get: 1496270098.192005 6 0 32 0x7f52ac800530 0x7f55921104d8 1 -1 8 492 26
get: 1496270098.192101 6 0 32 0x7f52ac8006a0 0x7f5592111568 1 -1 16 753 53
get: 1496270098.192222 6 0 32 0x7f52ac800660 0x7f5592051560 1 -1 16 753 53
get: 1496270098.192361 6 0 32 0x7f52ac800970 0x7f559201d660 1 -1 16 1003 53
get: 1496270098.192509 6 0 32 0x7f52ac800980 0x7f55921117a0 1 -1 16 1003 53
get: 1496270098.192657 6 0 32 0x7f52ac800768 0x7f55921104e0 1 -1 8 492 26
get: 1496270098.192954 6 0 32 0x7f52ac800770 0x7f55921104d8 1 -1 8 492 26
get: 1496270098.193096 6 0 32 0x7f52ac8009b0 0x7f55921117e8 1 -1 16 1003 53
put: 1496270098.193219 6 0 32 0x7f52ac800a50 0x7f5592051960 1 -1 16 1003 53
f_executeOn: 1496270098.193328 6 0 -2 18 0x7f52ac800e70 112 32
Etask: 1496270098.193447 6 32
task: 1496270098.215192 6 33 4 O 0 -5 32
Btask: 1496270098.215337 6 33
get: 1496270098.215389 6 2 33 0x7f52a7800330 0x7fc9cb213040 1 -1 16 1354 53
get: 1496270098.215643 6 2 33 0x7f52a7800350 0x7fc9cb21a020 1 -1 16 1354 53
get: 1496270098.215813 6 2 33 0x7f52a77fff28 0x7fc9cb40e160 1 -1 8 492 26
get: 1496270098.215931 6 2 33 0x7f52a77fff30 0x7fc9cb40e158 1 -1 8 492 26
get: 1496270098.216091 6 2 33 0x7f52a7800380 0x7fc9cb21a068 1 -1 16 1354 53
get: 1496270098.216218 6 2 33 0x7f52a7800340 0x7fc9cb21f000 1 -1 16 1354 53
get: 1496270098.216365 6 2 33 0x7f52a7800350 0x7fc9cb21a020 1 -1 16 1354 53
get: 1496270098.216477 6 2 33 0x7f52a77fff28 0x7fc9cb40e160 1 -1 8 492 26
get: 1496270098.216742 6 2 33 0x7f52a77fff30 0x7fc9cb40e158 1 -1 8 492 26
get: 1496270098.216938 6 2 33 0x7f52a7800380 0x7fc9cb21a068 1 -1 16 1354 53
get: 1496270098.217164 6 2 33 0x7f52a7800340 0x7fc9cb21f010 1 -1 16 1354 53
get: 1496270098.217264 6 2 33 0x7f52a7800350 0x7fc9cb21a020 1 -1 16 1354 53
get: 1496270098.217377 6 2 33 0x7f52a77fff28 0x7fc9cb40e160 1 -1 8 492 26
get: 1496270098.217735 6 2 33 0x7f52a77fff30 0x7fc9cb40e158 1 -1 8 492 26
get: 1496270098.217960 6 2 33 0x7f52a7800380 0x7fc9cb21a068 1 -1 16 1354 53
get: 1496270098.218125 6 2 33 0x7f52a7800340 0x7fc9cb21f020 1 -1 16 1354 53
get: 1496270098.218258 6 2 33 0x7f52a7800350 0x7fc9cb21a020 1 -1 16 1354 53
get: 1496270098.218354 6 2 33 0x7f52a77fff28 0x7fc9cb40e160 1 -1 8 492 26
get: 1496270098.218465 6 2 33 0x7f52a77fff30 0x7fc9cb40e158 1 -1 8 492 26
get: 1496270098.218592 6 2 33 0x7f52a7800380 0x7fc9cb21a068 1 -1 16 1354 53
get: 1496270098.218698 6 2 33 0x7f52a7800340 0x7fc9cb21f030 1 -1 16 1354 53
get: 1496270098.218872 6 2 33 0x7f52a7800350 0x7fc9cb21a020 1 -1 16 1354 53
get: 1496270098.219053 6 2 33 0x7f52a77fff28 0x7fc9cb40e160 1 -1 8 492 26
get: 1496270098.219182 6 2 33 0x7f52a77fff30 0x7fc9cb40e158 1 -1 8 492 26
get: 1496270098.219369 6 2 33 0x7f52a7800380 0x7fc9cb21a068 1 -1 16 1354 53
get: 1496270098.219457 6 2 33 0x7f52a7800340 0x7fc9cb21f040 1 -1 16 1354 53
get: 1496270098.219834 6 2 33 0x7f52a7800350 0x7fc9cb21a020 1 -1 16 1354 53
get: 1496270098.219964 6 2 33 0x7f52a77fff28 0x7fc9cb40e160 1 -1 8 492 26
get: 1496270098.220301 6 2 33 0x7f52a77fff30 0x7fc9cb40e158 1 -1 8 492 26
get: 1496270098.220430 6 2 33 0x7f52a7800380 0x7fc9cb21a068 1 -1 16 1354 53
get: 1496270098.220485 6 2 33 0x7f52a7800340 0x7fc9cb21f050 1 -1 16 1354 53
get: 1496270098.220766 6 2 33 0x7f52a7800350 0x7fc9cb21a020 1 -1 16 1354 53
get: 1496270098.220914 6 2 33 0x7f52a77fff28 0x7fc9cb40e160 1 -1 8 492 26
get: 1496270098.221130 6 2 33 0x7f52a77fff30 0x7fc9cb40e158 1 -1 8 492 26
get: 1496270098.221475 6 2 33 0x7f52a7800380 0x7fc9cb21a068 1 -1 16 1354 53
get: 1496270098.221608 6 2 33 0x7f52a7800340 0x7fc9cb21f060 1 -1 16 1354 53
get: 1496270098.221798 6 2 33 0x7f52a7800350 0x7fc9cb21a020 1 -1 16 1354 53
get: 1496270098.221940 6 2 33 0x7f52a77fff28 0x7fc9cb40e160 1 -1 8 492 26
get: 1496270098.222076 6 2 33 0x7f52a77fff30 0x7fc9cb40e158 1 -1 8 492 26
get: 1496270098.222204 6 2 33 0x7f52a7800380 0x7fc9cb21a068 1 -1 16 1354 53
get: 1496270098.222303 6 2 33 0x7f52a7800340 0x7fc9cb21f070 1 -1 16 1354 53
get: 1496270098.222394 6 2 33 0x7f52a7800350 0x7fc9cb21a020 1 -1 16 1354 53
get: 1496270098.222451 6 2 33 0x7f52a77fff28 0x7fc9cb40e160 1 -1 8 492 26
get: 1496270098.222581 6 2 33 0x7f52a77fff30 0x7fc9cb40e158 1 -1 8 492 26
get: 1496270098.222845 6 2 33 0x7f52a7800380 0x7fc9cb21a068 1 -1 16 1354 53
get: 1496270098.222977 6 2 33 0x7f52a7800340 0x7fc9cb21f080 1 -1 16 1354 53
get: 1496270098.223158 6 2 33 0x7f52a7800350 0x7fc9cb21a020 1 -1 16 1354 53
get: 1496270098.223347 6 2 33 0x7f52a77fff28 0x7fc9cb40e160 1 -1 8 492 26
get: 1496270098.223498 6 2 33 0x7f52a77fff30 0x7fc9cb40e158 1 -1 8 492 26
get: 1496270098.223789 6 2 33 0x7f52a7800380 0x7fc9cb21a068 1 -1 16 1354 53
get: 1496270098.223917 6 2 33 0x7f52a7800340 0x7fc9cb21f090 1 -1 16 1354 53
get: 1496270098.224167 6 2 33 0x7f52a7800350 0x7fc9cb21a020 1 -1 16 1354 53
get: 1496270098.224261 6 2 33 0x7f52a77fff28 0x7fc9cb40e160 1 -1 8 492 26
get: 1496270098.224465 6 2 33 0x7f52a77fff30 0x7fc9cb40e158 1 -1 8 492 26
get: 1496270098.224559 6 2 33 0x7f52a7800380 0x7fc9cb21a068 1 -1 16 1354 53
get: 1496270098.224611 6 2 33 0x7f52a7800340 0x7fc9cb21f0a0 1 -1 16 1354 53
get: 1496270098.224732 6 2 33 0x7f52a7800350 0x7fc9cb21a020 1 -1 16 1354 53
get: 1496270098.224832 6 2 33 0x7f52a77fff28 0x7fc9cb40e160 1 -1 8 492 26
get: 1496270098.224885 6 2 33 0x7f52a77fff30 0x7fc9cb40e158 1 -1 8 492 26
get: 1496270098.224971 6 2 33 0x7f52a7800380 0x7fc9cb21a068 1 -1 16 1354 53
get: 1496270098.225061 6 2 33 0x7f52a7800340 0x7fc9cb21f0b0 1 -1 16 1354 53
get: 1496270098.225130 6 2 33 0x7f52a7800350 0x7fc9cb21a020 1 -1 16 1354 53
get: 1496270098.225220 6 2 33 0x7f52a77fff28 0x7fc9cb40e160 1 -1 8 492 26
get: 1496270098.225538 6 2 33 0x7f52a77fff30 0x7fc9cb40e158 1 -1 8 492 26
get: 1496270098.225785 6 2 33 0x7f52a7800380 0x7fc9cb21a068 1 -1 16 1354 53
get: 1496270098.225876 6 2 33 0x7f52a7800340 0x7fc9cb21f0c0 1 -1 16 1354 53
get: 1496270098.225934 6 2 33 0x7f52a7800350 0x7fc9cb21a020 1 -1 16 1354 53
get: 1496270098.225987 6 2 33 0x7f52a77fff28 0x7fc9cb40e160 1 -1 8 492 26
get: 1496270098.226037 6 2 33 0x7f52a77fff30 0x7fc9cb40e158 1 -1 8 492 26
get: 1496270098.226330 6 2 33 0x7f52a7800380 0x7fc9cb21a068 1 -1 16 1354 53
get: 1496270098.226418 6 2 33 0x7f52a7800340 0x7fc9cb21f0d0 1 -1 16 1354 53
get: 1496270098.226469 6 2 33 0x7f52a7800350 0x7fc9cb21a020 1 -1 16 1354 53
get: 1496270098.226525 6 2 33 0x7f52a77fff28 0x7fc9cb40e160 1 -1 8 492 26
get: 1496270098.226590 6 2 33 0x7f52a77fff30 0x7fc9cb40e158 1 -1 8 492 26
get: 1496270098.226641 6 2 33 0x7f52a7800380 0x7fc9cb21a068 1 -1 16 1354 53
get: 1496270098.226691 6 2 33 0x7f52a7800340 0x7fc9cb21f0e0 1 -1 16 1354 53
get: 1496270098.226747 6 2 33 0x7f52a7800350 0x7fc9cb21a020 1 -1 16 1354 53
get: 1496270098.226928 6 2 33 0x7f52a77fff28 0x7fc9cb40e160 1 -1 8 492 26
get: 1496270098.227019 6 2 33 0x7f52a77fff30 0x7fc9cb40e158 1 -1 8 492 26
get: 1496270098.227079 6 2 33 0x7f52a7800380 0x7fc9cb21a068 1 -1 16 1354 53
get: 1496270098.227129 6 2 33 0x7f52a7800340 0x7fc9cb21f0f0 1 -1 16 1354 53
task: 1496270098.227192 6 34 33 L 215 28 24
task: 1496270098.227201 6 35 33 L 218 28 31
Btask: 1496270098.227230 6 35
Btask: 1496270098.227232 6 34
fork: 1496270098.227238 6 14 -2 32 0x7f52cb003e10 136 35 
fork: 1496270098.227245 6 13 -2 28 0x7f52ca800e10 136 34 
Etask: 1496270098.238201 6 34
Etask: 1496270098.449026 6 35
Etask: 1496270098.449060 6 33
task: 1496270098.449742 6 36 1 O 0 -5 129
Btask: 1496270098.449861 6 36
get: 1496270098.449875 6 0 36 0x7f52a2800930 0x7f559201d6b8 1 -1 16 1002 53
get: 1496270098.450010 6 0 36 0x7f52a2800650 0x7f55921114c0 1 -1 16 753 53
get: 1496270098.450156 6 0 36 0x7f52a2800670 0x7f5592111520 1 -1 16 753 53
get: 1496270098.450299 6 0 36 0x7f52a2800528 0x7f55921104e0 1 -1 8 492 26
get: 1496270098.450388 6 0 36 0x7f52a2800530 0x7f55921104d8 1 -1 8 492 26
get: 1496270098.450441 6 0 36 0x7f52a28006a0 0x7f5592111568 1 -1 16 753 53
get: 1496270098.450588 6 0 36 0x7f52a2800660 0x7f5592051560 1 -1 16 753 53
get: 1496270098.450709 6 0 36 0x7f52a2800970 0x7f559201d6d0 1 -1 16 1003 53
get: 1496270098.450868 6 0 36 0x7f52a2800980 0x7f5592111840 1 -1 16 1003 53
get: 1496270098.451034 6 0 36 0x7f52a2800768 0x7f55921104e0 1 -1 8 492 26
get: 1496270098.451121 6 0 36 0x7f52a2800770 0x7f55921104d8 1 -1 8 492 26
get: 1496270098.451195 6 0 36 0x7f52a28009b0 0x7f5592111888 1 -1 16 1003 53
put: 1496270098.451335 6 0 36 0x7f52a2800a50 0x7f5592051a60 1 -1 16 1003 53
f_executeOn: 1496270098.451434 6 0 -2 18 0x7f52a2800e70 112 36
Etask: 1496270098.451523 6 36
task: 1496270098.460805 6 37 4 O 0 -5 32
Btask: 1496270098.460913 6 37
get: 1496270098.460951 6 2 37 0x7f529d800330 0x7fc9cae10040 1 -1 16 1354 53
get: 1496270098.461177 6 2 37 0x7f529d800350 0x7fc9cae17020 1 -1 16 1354 53
get: 1496270098.461419 6 2 37 0x7f529d7fff28 0x7fc9cb40e160 1 -1 8 492 26
get: 1496270098.461664 6 2 37 0x7f529d7fff30 0x7fc9cb40e158 1 -1 8 492 26
get: 1496270098.461836 6 2 37 0x7f529d800380 0x7fc9cae17068 1 -1 16 1354 53
get: 1496270098.462013 6 2 37 0x7f529d800340 0x7fc9cae1c000 1 -1 16 1354 53
get: 1496270098.462197 6 2 37 0x7f529d800350 0x7fc9cae17020 1 -1 16 1354 53
get: 1496270098.462338 6 2 37 0x7f529d7fff28 0x7fc9cb40e160 1 -1 8 492 26
get: 1496270098.462508 6 2 37 0x7f529d7fff30 0x7fc9cb40e158 1 -1 8 492 26
get: 1496270098.462672 6 2 37 0x7f529d800380 0x7fc9cae17068 1 -1 16 1354 53
get: 1496270098.462767 6 2 37 0x7f529d800340 0x7fc9cae1c010 1 -1 16 1354 53
get: 1496270098.462822 6 2 37 0x7f529d800350 0x7fc9cae17020 1 -1 16 1354 53
get: 1496270098.462938 6 2 37 0x7f529d7fff28 0x7fc9cb40e160 1 -1 8 492 26
get: 1496270098.463082 6 2 37 0x7f529d7fff30 0x7fc9cb40e158 1 -1 8 492 26
get: 1496270098.463257 6 2 37 0x7f529d800380 0x7fc9cae17068 1 -1 16 1354 53
get: 1496270098.463412 6 2 37 0x7f529d800340 0x7fc9cae1c020 1 -1 16 1354 53
get: 1496270098.463577 6 2 37 0x7f529d800350 0x7fc9cae17020 1 -1 16 1354 53
get: 1496270098.463665 6 2 37 0x7f529d7fff28 0x7fc9cb40e160 1 -1 8 492 26
get: 1496270098.463717 6 2 37 0x7f529d7fff30 0x7fc9cb40e158 1 -1 8 492 26
get: 1496270098.463799 6 2 37 0x7f529d800380 0x7fc9cae17068 1 -1 16 1354 53
get: 1496270098.463974 6 2 37 0x7f529d800340 0x7fc9cae1c030 1 -1 16 1354 53
get: 1496270098.464052 6 2 37 0x7f529d800350 0x7fc9cae17020 1 -1 16 1354 53
get: 1496270098.464125 6 2 37 0x7f529d7fff28 0x7fc9cb40e160 1 -1 8 492 26
get: 1496270098.464219 6 2 37 0x7f529d7fff30 0x7fc9cb40e158 1 -1 8 492 26
get: 1496270098.464305 6 2 37 0x7f529d800380 0x7fc9cae17068 1 -1 16 1354 53
get: 1496270098.464382 6 2 37 0x7f529d800340 0x7fc9cae1c040 1 -1 16 1354 53
get: 1496270098.464518 6 2 37 0x7f529d800350 0x7fc9cae17020 1 -1 16 1354 53
get: 1496270098.464629 6 2 37 0x7f529d7fff28 0x7fc9cb40e160 1 -1 8 492 26
get: 1496270098.464728 6 2 37 0x7f529d7fff30 0x7fc9cb40e158 1 -1 8 492 26
get: 1496270098.464862 6 2 37 0x7f529d800380 0x7fc9cae17068 1 -1 16 1354 53
get: 1496270098.465018 6 2 37 0x7f529d800340 0x7fc9cae1c050 1 -1 16 1354 53
get: 1496270098.465136 6 2 37 0x7f529d800350 0x7fc9cae17020 1 -1 16 1354 53
get: 1496270098.465261 6 2 37 0x7f529d7fff28 0x7fc9cb40e160 1 -1 8 492 26
get: 1496270098.465437 6 2 37 0x7f529d7fff30 0x7fc9cb40e158 1 -1 8 492 26
get: 1496270098.465525 6 2 37 0x7f529d800380 0x7fc9cae17068 1 -1 16 1354 53
get: 1496270098.465663 6 2 37 0x7f529d800340 0x7fc9cae1c060 1 -1 16 1354 53
get: 1496270098.465807 6 2 37 0x7f529d800350 0x7fc9cae17020 1 -1 16 1354 53
get: 1496270098.465927 6 2 37 0x7f529d7fff28 0x7fc9cb40e160 1 -1 8 492 26
get: 1496270098.466041 6 2 37 0x7f529d7fff30 0x7fc9cb40e158 1 -1 8 492 26
get: 1496270098.466177 6 2 37 0x7f529d800380 0x7fc9cae17068 1 -1 16 1354 53
get: 1496270098.466302 6 2 37 0x7f529d800340 0x7fc9cae1c070 1 -1 16 1354 53
get: 1496270098.466393 6 2 37 0x7f529d800350 0x7fc9cae17020 1 -1 16 1354 53
get: 1496270098.466519 6 2 37 0x7f529d7fff28 0x7fc9cb40e160 1 -1 8 492 26
get: 1496270098.466661 6 2 37 0x7f529d7fff30 0x7fc9cb40e158 1 -1 8 492 26
get: 1496270098.466850 6 2 37 0x7f529d800380 0x7fc9cae17068 1 -1 16 1354 53
get: 1496270098.466988 6 2 37 0x7f529d800340 0x7fc9cae1c080 1 -1 16 1354 53
get: 1496270098.467104 6 2 37 0x7f529d800350 0x7fc9cae17020 1 -1 16 1354 53
get: 1496270098.467250 6 2 37 0x7f529d7fff28 0x7fc9cb40e160 1 -1 8 492 26
get: 1496270098.467447 6 2 37 0x7f529d7fff30 0x7fc9cb40e158 1 -1 8 492 26
get: 1496270098.467605 6 2 37 0x7f529d800380 0x7fc9cae17068 1 -1 16 1354 53
get: 1496270098.467693 6 2 37 0x7f529d800340 0x7fc9cae1c090 1 -1 16 1354 53
get: 1496270098.467782 6 2 37 0x7f529d800350 0x7fc9cae17020 1 -1 16 1354 53
get: 1496270098.467902 6 2 37 0x7f529d7fff28 0x7fc9cb40e160 1 -1 8 492 26
get: 1496270098.468053 6 2 37 0x7f529d7fff30 0x7fc9cb40e158 1 -1 8 492 26
get: 1496270098.468142 6 2 37 0x7f529d800380 0x7fc9cae17068 1 -1 16 1354 53
get: 1496270098.468197 6 2 37 0x7f529d800340 0x7fc9cae1c0a0 1 -1 16 1354 53
get: 1496270098.468326 6 2 37 0x7f529d800350 0x7fc9cae17020 1 -1 16 1354 53
get: 1496270098.468448 6 2 37 0x7f529d7fff28 0x7fc9cb40e160 1 -1 8 492 26
get: 1496270098.468579 6 2 37 0x7f529d7fff30 0x7fc9cb40e158 1 -1 8 492 26
get: 1496270098.468636 6 2 37 0x7f529d800380 0x7fc9cae17068 1 -1 16 1354 53
get: 1496270098.468763 6 2 37 0x7f529d800340 0x7fc9cae1c0b0 1 -1 16 1354 53
get: 1496270098.468900 6 2 37 0x7f529d800350 0x7fc9cae17020 1 -1 16 1354 53
get: 1496270098.468985 6 2 37 0x7f529d7fff28 0x7fc9cb40e160 1 -1 8 492 26
get: 1496270098.469047 6 2 37 0x7f529d7fff30 0x7fc9cb40e158 1 -1 8 492 26
get: 1496270098.469165 6 2 37 0x7f529d800380 0x7fc9cae17068 1 -1 16 1354 53
get: 1496270098.469307 6 2 37 0x7f529d800340 0x7fc9cae1c0c0 1 -1 16 1354 53
get: 1496270098.469396 6 2 37 0x7f529d800350 0x7fc9cae17020 1 -1 16 1354 53
get: 1496270098.469470 6 2 37 0x7f529d7fff28 0x7fc9cb40e160 1 -1 8 492 26
get: 1496270098.469613 6 2 37 0x7f529d7fff30 0x7fc9cb40e158 1 -1 8 492 26
get: 1496270098.469756 6 2 37 0x7f529d800380 0x7fc9cae17068 1 -1 16 1354 53
get: 1496270098.469854 6 2 37 0x7f529d800340 0x7fc9cae1c0d0 1 -1 16 1354 53
get: 1496270098.469925 6 2 37 0x7f529d800350 0x7fc9cae17020 1 -1 16 1354 53
get: 1496270098.470034 6 2 37 0x7f529d7fff28 0x7fc9cb40e160 1 -1 8 492 26
get: 1496270098.470118 6 2 37 0x7f529d7fff30 0x7fc9cb40e158 1 -1 8 492 26
get: 1496270098.470167 6 2 37 0x7f529d800380 0x7fc9cae17068 1 -1 16 1354 53
get: 1496270098.470218 6 2 37 0x7f529d800340 0x7fc9cae1c0e0 1 -1 16 1354 53
get: 1496270098.470269 6 2 37 0x7f529d800350 0x7fc9cae17020 1 -1 16 1354 53
get: 1496270098.470318 6 2 37 0x7f529d7fff28 0x7fc9cb40e160 1 -1 8 492 26
get: 1496270098.470366 6 2 37 0x7f529d7fff30 0x7fc9cb40e158 1 -1 8 492 26
get: 1496270098.470488 6 2 37 0x7f529d800380 0x7fc9cae17068 1 -1 16 1354 53
get: 1496270098.470539 6 2 37 0x7f529d800340 0x7fc9cae1c0f0 1 -1 16 1354 53
task: 1496270098.470600 6 38 37 L 215 28 24
task: 1496270098.470609 6 39 37 L 218 28 31
Btask: 1496270098.470638 6 39
Btask: 1496270098.470640 6 38
fork: 1496270098.470646 6 14 -2 32 0x7f52cb003e10 136 39 
fork: 1496270098.470653 6 13 -2 28 0x7f52ca800e10 136 38 
Etask: 1496270098.481144 6 38
Etask: 1496270098.517012 6 39
Etask: 1496270098.517041 6 37
task: 1496270098.518234 6 40 4 O 0 -5 158
Btask: 1496270098.518370 6 40
VdbMark: 1496270098.518382 6 40
task: 1496270098.518395 6 41 40 L 98 52 157
Btask: 1496270098.518424 6 41
fork: 1496270098.518434 6 7 -2 158 0x7f52c5800dd0 168 41 
Etask: 1496270098.519057 6 41
Tag: 1496270098.519060 2.216000 0.860000 6 40 2
Etask: 1496270098.519096 6 40
task: 1496270098.526065 6 42 4 O 0 -5 164
Btask: 1496270098.526092 6 42
f_executeOn: 1496270098.526134 6 0 -2 18 0x7f52ca800e20 112 42
Etask: 1496270098.526242 6 42
task: 1496270098.533549 6 43 1 O 0 -5 158
Btask: 1496270098.533577 6 43
VdbMark: 1496270098.533582 6 43
task: 1496270098.533593 6 44 43 L 98 52 157
Btask: 1496270098.533610 6 44
fork: 1496270098.533617 6 7 -2 158 0x7f52ca800dd0 168 44 
Etask: 1496270098.533902 6 44
Tag: 1496270098.533903 2.244000 0.872000 6 43 3
Etask: 1496270098.533937 6 43
task: 1496270098.577896 6 45 1 O 0 -5 158
Btask: 1496270098.577924 6 45
VdbMark: 1496270098.577939 6 45
task: 1496270098.577947 6 46 45 L 98 52 157
Btask: 1496270098.577964 6 46
fork: 1496270098.577969 6 7 -2 158 0x7f52c6003dd0 168 46 
Etask: 1496270098.578369 6 46
Tag: 1496270098.578385 2.304000 0.904000 6 45 4
Etask: 1496270098.578416 6 45
task: 1496270098.585774 6 47 4 O 0 -5 162
Btask: 1496270098.585829 6 47
get: 1496270098.585841 6 2 47 0x7f52c0800a80 0x7fc9cbc1d020 1 -1 8 33 51
get: 1496270098.585969 6 2 47 0x7f52c0800a90 0x7fc9cbc1d028 1 -1 16 33 51
task: 1496270098.586098 6 48 47 L 30 51 159
task: 1496270098.586106 6 49 47 L 32 51 161
Btask: 1496270098.586117 6 48
fork: 1496270098.586125 6 13 -2 160 0x7f52ca800e60 104 48 
Btask: 1496270098.586153 6 49
fork: 1496270098.586165 6 14 -2 162 0x7f52cb003e60 104 49 
Etask: 1496270098.587775 6 48
Etask: 1496270098.592921 6 49
Etask: 1496270098.592932 6 47
task: 1496270098.593424 6 50 4 O 0 -5 158
Btask: 1496270098.593464 6 50
VdbMark: 1496270098.593475 6 50
task: 1496270098.593482 6 51 50 L 98 52 157
Btask: 1496270098.593503 6 51
fork: 1496270098.593508 6 7 -2 158 0x7f52c0800dd0 168 51 
Etask: 1496270098.593778 6 51
Tag: 1496270098.593780 2.344000 0.916000 6 50 5
Etask: 1496270098.593803 6 50
task: 1496270098.603941 6 52 4 O 0 -5 158
Btask: 1496270098.604026 6 52
VdbMark: 1496270098.604038 6 52
task: 1496270098.604045 6 53 52 L 98 52 157
Btask: 1496270098.604064 6 53
fork: 1496270098.604071 6 7 -2 158 0x7f52cb003dd0 168 53 
Etask: 1496270098.604457 6 53
Tag: 1496270098.604460 2.364000 0.924000 6 52 6
Etask: 1496270098.604498 6 52
task: 1496270098.608469 6 54 4 O 0 -5 168
Btask: 1496270098.608519 6 54
task: 1496270098.608547 6 55 54 L 76 51 165
task: 1496270098.608556 6 56 54 L 78 51 167
task: 1496270098.608563 6 57 54 L 80 51 169
Btask: 1496270098.608600 6 57
Etask: 1496270098.608610 6 57
Btask: 1496270098.608611 6 55
Btask: 1496270098.608623 6 56
fork: 1496270098.608625 6 13 -2 166 0x7f52c5800e90 72 55 
fork: 1496270098.608637 6 14 -2 168 0x7f52c0800e90 72 56 
Etask: 1496270098.609007 6 55
Etask: 1496270098.617029 6 56
Etask: 1496270098.617059 6 54
task: 1496270098.620567 6 58 4 O 0 -5 158
Btask: 1496270098.620597 6 58
VdbMark: 1496270098.620605 6 58
task: 1496270098.620613 6 59 58 L 98 52 157
Btask: 1496270098.620634 6 59
fork: 1496270098.620641 6 7 -2 158 0x7f52c5800dd0 168 59 
Etask: 1496270098.620957 6 59
Tag: 1496270098.620959 2.416000 0.932000 6 58 7
Etask: 1496270098.620990 6 58
task: 1496270098.675309 6 60 4 O 0 -5 158
Btask: 1496270098.675391 6 60
VdbMark: 1496270098.675402 6 60
task: 1496270098.675425 6 61 60 L 98 52 157
Btask: 1496270098.675454 6 61
fork: 1496270098.675467 6 7 -2 158 0x7f52c5800dd0 168 61 
Etask: 1496270098.675860 6 61
Tag: 1496270098.675863 2.496000 0.968000 6 60 8
Etask: 1496270098.675903 6 60
task: 1496270098.678551 6 62 1 O 0 -5 171
Btask: 1496270098.678607 6 62
task: 1496270098.678623 6 63 62 L 113 51 170
Btask: 1496270098.678656 6 63
fork: 1496270098.678662 6 7 -2 171 0x7f52c5800e60 96 63 
Etask: 1496270098.678971 6 63
Etask: 1496270098.679023 6 62
task: 1496270098.685593 6 64 1 O 0 -5 158
Btask: 1496270098.685643 6 64
VdbMark: 1496270098.685650 6 64
task: 1496270098.685658 6 65 64 L 98 52 157
Btask: 1496270098.685677 6 65
fork: 1496270098.685682 6 7 -2 158 0x7f52c5800dd0 168 65 
Etask: 1496270098.686093 6 65
Tag: 1496270098.686095 2.512000 0.984000 6 64 9
Etask: 1496270098.686130 6 64
task: 1496270098.722050 6 66 1 O 0 -5 158
Btask: 1496270098.722121 6 66
VdbMark: 1496270098.722159 6 66
task: 1496270098.722175 6 67 66 L 98 52 157
Btask: 1496270098.722215 6 67
fork: 1496270098.722222 6 7 -2 158 0x7f52c0800dd0 168 67 
Etask: 1496270098.722505 6 67
Pause: 1496270098.722508 2.564000 1.008000 6 66 9
VdbMark: 1496270098.724785 6 68
Tag: 1496270098.725103 2.572000 1.012000 6 68 10
Etask: 1496270098.725131 6 68
task: 1496270098.752363 6 70 4 O 0 -5 172
Btask: 1496270098.752487 6 70
get: 1496270098.752498 6 4 70 0x7f52cb003e80 0x7f8936800a98 1 -1 8 157 51
get: 1496270098.752764 6 4 70 0x7f52cb003e88 0x7f8936800a98 1 -1 8 157 51
get: 1496270098.752972 6 4 70 0x7f52cb003930 0x7f8977219180 1 -1 8 157 51
get: 1496270098.753188 6 4 70 0x7f52cb003940 0x7f8977219188 1 -1 16 157 51
fork: 1496270098.753395 6 7 -2 172 0x7f52cb003d90 120 70 
Etask: 1496270098.754480 6 70
task: 1496270098.758744 6 71 4 O 0 -5 158
Btask: 1496270098.758766 6 71
VdbMark: 1496270098.758772 6 71
task: 1496270098.758779 6 72 71 L 98 52 157
Btask: 1496270098.758797 6 72
fork: 1496270098.758804 6 7 -2 158 0x7f52c0800dd0 168 72 
Etask: 1496270098.759002 6 72
Tag: 1496270098.759003 2.628000 1.032000 6 71 11
Etask: 1496270098.759023 6 71
task: 1496270098.782617 6 73 1 O 0 -5 158
Btask: 1496270098.782650 6 73
VdbMark: 1496270098.782653 6 73
task: 1496270098.782659 6 74 73 L 98 52 157
Btask: 1496270098.782673 6 74
fork: 1496270098.782679 6 7 -2 158 0x7f52c5800dd0 168 74 
Etask: 1496270098.786028 6 74
Pause: 1496270098.786029 2.668000 1.044000 6 73 11
VdbMark: 1496270098.786749 6 75
Tag: 1496270098.786954 2.672000 1.044000 6 75 12
Etask: 1496270098.786973 6 75
task: 1496270098.792669 6 77 1 O 0 -5 174
Btask: 1496270098.792791 6 77
get: 1496270098.792809 6 4 77 0x7f52b6800a90 0x7f8930c0f000 1 -1 8 204 51
get: 1496270098.792972 6 4 77 0x7f52b6800aa0 0x7f8930c0f008 1 -1 16 204 51
task: 1496270098.793107 6 78 77 L 201 51 173
Btask: 1496270098.793137 6 78
fork: 1496270098.793142 6 7 -2 174 0x7f52c5800e30 120 78 
Etask: 1496270098.794381 6 78
Etask: 1496270098.794489 6 77
task: 1496270098.805032 6 79 1 O 0 -5 158
Btask: 1496270098.805089 6 79
VdbMark: 1496270098.805118 6 79
task: 1496270098.805138 6 80 79 L 98 52 157
Btask: 1496270098.805165 6 80
fork: 1496270098.805171 6 7 -2 158 0x7f52b6800dd0 168 80 
Etask: 1496270098.807542 6 80
End: 1496270098.807548 2.724000 1.048000 6 79
