ChplVdebug: ver 1.2 nodes 16 nid 11 tid 2 seq 56097699490.000 1496270097.705678 0.320000 0.152000 
Etask: 1496270097.706880 11 2
task: 1496270097.733859 11 3 4 O 0 -5 158
Btask: 1496270097.734910 11 3
VdbMark: 1496270097.735378 11 3
Tag: 1496270097.735391 0.368000 0.164000 11 3 0
Etask: 1496270097.735490 11 3
task: 1496270097.754775 11 5 1 O 0 -5 123
Btask: 1496270097.755303 11 5
get: 1496270097.755779 11 0 5 0x7f3b6b800c50 0x7f5592184348 1 -1 16 451 53
get: 1496270097.755924 11 0 5 0x7f3b6b800c60 0x7f55921113e0 1 -1 16 451 53
get: 1496270097.756074 11 0 5 0x7f3b6b800b08 0x7f55921104e0 1 -1 8 492 26
get: 1496270097.756181 11 0 5 0x7f3b6b800b10 0x7f55921104d8 1 -1 8 492 26
get: 1496270097.756316 11 0 5 0x7f3b6b800c90 0x7f5592111428 1 -1 16 451 53
put: 1496270097.756407 11 0 5 0x7f3b6b800cb0 0x7f55920514b0 1 -1 16 451 53
f_executeOn: 1496270097.756529 11 0 -2 18 0x7f3b6b800df0 112 5
Etask: 1496270097.756663 11 5
task: 1496270097.795649 11 6 4 O 0 -5 27
Btask: 1496270097.796368 11 6
get: 1496270097.797059 11 5 6 0x7f3b5f7fff30 0x7f34b9e0f0a8 1 -1 16 1295 53
get: 1496270097.797277 11 5 6 0x7f3b5f7ffe30 0x7f34b9e0f088 1 -1 16 1294 53
get: 1496270097.797507 11 5 6 0x7f3b5f7ffe50 0x7f34b9e17020 1 -1 16 1294 53
get: 1496270097.797755 11 5 6 0x7f3b5f7ff9a8 0x7f34b9e0e160 1 -1 8 492 26
get: 1496270097.797915 11 5 6 0x7f3b5f7ff9b0 0x7f34b9e0e158 1 -1 8 492 26
get: 1496270097.798085 11 5 6 0x7f3b5f7ffe80 0x7f34b9e17068 1 -1 16 1294 53
get: 1496270097.798391 11 5 6 0x7f3b5f7ffe40 0x7f34b9e20000 1 -1 16 1294 53
get: 1496270097.798596 11 5 6 0x7f3b5f7fff50 0x7f34b9e170c0 1 -1 16 1295 53
get: 1496270097.798832 11 5 6 0x7f3b5f7ff9a8 0x7f34b9e0e160 1 -1 8 492 26
get: 1496270097.798987 11 5 6 0x7f3b5f7ff9b0 0x7f34b9e0e158 1 -1 8 492 26
get: 1496270097.799106 11 5 6 0x7f3b5f7fff80 0x7f34b9e17108 1 -1 16 1295 53
get: 1496270097.799272 11 5 6 0x7f3b5f7fff40 0x7f34b9e20100 1 -1 16 1295 53
get: 1496270097.799478 11 5 6 0x7f3b5f7ffe50 0x7f34b9e17020 1 -1 16 1294 53
get: 1496270097.799659 11 5 6 0x7f3b5f7ff9a8 0x7f34b9e0e160 1 -1 8 492 26
get: 1496270097.799793 11 5 6 0x7f3b5f7ff9b0 0x7f34b9e0e158 1 -1 8 492 26
get: 1496270097.799905 11 5 6 0x7f3b5f7ffe80 0x7f34b9e17068 1 -1 16 1294 53
get: 1496270097.800049 11 5 6 0x7f3b5f7ffe40 0x7f34b9e20010 1 -1 16 1294 53
get: 1496270097.800145 11 5 6 0x7f3b5f7fff50 0x7f34b9e170c0 1 -1 16 1295 53
get: 1496270097.800346 11 5 6 0x7f3b5f7ff9a8 0x7f34b9e0e160 1 -1 8 492 26
get: 1496270097.800477 11 5 6 0x7f3b5f7ff9b0 0x7f34b9e0e158 1 -1 8 492 26
get: 1496270097.800742 11 5 6 0x7f3b5f7fff80 0x7f34b9e17108 1 -1 16 1295 53
get: 1496270097.800869 11 5 6 0x7f3b5f7fff40 0x7f34b9e20110 1 -1 16 1295 53
get: 1496270097.801004 11 5 6 0x7f3b5f7ffe50 0x7f34b9e17020 1 -1 16 1294 53
get: 1496270097.801132 11 5 6 0x7f3b5f7ff9a8 0x7f34b9e0e160 1 -1 8 492 26
get: 1496270097.801688 11 5 6 0x7f3b5f7ff9b0 0x7f34b9e0e158 1 -1 8 492 26
get: 1496270097.801801 11 5 6 0x7f3b5f7ffe80 0x7f34b9e17068 1 -1 16 1294 53
get: 1496270097.801935 11 5 6 0x7f3b5f7ffe40 0x7f34b9e20020 1 -1 16 1294 53
get: 1496270097.802048 11 5 6 0x7f3b5f7fff50 0x7f34b9e170c0 1 -1 16 1295 53
get: 1496270097.802191 11 5 6 0x7f3b5f7ff9a8 0x7f34b9e0e160 1 -1 8 492 26
get: 1496270097.802414 11 5 6 0x7f3b5f7ff9b0 0x7f34b9e0e158 1 -1 8 492 26
get: 1496270097.802641 11 5 6 0x7f3b5f7fff80 0x7f34b9e17108 1 -1 16 1295 53
get: 1496270097.802790 11 5 6 0x7f3b5f7fff40 0x7f34b9e20120 1 -1 16 1295 53
get: 1496270097.802979 11 5 6 0x7f3b5f7ffe50 0x7f34b9e17020 1 -1 16 1294 53
get: 1496270097.803077 11 5 6 0x7f3b5f7ff9a8 0x7f34b9e0e160 1 -1 8 492 26
get: 1496270097.803175 11 5 6 0x7f3b5f7ff9b0 0x7f34b9e0e158 1 -1 8 492 26
get: 1496270097.803292 11 5 6 0x7f3b5f7ffe80 0x7f34b9e17068 1 -1 16 1294 53
get: 1496270097.803684 11 5 6 0x7f3b5f7ffe40 0x7f34b9e20030 1 -1 16 1294 53
get: 1496270097.803834 11 5 6 0x7f3b5f7fff50 0x7f34b9e170c0 1 -1 16 1295 53
get: 1496270097.803969 11 5 6 0x7f3b5f7ff9a8 0x7f34b9e0e160 1 -1 8 492 26
get: 1496270097.804055 11 5 6 0x7f3b5f7ff9b0 0x7f34b9e0e158 1 -1 8 492 26
get: 1496270097.804192 11 5 6 0x7f3b5f7fff80 0x7f34b9e17108 1 -1 16 1295 53
get: 1496270097.804322 11 5 6 0x7f3b5f7fff40 0x7f34b9e20130 1 -1 16 1295 53
get: 1496270097.804426 11 5 6 0x7f3b5f7ffe50 0x7f34b9e17020 1 -1 16 1294 53
get: 1496270097.804481 11 5 6 0x7f3b5f7ff9a8 0x7f34b9e0e160 1 -1 8 492 26
get: 1496270097.804596 11 5 6 0x7f3b5f7ff9b0 0x7f34b9e0e158 1 -1 8 492 26
get: 1496270097.804851 11 5 6 0x7f3b5f7ffe80 0x7f34b9e17068 1 -1 16 1294 53
get: 1496270097.805002 11 5 6 0x7f3b5f7ffe40 0x7f34b9e20040 1 -1 16 1294 53
get: 1496270097.805259 11 5 6 0x7f3b5f7fff50 0x7f34b9e170c0 1 -1 16 1295 53
get: 1496270097.805448 11 5 6 0x7f3b5f7ff9a8 0x7f34b9e0e160 1 -1 8 492 26
get: 1496270097.805636 11 5 6 0x7f3b5f7ff9b0 0x7f34b9e0e158 1 -1 8 492 26
get: 1496270097.805878 11 5 6 0x7f3b5f7fff80 0x7f34b9e17108 1 -1 16 1295 53
get: 1496270097.806205 11 5 6 0x7f3b5f7fff40 0x7f34b9e20140 1 -1 16 1295 53
get: 1496270097.806481 11 5 6 0x7f3b5f7ffe50 0x7f34b9e17020 1 -1 16 1294 53
get: 1496270097.806599 11 5 6 0x7f3b5f7ff9a8 0x7f34b9e0e160 1 -1 8 492 26
get: 1496270097.806788 11 5 6 0x7f3b5f7ff9b0 0x7f34b9e0e158 1 -1 8 492 26
get: 1496270097.807000 11 5 6 0x7f3b5f7ffe80 0x7f34b9e17068 1 -1 16 1294 53
get: 1496270097.807255 11 5 6 0x7f3b5f7ffe40 0x7f34b9e20050 1 -1 16 1294 53
get: 1496270097.807373 11 5 6 0x7f3b5f7fff50 0x7f34b9e170c0 1 -1 16 1295 53
get: 1496270097.807495 11 5 6 0x7f3b5f7ff9a8 0x7f34b9e0e160 1 -1 8 492 26
get: 1496270097.807630 11 5 6 0x7f3b5f7ff9b0 0x7f34b9e0e158 1 -1 8 492 26
get: 1496270097.807765 11 5 6 0x7f3b5f7fff80 0x7f34b9e17108 1 -1 16 1295 53
get: 1496270097.807872 11 5 6 0x7f3b5f7fff40 0x7f34b9e20150 1 -1 16 1295 53
get: 1496270097.808115 11 5 6 0x7f3b5f7ffe50 0x7f34b9e17020 1 -1 16 1294 53
get: 1496270097.808241 11 5 6 0x7f3b5f7ff9a8 0x7f34b9e0e160 1 -1 8 492 26
get: 1496270097.808388 11 5 6 0x7f3b5f7ff9b0 0x7f34b9e0e158 1 -1 8 492 26
get: 1496270097.808612 11 5 6 0x7f3b5f7ffe80 0x7f34b9e17068 1 -1 16 1294 53
get: 1496270097.808933 11 5 6 0x7f3b5f7ffe40 0x7f34b9e20060 1 -1 16 1294 53
get: 1496270097.809021 11 5 6 0x7f3b5f7fff50 0x7f34b9e170c0 1 -1 16 1295 53
get: 1496270097.809120 11 5 6 0x7f3b5f7ff9a8 0x7f34b9e0e160 1 -1 8 492 26
get: 1496270097.809221 11 5 6 0x7f3b5f7ff9b0 0x7f34b9e0e158 1 -1 8 492 26
get: 1496270097.809345 11 5 6 0x7f3b5f7fff80 0x7f34b9e17108 1 -1 16 1295 53
get: 1496270097.810056 11 5 6 0x7f3b5f7fff40 0x7f34b9e20160 1 -1 16 1295 53
get: 1496270097.810401 11 5 6 0x7f3b5f7ffe50 0x7f34b9e17020 1 -1 16 1294 53
get: 1496270097.810532 11 5 6 0x7f3b5f7ff9a8 0x7f34b9e0e160 1 -1 8 492 26
get: 1496270097.810983 11 5 6 0x7f3b5f7ff9b0 0x7f34b9e0e158 1 -1 8 492 26
get: 1496270097.811113 11 5 6 0x7f3b5f7ffe80 0x7f34b9e17068 1 -1 16 1294 53
get: 1496270097.811480 11 5 6 0x7f3b5f7ffe40 0x7f34b9e20070 1 -1 16 1294 53
get: 1496270097.811608 11 5 6 0x7f3b5f7fff50 0x7f34b9e170c0 1 -1 16 1295 53
get: 1496270097.812137 11 5 6 0x7f3b5f7ff9a8 0x7f34b9e0e160 1 -1 8 492 26
get: 1496270097.812582 11 5 6 0x7f3b5f7ff9b0 0x7f34b9e0e158 1 -1 8 492 26
get: 1496270097.812676 11 5 6 0x7f3b5f7fff80 0x7f34b9e17108 1 -1 16 1295 53
get: 1496270097.812769 11 5 6 0x7f3b5f7fff40 0x7f34b9e20170 1 -1 16 1295 53
get: 1496270097.813131 11 5 6 0x7f3b5f7ffe50 0x7f34b9e17020 1 -1 16 1294 53
get: 1496270097.813299 11 5 6 0x7f3b5f7ff9a8 0x7f34b9e0e160 1 -1 8 492 26
get: 1496270097.813388 11 5 6 0x7f3b5f7ff9b0 0x7f34b9e0e158 1 -1 8 492 26
get: 1496270097.813477 11 5 6 0x7f3b5f7ffe80 0x7f34b9e17068 1 -1 16 1294 53
get: 1496270097.813565 11 5 6 0x7f3b5f7ffe40 0x7f34b9e20080 1 -1 16 1294 53
get: 1496270097.813658 11 5 6 0x7f3b5f7fff50 0x7f34b9e170c0 1 -1 16 1295 53
get: 1496270097.813942 11 5 6 0x7f3b5f7ff9a8 0x7f34b9e0e160 1 -1 8 492 26
get: 1496270097.814090 11 5 6 0x7f3b5f7ff9b0 0x7f34b9e0e158 1 -1 8 492 26
get: 1496270097.814220 11 5 6 0x7f3b5f7fff80 0x7f34b9e17108 1 -1 16 1295 53
get: 1496270097.814524 11 5 6 0x7f3b5f7fff40 0x7f34b9e20180 1 -1 16 1295 53
get: 1496270097.814675 11 5 6 0x7f3b5f7ffe50 0x7f34b9e17020 1 -1 16 1294 53
get: 1496270097.814904 11 5 6 0x7f3b5f7ff9a8 0x7f34b9e0e160 1 -1 8 492 26
get: 1496270097.815176 11 5 6 0x7f3b5f7ff9b0 0x7f34b9e0e158 1 -1 8 492 26
get: 1496270097.815801 11 5 6 0x7f3b5f7ffe80 0x7f34b9e17068 1 -1 16 1294 53
get: 1496270097.815942 11 5 6 0x7f3b5f7ffe40 0x7f34b9e20090 1 -1 16 1294 53
get: 1496270097.816199 11 5 6 0x7f3b5f7fff50 0x7f34b9e170c0 1 -1 16 1295 53
get: 1496270097.816681 11 5 6 0x7f3b5f7ff9a8 0x7f34b9e0e160 1 -1 8 492 26
get: 1496270097.816777 11 5 6 0x7f3b5f7ff9b0 0x7f34b9e0e158 1 -1 8 492 26
get: 1496270097.816871 11 5 6 0x7f3b5f7fff80 0x7f34b9e17108 1 -1 16 1295 53
get: 1496270097.816967 11 5 6 0x7f3b5f7fff40 0x7f34b9e20190 1 -1 16 1295 53
get: 1496270097.817115 11 5 6 0x7f3b5f7ffe50 0x7f34b9e17020 1 -1 16 1294 53
get: 1496270097.817204 11 5 6 0x7f3b5f7ff9a8 0x7f34b9e0e160 1 -1 8 492 26
get: 1496270097.817254 11 5 6 0x7f3b5f7ff9b0 0x7f34b9e0e158 1 -1 8 492 26
get: 1496270097.817349 11 5 6 0x7f3b5f7ffe80 0x7f34b9e17068 1 -1 16 1294 53
get: 1496270097.818141 11 5 6 0x7f3b5f7ffe40 0x7f34b9e200a0 1 -1 16 1294 53
get: 1496270097.818757 11 5 6 0x7f3b5f7fff50 0x7f34b9e170c0 1 -1 16 1295 53
get: 1496270097.818892 11 5 6 0x7f3b5f7ff9a8 0x7f34b9e0e160 1 -1 8 492 26
get: 1496270097.818983 11 5 6 0x7f3b5f7ff9b0 0x7f34b9e0e158 1 -1 8 492 26
get: 1496270097.819310 11 5 6 0x7f3b5f7fff80 0x7f34b9e17108 1 -1 16 1295 53
get: 1496270097.819705 11 5 6 0x7f3b5f7fff40 0x7f34b9e201a0 1 -1 16 1295 53
get: 1496270097.819994 11 5 6 0x7f3b5f7ffe50 0x7f34b9e17020 1 -1 16 1294 53
get: 1496270097.820123 11 5 6 0x7f3b5f7ff9a8 0x7f34b9e0e160 1 -1 8 492 26
get: 1496270097.820515 11 5 6 0x7f3b5f7ff9b0 0x7f34b9e0e158 1 -1 8 492 26
get: 1496270097.820657 11 5 6 0x7f3b5f7ffe80 0x7f34b9e17068 1 -1 16 1294 53
get: 1496270097.820786 11 5 6 0x7f3b5f7ffe40 0x7f34b9e200b0 1 -1 16 1294 53
get: 1496270097.820907 11 5 6 0x7f3b5f7fff50 0x7f34b9e170c0 1 -1 16 1295 53
get: 1496270097.821028 11 5 6 0x7f3b5f7ff9a8 0x7f34b9e0e160 1 -1 8 492 26
get: 1496270097.821146 11 5 6 0x7f3b5f7ff9b0 0x7f34b9e0e158 1 -1 8 492 26
get: 1496270097.821274 11 5 6 0x7f3b5f7fff80 0x7f34b9e17108 1 -1 16 1295 53
get: 1496270097.821647 11 5 6 0x7f3b5f7fff40 0x7f34b9e201b0 1 -1 16 1295 53
get: 1496270097.821955 11 5 6 0x7f3b5f7ffe50 0x7f34b9e17020 1 -1 16 1294 53
get: 1496270097.822191 11 5 6 0x7f3b5f7ff9a8 0x7f34b9e0e160 1 -1 8 492 26
get: 1496270097.822571 11 5 6 0x7f3b5f7ff9b0 0x7f34b9e0e158 1 -1 8 492 26
get: 1496270097.822751 11 5 6 0x7f3b5f7ffe80 0x7f34b9e17068 1 -1 16 1294 53
get: 1496270097.822877 11 5 6 0x7f3b5f7ffe40 0x7f34b9e200c0 1 -1 16 1294 53
get: 1496270097.822997 11 5 6 0x7f3b5f7fff50 0x7f34b9e170c0 1 -1 16 1295 53
get: 1496270097.823118 11 5 6 0x7f3b5f7ff9a8 0x7f34b9e0e160 1 -1 8 492 26
get: 1496270097.823237 11 5 6 0x7f3b5f7ff9b0 0x7f34b9e0e158 1 -1 8 492 26
get: 1496270097.823360 11 5 6 0x7f3b5f7fff80 0x7f34b9e17108 1 -1 16 1295 53
get: 1496270097.823685 11 5 6 0x7f3b5f7fff40 0x7f34b9e201c0 1 -1 16 1295 53
get: 1496270097.823816 11 5 6 0x7f3b5f7ffe50 0x7f34b9e17020 1 -1 16 1294 53
get: 1496270097.823935 11 5 6 0x7f3b5f7ff9a8 0x7f34b9e0e160 1 -1 8 492 26
get: 1496270097.824059 11 5 6 0x7f3b5f7ff9b0 0x7f34b9e0e158 1 -1 8 492 26
get: 1496270097.824797 11 5 6 0x7f3b5f7ffe80 0x7f34b9e17068 1 -1 16 1294 53
get: 1496270097.825445 11 5 6 0x7f3b5f7ffe40 0x7f34b9e200d0 1 -1 16 1294 53
get: 1496270097.825588 11 5 6 0x7f3b5f7fff50 0x7f34b9e170c0 1 -1 16 1295 53
get: 1496270097.825720 11 5 6 0x7f3b5f7ff9a8 0x7f34b9e0e160 1 -1 8 492 26
get: 1496270097.825797 11 5 6 0x7f3b5f7ff9b0 0x7f34b9e0e158 1 -1 8 492 26
get: 1496270097.825926 11 5 6 0x7f3b5f7fff80 0x7f34b9e17108 1 -1 16 1295 53
get: 1496270097.826039 11 5 6 0x7f3b5f7fff40 0x7f34b9e201d0 1 -1 16 1295 53
get: 1496270097.826173 11 5 6 0x7f3b5f7ffe50 0x7f34b9e17020 1 -1 16 1294 53
get: 1496270097.826419 11 5 6 0x7f3b5f7ff9a8 0x7f34b9e0e160 1 -1 8 492 26
get: 1496270097.826547 11 5 6 0x7f3b5f7ff9b0 0x7f34b9e0e158 1 -1 8 492 26
get: 1496270097.826797 11 5 6 0x7f3b5f7ffe80 0x7f34b9e17068 1 -1 16 1294 53
get: 1496270097.827237 11 5 6 0x7f3b5f7ffe40 0x7f34b9e200e0 1 -1 16 1294 53
get: 1496270097.827374 11 5 6 0x7f3b5f7fff50 0x7f34b9e170c0 1 -1 16 1295 53
get: 1496270097.827508 11 5 6 0x7f3b5f7ff9a8 0x7f34b9e0e160 1 -1 8 492 26
get: 1496270097.827611 11 5 6 0x7f3b5f7ff9b0 0x7f34b9e0e158 1 -1 8 492 26
get: 1496270097.827741 11 5 6 0x7f3b5f7fff80 0x7f34b9e17108 1 -1 16 1295 53
get: 1496270097.827891 11 5 6 0x7f3b5f7fff40 0x7f34b9e201e0 1 -1 16 1295 53
get: 1496270097.828129 11 5 6 0x7f3b5f7ffe50 0x7f34b9e17020 1 -1 16 1294 53
get: 1496270097.828299 11 5 6 0x7f3b5f7ff9a8 0x7f34b9e0e160 1 -1 8 492 26
get: 1496270097.828422 11 5 6 0x7f3b5f7ff9b0 0x7f34b9e0e158 1 -1 8 492 26
get: 1496270097.828516 11 5 6 0x7f3b5f7ffe80 0x7f34b9e17068 1 -1 16 1294 53
get: 1496270097.828648 11 5 6 0x7f3b5f7ffe40 0x7f34b9e200f0 1 -1 16 1294 53
get: 1496270097.829210 11 5 6 0x7f3b5f7fff50 0x7f34b9e170c0 1 -1 16 1295 53
get: 1496270097.829335 11 5 6 0x7f3b5f7ff9a8 0x7f34b9e0e160 1 -1 8 492 26
get: 1496270097.829698 11 5 6 0x7f3b5f7ff9b0 0x7f34b9e0e158 1 -1 8 492 26
get: 1496270097.829914 11 5 6 0x7f3b5f7fff80 0x7f34b9e17108 1 -1 16 1295 53
get: 1496270097.830081 11 5 6 0x7f3b5f7fff40 0x7f34b9e201f0 1 -1 16 1295 53
task: 1496270097.830276 11 7 6 L 215 28 23
task: 1496270097.830290 11 8 6 L 218 28 30
Btask: 1496270097.830418 11 8
Etask: 1496270097.830437 11 8
Btask: 1496270097.830415 11 7
Etask: 1496270097.830895 11 7
Etask: 1496270097.830911 11 6
task: 1496270097.900462 11 9 1 O 0 -5 125
Btask: 1496270097.900983 11 9
get: 1496270097.901455 11 0 9 0x7f3b5a800b50 0x7f55921114c0 1 -1 16 933 53
get: 1496270097.901594 11 0 9 0x7f3b5a800b60 0x7f5592111520 1 -1 16 933 53
get: 1496270097.901775 11 0 9 0x7f3b5a8009c8 0x7f55921104e0 1 -1 8 492 26
get: 1496270097.901944 11 0 9 0x7f3b5a8009d0 0x7f55921104d8 1 -1 8 492 26
get: 1496270097.902095 11 0 9 0x7f3b5a800b90 0x7f5592111568 1 -1 16 933 53
get: 1496270097.902306 11 0 9 0x7f3b5a800be0 0x7f55921114a8 1 -1 16 934 53
get: 1496270097.902423 11 0 9 0x7f3b5a800770 0x7f5592184348 1 -1 16 588 53
get: 1496270097.902566 11 0 9 0x7f3b5a800790 0x7f55921113e0 1 -1 16 588 53
get: 1496270097.902714 11 0 9 0x7f3b5a800628 0x7f55921104e0 1 -1 8 492 26
get: 1496270097.902928 11 0 9 0x7f3b5a800630 0x7f55921104d8 1 -1 8 492 26
get: 1496270097.903080 11 0 9 0x7f3b5a8007c0 0x7f5592111428 1 -1 16 588 53
get: 1496270097.903201 11 0 9 0x7f3b5a800780 0x7f55920514b0 1 -1 16 588 53
get: 1496270097.903345 11 0 9 0x7f3b5a800640 0x7f55921114e0 1 -1 16 1609 28
get: 1496270097.903486 11 0 9 0x7f3b5a8005b0 0x7f5592110558 1 -1 32 145 26
put: 1496270097.903665 11 0 9 0x7f3b5a800c20 0x7f55920515b0 1 -1 16 933 53
f_executeOn: 1496270097.903797 11 0 -2 18 0x7f3b5a800e70 112 9
Etask: 1496270097.903853 11 9
task: 1496270097.932495 11 10 4 O 0 -5 26
Btask: 1496270097.933025 11 10
get: 1496270097.933530 11 5 10 0x7f3b55800400 0x7f34b9a0f060 1 -1 16 1332 53
get: 1496270097.933741 11 5 10 0x7f3b55800420 0x7f34b9a0f0c0 1 -1 16 1332 53
get: 1496270097.933904 11 5 10 0x7f3b55800048 0x7f34b9e0e160 1 -1 8 492 26
get: 1496270097.934053 11 5 10 0x7f3b55800050 0x7f34b9e0e158 1 -1 8 492 26
get: 1496270097.934214 11 5 10 0x7f3b55800450 0x7f34b9a0f108 1 -1 16 1332 53
get: 1496270097.934362 11 5 10 0x7f3b55800410 0x7f34b9a14000 1 -1 16 1332 53
get: 1496270097.934519 11 5 10 0x7f3b55800420 0x7f34b9a0f0c0 1 -1 16 1332 53
get: 1496270097.934678 11 5 10 0x7f3b55800048 0x7f34b9e0e160 1 -1 8 492 26
get: 1496270097.934811 11 5 10 0x7f3b55800050 0x7f34b9e0e158 1 -1 8 492 26
get: 1496270097.934975 11 5 10 0x7f3b55800450 0x7f34b9a0f108 1 -1 16 1332 53
get: 1496270097.935098 11 5 10 0x7f3b55800410 0x7f34b9a14010 1 -1 16 1332 53
get: 1496270097.935293 11 5 10 0x7f3b55800420 0x7f34b9a0f0c0 1 -1 16 1332 53
get: 1496270097.935469 11 5 10 0x7f3b55800048 0x7f34b9e0e160 1 -1 8 492 26
get: 1496270097.935624 11 5 10 0x7f3b55800050 0x7f34b9e0e158 1 -1 8 492 26
get: 1496270097.935830 11 5 10 0x7f3b55800450 0x7f34b9a0f108 1 -1 16 1332 53
get: 1496270097.935981 11 5 10 0x7f3b55800410 0x7f34b9a14020 1 -1 16 1332 53
get: 1496270097.936138 11 5 10 0x7f3b55800420 0x7f34b9a0f0c0 1 -1 16 1332 53
get: 1496270097.936241 11 5 10 0x7f3b55800048 0x7f34b9e0e160 1 -1 8 492 26
get: 1496270097.936364 11 5 10 0x7f3b55800050 0x7f34b9e0e158 1 -1 8 492 26
get: 1496270097.936492 11 5 10 0x7f3b55800450 0x7f34b9a0f108 1 -1 16 1332 53
get: 1496270097.936659 11 5 10 0x7f3b55800410 0x7f34b9a14030 1 -1 16 1332 53
get: 1496270097.936783 11 5 10 0x7f3b55800420 0x7f34b9a0f0c0 1 -1 16 1332 53
get: 1496270097.936876 11 5 10 0x7f3b55800048 0x7f34b9e0e160 1 -1 8 492 26
get: 1496270097.936924 11 5 10 0x7f3b55800050 0x7f34b9e0e158 1 -1 8 492 26
get: 1496270097.937013 11 5 10 0x7f3b55800450 0x7f34b9a0f108 1 -1 16 1332 53
get: 1496270097.937135 11 5 10 0x7f3b55800410 0x7f34b9a14040 1 -1 16 1332 53
get: 1496270097.937293 11 5 10 0x7f3b55800420 0x7f34b9a0f0c0 1 -1 16 1332 53
get: 1496270097.937382 11 5 10 0x7f3b55800048 0x7f34b9e0e160 1 -1 8 492 26
get: 1496270097.937470 11 5 10 0x7f3b55800050 0x7f34b9e0e158 1 -1 8 492 26
get: 1496270097.937618 11 5 10 0x7f3b55800450 0x7f34b9a0f108 1 -1 16 1332 53
get: 1496270097.937731 11 5 10 0x7f3b55800410 0x7f34b9a14050 1 -1 16 1332 53
get: 1496270097.937812 11 5 10 0x7f3b55800420 0x7f34b9a0f0c0 1 -1 16 1332 53
get: 1496270097.937937 11 5 10 0x7f3b55800048 0x7f34b9e0e160 1 -1 8 492 26
get: 1496270097.938059 11 5 10 0x7f3b55800050 0x7f34b9e0e158 1 -1 8 492 26
get: 1496270097.938200 11 5 10 0x7f3b55800450 0x7f34b9a0f108 1 -1 16 1332 53
get: 1496270097.938366 11 5 10 0x7f3b55800410 0x7f34b9a14060 1 -1 16 1332 53
get: 1496270097.938489 11 5 10 0x7f3b55800420 0x7f34b9a0f0c0 1 -1 16 1332 53
get: 1496270097.938611 11 5 10 0x7f3b55800048 0x7f34b9e0e160 1 -1 8 492 26
get: 1496270097.938759 11 5 10 0x7f3b55800050 0x7f34b9e0e158 1 -1 8 492 26
get: 1496270097.938887 11 5 10 0x7f3b55800450 0x7f34b9a0f108 1 -1 16 1332 53
get: 1496270097.938989 11 5 10 0x7f3b55800410 0x7f34b9a14070 1 -1 16 1332 53
get: 1496270097.939184 11 5 10 0x7f3b55800420 0x7f34b9a0f0c0 1 -1 16 1332 53
get: 1496270097.939308 11 5 10 0x7f3b55800048 0x7f34b9e0e160 1 -1 8 492 26
get: 1496270097.939430 11 5 10 0x7f3b55800050 0x7f34b9e0e158 1 -1 8 492 26
get: 1496270097.939603 11 5 10 0x7f3b55800450 0x7f34b9a0f108 1 -1 16 1332 53
get: 1496270097.939727 11 5 10 0x7f3b55800410 0x7f34b9a14080 1 -1 16 1332 53
get: 1496270097.939874 11 5 10 0x7f3b55800420 0x7f34b9a0f0c0 1 -1 16 1332 53
get: 1496270097.940009 11 5 10 0x7f3b55800048 0x7f34b9e0e160 1 -1 8 492 26
get: 1496270097.940132 11 5 10 0x7f3b55800050 0x7f34b9e0e158 1 -1 8 492 26
get: 1496270097.940221 11 5 10 0x7f3b55800450 0x7f34b9a0f108 1 -1 16 1332 53
get: 1496270097.940345 11 5 10 0x7f3b55800410 0x7f34b9a14090 1 -1 16 1332 53
get: 1496270097.940467 11 5 10 0x7f3b55800420 0x7f34b9a0f0c0 1 -1 16 1332 53
get: 1496270097.940587 11 5 10 0x7f3b55800048 0x7f34b9e0e160 1 -1 8 492 26
get: 1496270097.940698 11 5 10 0x7f3b55800050 0x7f34b9e0e158 1 -1 8 492 26
get: 1496270097.940746 11 5 10 0x7f3b55800450 0x7f34b9a0f108 1 -1 16 1332 53
get: 1496270097.940796 11 5 10 0x7f3b55800410 0x7f34b9a140a0 1 -1 16 1332 53
get: 1496270097.940848 11 5 10 0x7f3b55800420 0x7f34b9a0f0c0 1 -1 16 1332 53
get: 1496270097.940894 11 5 10 0x7f3b55800048 0x7f34b9e0e160 1 -1 8 492 26
get: 1496270097.940946 11 5 10 0x7f3b55800050 0x7f34b9e0e158 1 -1 8 492 26
get: 1496270097.940995 11 5 10 0x7f3b55800450 0x7f34b9a0f108 1 -1 16 1332 53
get: 1496270097.941079 11 5 10 0x7f3b55800410 0x7f34b9a140b0 1 -1 16 1332 53
get: 1496270097.941231 11 5 10 0x7f3b55800420 0x7f34b9a0f0c0 1 -1 16 1332 53
get: 1496270097.941323 11 5 10 0x7f3b55800048 0x7f34b9e0e160 1 -1 8 492 26
get: 1496270097.941406 11 5 10 0x7f3b55800050 0x7f34b9e0e158 1 -1 8 492 26
get: 1496270097.941586 11 5 10 0x7f3b55800450 0x7f34b9a0f108 1 -1 16 1332 53
get: 1496270097.941710 11 5 10 0x7f3b55800410 0x7f34b9a140c0 1 -1 16 1332 53
get: 1496270097.941828 11 5 10 0x7f3b55800420 0x7f34b9a0f0c0 1 -1 16 1332 53
get: 1496270097.941979 11 5 10 0x7f3b55800048 0x7f34b9e0e160 1 -1 8 492 26
get: 1496270097.942077 11 5 10 0x7f3b55800050 0x7f34b9e0e158 1 -1 8 492 26
get: 1496270097.942164 11 5 10 0x7f3b55800450 0x7f34b9a0f108 1 -1 16 1332 53
get: 1496270097.942301 11 5 10 0x7f3b55800410 0x7f34b9a140d0 1 -1 16 1332 53
get: 1496270097.942390 11 5 10 0x7f3b55800420 0x7f34b9a0f0c0 1 -1 16 1332 53
get: 1496270097.942438 11 5 10 0x7f3b55800048 0x7f34b9e0e160 1 -1 8 492 26
get: 1496270097.942531 11 5 10 0x7f3b55800050 0x7f34b9e0e158 1 -1 8 492 26
get: 1496270097.942651 11 5 10 0x7f3b55800450 0x7f34b9a0f108 1 -1 16 1332 53
get: 1496270097.942800 11 5 10 0x7f3b55800410 0x7f34b9a140e0 1 -1 16 1332 53
get: 1496270097.942921 11 5 10 0x7f3b55800420 0x7f34b9a0f0c0 1 -1 16 1332 53
get: 1496270097.943020 11 5 10 0x7f3b55800048 0x7f34b9e0e160 1 -1 8 492 26
get: 1496270097.943117 11 5 10 0x7f3b55800050 0x7f34b9e0e158 1 -1 8 492 26
get: 1496270097.943207 11 5 10 0x7f3b55800450 0x7f34b9a0f108 1 -1 16 1332 53
get: 1496270097.943292 11 5 10 0x7f3b55800410 0x7f34b9a140f0 1 -1 16 1332 53
task: 1496270097.943431 11 11 10 L 215 28 25
task: 1496270097.943443 11 12 10 L 218 28 29
Btask: 1496270097.943481 11 12
Btask: 1496270097.943484 11 11
Etask: 1496270097.943491 11 12
Etask: 1496270097.943500 11 11
Etask: 1496270097.943519 11 10
task: 1496270097.952333 11 13 4 O 0 -5 126
Btask: 1496270097.952917 11 13
get: 1496270097.953418 11 0 13 0x7f3b50800c60 0x7f55921114c0 1 -1 16 939 53
get: 1496270097.953564 11 0 13 0x7f3b50800c80 0x7f5592111520 1 -1 16 939 53
get: 1496270097.953716 11 0 13 0x7f3b50800b18 0x7f55921104e0 1 -1 8 492 26
get: 1496270097.953957 11 0 13 0x7f3b50800b20 0x7f55921104d8 1 -1 8 492 26
get: 1496270097.954135 11 0 13 0x7f3b50800cb0 0x7f5592111568 1 -1 16 939 53
get: 1496270097.954392 11 0 13 0x7f3b50800c70 0x7f55920515b0 1 -1 16 939 53
get: 1496270097.954580 11 0 13 0x7f3b50800d20 0x7f55921114a8 1 -1 16 939 53
get: 1496270097.954751 11 0 13 0x7f3b508008c0 0x7f5592184348 1 -1 16 588 53
get: 1496270097.954892 11 0 13 0x7f3b508008e0 0x7f55921113e0 1 -1 16 588 53
get: 1496270097.955085 11 0 13 0x7f3b50800778 0x7f55921104e0 1 -1 8 492 26
get: 1496270097.955324 11 0 13 0x7f3b50800780 0x7f55921104d8 1 -1 8 492 26
get: 1496270097.955464 11 0 13 0x7f3b50800910 0x7f5592111428 1 -1 16 588 53
get: 1496270097.955641 11 0 13 0x7f3b508008d0 0x7f55920514b0 1 -1 16 588 53
get: 1496270097.955767 11 0 13 0x7f3b50800790 0x7f55921114e0 1 -1 16 1609 28
get: 1496270097.955892 11 0 13 0x7f3b50800700 0x7f5592110558 1 -1 32 145 26
f_executeOn: 1496270097.956082 11 0 -2 18 0x7f3b50800e70 112 13
Etask: 1496270097.956190 11 13
task: 1496270097.985941 11 14 1 O 0 -5 42
Btask: 1496270097.986511 11 14
get: 1496270097.987013 11 5 14 0x7f3b4b800720 0x7f34b9a0f060 1 -1 16 1341 53
get: 1496270097.987254 11 5 14 0x7f3b4b800740 0x7f34b9a0f0c0 1 -1 16 1341 53
get: 1496270097.987441 11 5 14 0x7f3b4b8004a8 0x7f34b9e0e160 1 -1 8 492 26
get: 1496270097.987607 11 5 14 0x7f3b4b8004b0 0x7f34b9e0e158 1 -1 8 492 26
get: 1496270097.987801 11 5 14 0x7f3b4b800770 0x7f34b9a0f108 1 -1 16 1341 53
get: 1496270097.987910 11 5 14 0x7f3b4b800730 0x7f34b9a14000 1 -1 16 1341 53
get: 1496270097.988134 11 5 14 0x7f3b4b800740 0x7f34b9a0f0c0 1 -1 16 1341 53
get: 1496270097.988302 11 5 14 0x7f3b4b8004a8 0x7f34b9e0e160 1 -1 8 492 26
get: 1496270097.988516 11 5 14 0x7f3b4b8004b0 0x7f34b9e0e158 1 -1 8 492 26
get: 1496270097.988651 11 5 14 0x7f3b4b800770 0x7f34b9a0f108 1 -1 16 1341 53
get: 1496270097.988771 11 5 14 0x7f3b4b800730 0x7f34b9a14010 1 -1 16 1341 53
get: 1496270097.988946 11 5 14 0x7f3b4b800740 0x7f34b9a0f0c0 1 -1 16 1341 53
get: 1496270097.989106 11 5 14 0x7f3b4b8004a8 0x7f34b9e0e160 1 -1 8 492 26
get: 1496270097.989346 11 5 14 0x7f3b4b8004b0 0x7f34b9e0e158 1 -1 8 492 26
get: 1496270097.989503 11 5 14 0x7f3b4b800770 0x7f34b9a0f108 1 -1 16 1341 53
get: 1496270097.989604 11 5 14 0x7f3b4b800730 0x7f34b9a14020 1 -1 16 1341 53
get: 1496270097.989744 11 5 14 0x7f3b4b800740 0x7f34b9a0f0c0 1 -1 16 1341 53
get: 1496270097.989891 11 5 14 0x7f3b4b8004a8 0x7f34b9e0e160 1 -1 8 492 26
get: 1496270097.990012 11 5 14 0x7f3b4b8004b0 0x7f34b9e0e158 1 -1 8 492 26
get: 1496270097.990101 11 5 14 0x7f3b4b800770 0x7f34b9a0f108 1 -1 16 1341 53
get: 1496270097.990183 11 5 14 0x7f3b4b800730 0x7f34b9a14030 1 -1 16 1341 53
get: 1496270097.990315 11 5 14 0x7f3b4b800740 0x7f34b9a0f0c0 1 -1 16 1341 53
get: 1496270097.990404 11 5 14 0x7f3b4b8004a8 0x7f34b9e0e160 1 -1 8 492 26
get: 1496270097.990497 11 5 14 0x7f3b4b8004b0 0x7f34b9e0e158 1 -1 8 492 26
get: 1496270097.990584 11 5 14 0x7f3b4b800770 0x7f34b9a0f108 1 -1 16 1341 53
get: 1496270097.990669 11 5 14 0x7f3b4b800730 0x7f34b9a14040 1 -1 16 1341 53
get: 1496270097.990796 11 5 14 0x7f3b4b800740 0x7f34b9a0f0c0 1 -1 16 1341 53
get: 1496270097.990942 11 5 14 0x7f3b4b8004a8 0x7f34b9e0e160 1 -1 8 492 26
get: 1496270097.991068 11 5 14 0x7f3b4b8004b0 0x7f34b9e0e158 1 -1 8 492 26
get: 1496270097.991157 11 5 14 0x7f3b4b800770 0x7f34b9a0f108 1 -1 16 1341 53
get: 1496270097.991207 11 5 14 0x7f3b4b800730 0x7f34b9a14050 1 -1 16 1341 53
get: 1496270097.991292 11 5 14 0x7f3b4b800740 0x7f34b9a0f0c0 1 -1 16 1341 53
get: 1496270097.991433 11 5 14 0x7f3b4b8004a8 0x7f34b9e0e160 1 -1 8 492 26
get: 1496270097.991563 11 5 14 0x7f3b4b8004b0 0x7f34b9e0e158 1 -1 8 492 26
get: 1496270097.991712 11 5 14 0x7f3b4b800770 0x7f34b9a0f108 1 -1 16 1341 53
get: 1496270097.991819 11 5 14 0x7f3b4b800730 0x7f34b9a14060 1 -1 16 1341 53
get: 1496270097.991959 11 5 14 0x7f3b4b800740 0x7f34b9a0f0c0 1 -1 16 1341 53
get: 1496270097.992098 11 5 14 0x7f3b4b8004a8 0x7f34b9e0e160 1 -1 8 492 26
get: 1496270097.992191 11 5 14 0x7f3b4b8004b0 0x7f34b9e0e158 1 -1 8 492 26
get: 1496270097.992305 11 5 14 0x7f3b4b800770 0x7f34b9a0f108 1 -1 16 1341 53
get: 1496270097.992430 11 5 14 0x7f3b4b800730 0x7f34b9a14070 1 -1 16 1341 53
get: 1496270097.992552 11 5 14 0x7f3b4b800740 0x7f34b9a0f0c0 1 -1 16 1341 53
get: 1496270097.992646 11 5 14 0x7f3b4b8004a8 0x7f34b9e0e160 1 -1 8 492 26
get: 1496270097.992804 11 5 14 0x7f3b4b8004b0 0x7f34b9e0e158 1 -1 8 492 26
get: 1496270097.992886 11 5 14 0x7f3b4b800770 0x7f34b9a0f108 1 -1 16 1341 53
get: 1496270097.993008 11 5 14 0x7f3b4b800730 0x7f34b9a14080 1 -1 16 1341 53
get: 1496270097.993128 11 5 14 0x7f3b4b800740 0x7f34b9a0f0c0 1 -1 16 1341 53
get: 1496270097.993255 11 5 14 0x7f3b4b8004a8 0x7f34b9e0e160 1 -1 8 492 26
get: 1496270097.993371 11 5 14 0x7f3b4b8004b0 0x7f34b9e0e158 1 -1 8 492 26
get: 1496270097.993492 11 5 14 0x7f3b4b800770 0x7f34b9a0f108 1 -1 16 1341 53
get: 1496270097.993580 11 5 14 0x7f3b4b800730 0x7f34b9a14090 1 -1 16 1341 53
get: 1496270097.993698 11 5 14 0x7f3b4b800740 0x7f34b9a0f0c0 1 -1 16 1341 53
get: 1496270097.993828 11 5 14 0x7f3b4b8004a8 0x7f34b9e0e160 1 -1 8 492 26
get: 1496270097.993949 11 5 14 0x7f3b4b8004b0 0x7f34b9e0e158 1 -1 8 492 26
get: 1496270097.994123 11 5 14 0x7f3b4b800770 0x7f34b9a0f108 1 -1 16 1341 53
get: 1496270097.994254 11 5 14 0x7f3b4b800730 0x7f34b9a140a0 1 -1 16 1341 53
get: 1496270097.994405 11 5 14 0x7f3b4b800740 0x7f34b9a0f0c0 1 -1 16 1341 53
get: 1496270097.994497 11 5 14 0x7f3b4b8004a8 0x7f34b9e0e160 1 -1 8 492 26
get: 1496270097.994616 11 5 14 0x7f3b4b8004b0 0x7f34b9e0e158 1 -1 8 492 26
get: 1496270097.994742 11 5 14 0x7f3b4b800770 0x7f34b9a0f108 1 -1 16 1341 53
get: 1496270097.994829 11 5 14 0x7f3b4b800730 0x7f34b9a140b0 1 -1 16 1341 53
get: 1496270097.994960 11 5 14 0x7f3b4b800740 0x7f34b9a0f0c0 1 -1 16 1341 53
get: 1496270097.995098 11 5 14 0x7f3b4b8004a8 0x7f34b9e0e160 1 -1 8 492 26
get: 1496270097.995211 11 5 14 0x7f3b4b8004b0 0x7f34b9e0e158 1 -1 8 492 26
get: 1496270097.995329 11 5 14 0x7f3b4b800770 0x7f34b9a0f108 1 -1 16 1341 53
get: 1496270097.995448 11 5 14 0x7f3b4b800730 0x7f34b9a140c0 1 -1 16 1341 53
get: 1496270097.995571 11 5 14 0x7f3b4b800740 0x7f34b9a0f0c0 1 -1 16 1341 53
get: 1496270097.995660 11 5 14 0x7f3b4b8004a8 0x7f34b9e0e160 1 -1 8 492 26
get: 1496270097.995747 11 5 14 0x7f3b4b8004b0 0x7f34b9e0e158 1 -1 8 492 26
get: 1496270097.996017 11 5 14 0x7f3b4b800770 0x7f34b9a0f108 1 -1 16 1341 53
get: 1496270097.996109 11 5 14 0x7f3b4b800730 0x7f34b9a140d0 1 -1 16 1341 53
get: 1496270097.996241 11 5 14 0x7f3b4b800740 0x7f34b9a0f0c0 1 -1 16 1341 53
get: 1496270097.996367 11 5 14 0x7f3b4b8004a8 0x7f34b9e0e160 1 -1 8 492 26
get: 1496270097.996459 11 5 14 0x7f3b4b8004b0 0x7f34b9e0e158 1 -1 8 492 26
get: 1496270097.996552 11 5 14 0x7f3b4b800770 0x7f34b9a0f108 1 -1 16 1341 53
get: 1496270097.996686 11 5 14 0x7f3b4b800730 0x7f34b9a140e0 1 -1 16 1341 53
get: 1496270097.996833 11 5 14 0x7f3b4b800740 0x7f34b9a0f0c0 1 -1 16 1341 53
get: 1496270097.996957 11 5 14 0x7f3b4b8004a8 0x7f34b9e0e160 1 -1 8 492 26
get: 1496270097.997089 11 5 14 0x7f3b4b8004b0 0x7f34b9e0e158 1 -1 8 492 26
get: 1496270097.997220 11 5 14 0x7f3b4b800770 0x7f34b9a0f108 1 -1 16 1341 53
get: 1496270097.997307 11 5 14 0x7f3b4b800730 0x7f34b9a140f0 1 -1 16 1341 53
task: 1496270097.997454 11 15 14 L 271 28 41
task: 1496270097.997467 11 16 14 L 274 28 43
Btask: 1496270097.997531 11 16
Btask: 1496270097.997534 11 15
Etask: 1496270097.997546 11 16
Etask: 1496270097.997560 11 15
Etask: 1496270097.997576 11 14
task: 1496270098.009500 11 17 4 O 0 -5 158
Btask: 1496270098.010078 11 17
VdbMark: 1496270098.010572 11 17
Tag: 1496270098.010587 0.728000 0.436000 11 17 1
Etask: 1496270098.010619 11 17
task: 1496270098.025992 11 18 1 O 0 -5 129
Btask: 1496270098.026616 11 18
get: 1496270098.027132 11 0 18 0x7f3b41800930 0x7f559201d4f8 1 -1 16 1002 53
get: 1496270098.027415 11 0 18 0x7f3b41800650 0x7f55921114c0 1 -1 16 753 53
get: 1496270098.027660 11 0 18 0x7f3b41800670 0x7f5592111520 1 -1 16 753 53
get: 1496270098.027983 11 0 18 0x7f3b41800528 0x7f55921104e0 1 -1 8 492 26
get: 1496270098.028170 11 0 18 0x7f3b41800530 0x7f55921104d8 1 -1 8 492 26
get: 1496270098.028351 11 0 18 0x7f3b418006a0 0x7f5592111568 1 -1 16 753 53
get: 1496270098.028551 11 0 18 0x7f3b41800660 0x7f55920515b0 1 -1 16 753 53
get: 1496270098.028751 11 0 18 0x7f3b41800970 0x7f559201d510 1 -1 16 1003 53
get: 1496270098.028921 11 0 18 0x7f3b41800980 0x7f55921115c0 1 -1 16 1003 53
get: 1496270098.029071 11 0 18 0x7f3b41800768 0x7f55921104e0 1 -1 8 492 26
get: 1496270098.029259 11 0 18 0x7f3b41800770 0x7f55921104d8 1 -1 8 492 26
get: 1496270098.029429 11 0 18 0x7f3b418009b0 0x7f5592111608 1 -1 16 1003 53
put: 1496270098.029731 11 0 18 0x7f3b41800a50 0x7f55920516b0 1 -1 16 1003 53
f_executeOn: 1496270098.029877 11 0 -2 18 0x7f3b41800e70 112 18
Etask: 1496270098.030036 11 18
task: 1496270098.052147 11 19 1 O 0 -5 28
Btask: 1496270098.052225 11 19
get: 1496270098.052262 11 5 19 0x7f3b7a800330 0x7f34c4431040 1 -1 16 1354 53
get: 1496270098.052419 11 5 19 0x7f3b7a800350 0x7f34c4438020 1 -1 16 1354 53
get: 1496270098.052570 11 5 19 0x7f3b7a7fff28 0x7f34b9e0e160 1 -1 8 492 26
get: 1496270098.052715 11 5 19 0x7f3b7a7fff30 0x7f34b9e0e158 1 -1 8 492 26
get: 1496270098.052864 11 5 19 0x7f3b7a800380 0x7f34c4438068 1 -1 16 1354 53
get: 1496270098.053025 11 5 19 0x7f3b7a800340 0x7f34c443d000 1 -1 16 1354 53
get: 1496270098.053177 11 5 19 0x7f3b7a800350 0x7f34c4438020 1 -1 16 1354 53
get: 1496270098.053319 11 5 19 0x7f3b7a7fff28 0x7f34b9e0e160 1 -1 8 492 26
get: 1496270098.053424 11 5 19 0x7f3b7a7fff30 0x7f34b9e0e158 1 -1 8 492 26
get: 1496270098.053566 11 5 19 0x7f3b7a800380 0x7f34c4438068 1 -1 16 1354 53
get: 1496270098.053671 11 5 19 0x7f3b7a800340 0x7f34c443d010 1 -1 16 1354 53
get: 1496270098.053787 11 5 19 0x7f3b7a800350 0x7f34c4438020 1 -1 16 1354 53
get: 1496270098.053949 11 5 19 0x7f3b7a7fff28 0x7f34b9e0e160 1 -1 8 492 26
get: 1496270098.054072 11 5 19 0x7f3b7a7fff30 0x7f34b9e0e158 1 -1 8 492 26
get: 1496270098.054184 11 5 19 0x7f3b7a800380 0x7f34c4438068 1 -1 16 1354 53
get: 1496270098.054328 11 5 19 0x7f3b7a800340 0x7f34c443d020 1 -1 16 1354 53
get: 1496270098.054464 11 5 19 0x7f3b7a800350 0x7f34c4438020 1 -1 16 1354 53
get: 1496270098.054606 11 5 19 0x7f3b7a7fff28 0x7f34b9e0e160 1 -1 8 492 26
get: 1496270098.054748 11 5 19 0x7f3b7a7fff30 0x7f34b9e0e158 1 -1 8 492 26
get: 1496270098.054917 11 5 19 0x7f3b7a800380 0x7f34c4438068 1 -1 16 1354 53
get: 1496270098.055063 11 5 19 0x7f3b7a800340 0x7f34c443d030 1 -1 16 1354 53
get: 1496270098.055202 11 5 19 0x7f3b7a800350 0x7f34c4438020 1 -1 16 1354 53
get: 1496270098.055334 11 5 19 0x7f3b7a7fff28 0x7f34b9e0e160 1 -1 8 492 26
get: 1496270098.055486 11 5 19 0x7f3b7a7fff30 0x7f34b9e0e158 1 -1 8 492 26
get: 1496270098.055624 11 5 19 0x7f3b7a800380 0x7f34c4438068 1 -1 16 1354 53
get: 1496270098.055735 11 5 19 0x7f3b7a800340 0x7f34c443d040 1 -1 16 1354 53
get: 1496270098.055884 11 5 19 0x7f3b7a800350 0x7f34c4438020 1 -1 16 1354 53
get: 1496270098.055999 11 5 19 0x7f3b7a7fff28 0x7f34b9e0e160 1 -1 8 492 26
get: 1496270098.056142 11 5 19 0x7f3b7a7fff30 0x7f34b9e0e158 1 -1 8 492 26
get: 1496270098.056259 11 5 19 0x7f3b7a800380 0x7f34c4438068 1 -1 16 1354 53
get: 1496270098.056391 11 5 19 0x7f3b7a800340 0x7f34c443d050 1 -1 16 1354 53
get: 1496270098.056518 11 5 19 0x7f3b7a800350 0x7f34c4438020 1 -1 16 1354 53
get: 1496270098.056661 11 5 19 0x7f3b7a7fff28 0x7f34b9e0e160 1 -1 8 492 26
get: 1496270098.056762 11 5 19 0x7f3b7a7fff30 0x7f34b9e0e158 1 -1 8 492 26
get: 1496270098.056902 11 5 19 0x7f3b7a800380 0x7f34c4438068 1 -1 16 1354 53
get: 1496270098.057096 11 5 19 0x7f3b7a800340 0x7f34c443d060 1 -1 16 1354 53
get: 1496270098.057207 11 5 19 0x7f3b7a800350 0x7f34c4438020 1 -1 16 1354 53
get: 1496270098.057338 11 5 19 0x7f3b7a7fff28 0x7f34b9e0e160 1 -1 8 492 26
get: 1496270098.057483 11 5 19 0x7f3b7a7fff30 0x7f34b9e0e158 1 -1 8 492 26
get: 1496270098.057585 11 5 19 0x7f3b7a800380 0x7f34c4438068 1 -1 16 1354 53
get: 1496270098.057691 11 5 19 0x7f3b7a800340 0x7f34c443d070 1 -1 16 1354 53
get: 1496270098.057833 11 5 19 0x7f3b7a800350 0x7f34c4438020 1 -1 16 1354 53
get: 1496270098.057980 11 5 19 0x7f3b7a7fff28 0x7f34b9e0e160 1 -1 8 492 26
get: 1496270098.058120 11 5 19 0x7f3b7a7fff30 0x7f34b9e0e158 1 -1 8 492 26
get: 1496270098.058261 11 5 19 0x7f3b7a800380 0x7f34c4438068 1 -1 16 1354 53
get: 1496270098.058369 11 5 19 0x7f3b7a800340 0x7f34c443d080 1 -1 16 1354 53
get: 1496270098.058513 11 5 19 0x7f3b7a800350 0x7f34c4438020 1 -1 16 1354 53
get: 1496270098.058618 11 5 19 0x7f3b7a7fff28 0x7f34b9e0e160 1 -1 8 492 26
get: 1496270098.058760 11 5 19 0x7f3b7a7fff30 0x7f34b9e0e158 1 -1 8 492 26
get: 1496270098.058872 11 5 19 0x7f3b7a800380 0x7f34c4438068 1 -1 16 1354 53
get: 1496270098.059016 11 5 19 0x7f3b7a800340 0x7f34c443d090 1 -1 16 1354 53
get: 1496270098.059129 11 5 19 0x7f3b7a800350 0x7f34c4438020 1 -1 16 1354 53
get: 1496270098.059277 11 5 19 0x7f3b7a7fff28 0x7f34b9e0e160 1 -1 8 492 26
get: 1496270098.059423 11 5 19 0x7f3b7a7fff30 0x7f34b9e0e158 1 -1 8 492 26
get: 1496270098.059569 11 5 19 0x7f3b7a800380 0x7f34c4438068 1 -1 16 1354 53
get: 1496270098.059677 11 5 19 0x7f3b7a800340 0x7f34c443d0a0 1 -1 16 1354 53
get: 1496270098.059830 11 5 19 0x7f3b7a800350 0x7f34c4438020 1 -1 16 1354 53
get: 1496270098.059942 11 5 19 0x7f3b7a7fff28 0x7f34b9e0e160 1 -1 8 492 26
get: 1496270098.060081 11 5 19 0x7f3b7a7fff30 0x7f34b9e0e158 1 -1 8 492 26
get: 1496270098.060224 11 5 19 0x7f3b7a800380 0x7f34c4438068 1 -1 16 1354 53
get: 1496270098.060366 11 5 19 0x7f3b7a800340 0x7f34c443d0b0 1 -1 16 1354 53
get: 1496270098.060516 11 5 19 0x7f3b7a800350 0x7f34c4438020 1 -1 16 1354 53
get: 1496270098.060652 11 5 19 0x7f3b7a7fff28 0x7f34b9e0e160 1 -1 8 492 26
get: 1496270098.060780 11 5 19 0x7f3b7a7fff30 0x7f34b9e0e158 1 -1 8 492 26
get: 1496270098.060884 11 5 19 0x7f3b7a800380 0x7f34c4438068 1 -1 16 1354 53
get: 1496270098.061019 11 5 19 0x7f3b7a800340 0x7f34c443d0c0 1 -1 16 1354 53
get: 1496270098.061165 11 5 19 0x7f3b7a800350 0x7f34c4438020 1 -1 16 1354 53
get: 1496270098.061327 11 5 19 0x7f3b7a7fff28 0x7f34b9e0e160 1 -1 8 492 26
get: 1496270098.061469 11 5 19 0x7f3b7a7fff30 0x7f34b9e0e158 1 -1 8 492 26
get: 1496270098.061615 11 5 19 0x7f3b7a800380 0x7f34c4438068 1 -1 16 1354 53
get: 1496270098.061755 11 5 19 0x7f3b7a800340 0x7f34c443d0d0 1 -1 16 1354 53
get: 1496270098.061863 11 5 19 0x7f3b7a800350 0x7f34c4438020 1 -1 16 1354 53
get: 1496270098.062011 11 5 19 0x7f3b7a7fff28 0x7f34b9e0e160 1 -1 8 492 26
get: 1496270098.062155 11 5 19 0x7f3b7a7fff30 0x7f34b9e0e158 1 -1 8 492 26
get: 1496270098.062261 11 5 19 0x7f3b7a800380 0x7f34c4438068 1 -1 16 1354 53
get: 1496270098.062401 11 5 19 0x7f3b7a800340 0x7f34c443d0e0 1 -1 16 1354 53
get: 1496270098.062546 11 5 19 0x7f3b7a800350 0x7f34c4438020 1 -1 16 1354 53
get: 1496270098.062652 11 5 19 0x7f3b7a7fff28 0x7f34b9e0e160 1 -1 8 492 26
get: 1496270098.062796 11 5 19 0x7f3b7a7fff30 0x7f34b9e0e158 1 -1 8 492 26
get: 1496270098.062937 11 5 19 0x7f3b7a800380 0x7f34c4438068 1 -1 16 1354 53
get: 1496270098.063080 11 5 19 0x7f3b7a800340 0x7f34c443d0f0 1 -1 16 1354 53
task: 1496270098.063237 11 20 19 L 215 28 24
task: 1496270098.063254 11 21 19 L 218 28 31
Btask: 1496270098.063500 11 20
Btask: 1496270098.063502 11 21
Etask: 1496270098.063515 11 20
Etask: 1496270098.063523 11 21
Etask: 1496270098.063540 11 19
task: 1496270098.067561 11 22 4 O 0 -5 129
Btask: 1496270098.067619 11 22
get: 1496270098.067635 11 0 22 0x7f3b7b003930 0x7f559201d568 1 -1 16 1002 53
get: 1496270098.067842 11 0 22 0x7f3b7b003650 0x7f55921114c0 1 -1 16 753 53
get: 1496270098.068017 11 0 22 0x7f3b7b003670 0x7f5592111520 1 -1 16 753 53
get: 1496270098.068204 11 0 22 0x7f3b7b003528 0x7f55921104e0 1 -1 8 492 26
get: 1496270098.068478 11 0 22 0x7f3b7b003530 0x7f55921104d8 1 -1 8 492 26
get: 1496270098.068692 11 0 22 0x7f3b7b0036a0 0x7f5592111568 1 -1 16 753 53
get: 1496270098.068943 11 0 22 0x7f3b7b003660 0x7f55920515b0 1 -1 16 753 53
get: 1496270098.069209 11 0 22 0x7f3b7b003970 0x7f559201d580 1 -1 16 1003 53
get: 1496270098.069575 11 0 22 0x7f3b7b003980 0x7f5592111660 1 -1 16 1003 53
get: 1496270098.069724 11 0 22 0x7f3b7b003768 0x7f55921104e0 1 -1 8 492 26
get: 1496270098.070075 11 0 22 0x7f3b7b003770 0x7f55921104d8 1 -1 8 492 26
get: 1496270098.070272 11 0 22 0x7f3b7b0039b0 0x7f55921116a8 1 -1 16 1003 53
put: 1496270098.070566 11 0 22 0x7f3b7b003a50 0x7f55920517b0 1 -1 16 1003 53
f_executeOn: 1496270098.070736 11 0 -2 18 0x7f3b7b003e70 112 22
Etask: 1496270098.070913 11 22
task: 1496270098.095267 11 23 1 O 0 -5 28
Btask: 1496270098.095322 11 23
get: 1496270098.095363 11 5 23 0x7f3b75800330 0x7f34ba411040 1 -1 16 1354 53
get: 1496270098.095563 11 5 23 0x7f3b75800350 0x7f34ba418020 1 -1 16 1354 53
get: 1496270098.095735 11 5 23 0x7f3b757fff28 0x7f34b9e0e160 1 -1 8 492 26
get: 1496270098.095878 11 5 23 0x7f3b757fff30 0x7f34b9e0e158 1 -1 8 492 26
get: 1496270098.096036 11 5 23 0x7f3b75800380 0x7f34ba418068 1 -1 16 1354 53
get: 1496270098.096263 11 5 23 0x7f3b75800340 0x7f34ba41d000 1 -1 16 1354 53
get: 1496270098.096407 11 5 23 0x7f3b75800350 0x7f34ba418020 1 -1 16 1354 53
get: 1496270098.096640 11 5 23 0x7f3b757fff28 0x7f34b9e0e160 1 -1 8 492 26
get: 1496270098.096809 11 5 23 0x7f3b757fff30 0x7f34b9e0e158 1 -1 8 492 26
get: 1496270098.097013 11 5 23 0x7f3b75800380 0x7f34ba418068 1 -1 16 1354 53
get: 1496270098.097217 11 5 23 0x7f3b75800340 0x7f34ba41d010 1 -1 16 1354 53
get: 1496270098.097393 11 5 23 0x7f3b75800350 0x7f34ba418020 1 -1 16 1354 53
get: 1496270098.097531 11 5 23 0x7f3b757fff28 0x7f34b9e0e160 1 -1 8 492 26
get: 1496270098.097643 11 5 23 0x7f3b757fff30 0x7f34b9e0e158 1 -1 8 492 26
get: 1496270098.097786 11 5 23 0x7f3b75800380 0x7f34ba418068 1 -1 16 1354 53
get: 1496270098.097913 11 5 23 0x7f3b75800340 0x7f34ba41d020 1 -1 16 1354 53
get: 1496270098.098055 11 5 23 0x7f3b75800350 0x7f34ba418020 1 -1 16 1354 53
get: 1496270098.098186 11 5 23 0x7f3b757fff28 0x7f34b9e0e160 1 -1 8 492 26
get: 1496270098.098307 11 5 23 0x7f3b757fff30 0x7f34b9e0e158 1 -1 8 492 26
get: 1496270098.098450 11 5 23 0x7f3b75800380 0x7f34ba418068 1 -1 16 1354 53
get: 1496270098.098577 11 5 23 0x7f3b75800340 0x7f34ba41d030 1 -1 16 1354 53
get: 1496270098.098711 11 5 23 0x7f3b75800350 0x7f34ba418020 1 -1 16 1354 53
get: 1496270098.098823 11 5 23 0x7f3b757fff28 0x7f34b9e0e160 1 -1 8 492 26
get: 1496270098.098950 11 5 23 0x7f3b757fff30 0x7f34b9e0e158 1 -1 8 492 26
get: 1496270098.099070 11 5 23 0x7f3b75800380 0x7f34ba418068 1 -1 16 1354 53
get: 1496270098.099194 11 5 23 0x7f3b75800340 0x7f34ba41d040 1 -1 16 1354 53
get: 1496270098.099321 11 5 23 0x7f3b75800350 0x7f34ba418020 1 -1 16 1354 53
get: 1496270098.099493 11 5 23 0x7f3b757fff28 0x7f34b9e0e160 1 -1 8 492 26
get: 1496270098.099620 11 5 23 0x7f3b757fff30 0x7f34b9e0e158 1 -1 8 492 26
get: 1496270098.099766 11 5 23 0x7f3b75800380 0x7f34ba418068 1 -1 16 1354 53
get: 1496270098.099908 11 5 23 0x7f3b75800340 0x7f34ba41d050 1 -1 16 1354 53
get: 1496270098.100038 11 5 23 0x7f3b75800350 0x7f34ba418020 1 -1 16 1354 53
get: 1496270098.100145 11 5 23 0x7f3b757fff28 0x7f34b9e0e160 1 -1 8 492 26
get: 1496270098.100272 11 5 23 0x7f3b757fff30 0x7f34b9e0e158 1 -1 8 492 26
get: 1496270098.100395 11 5 23 0x7f3b75800380 0x7f34ba418068 1 -1 16 1354 53
get: 1496270098.100560 11 5 23 0x7f3b75800340 0x7f34ba41d060 1 -1 16 1354 53
get: 1496270098.100688 11 5 23 0x7f3b75800350 0x7f34ba418020 1 -1 16 1354 53
get: 1496270098.100816 11 5 23 0x7f3b757fff28 0x7f34b9e0e160 1 -1 8 492 26
get: 1496270098.100906 11 5 23 0x7f3b757fff30 0x7f34b9e0e158 1 -1 8 492 26
get: 1496270098.101042 11 5 23 0x7f3b75800380 0x7f34ba418068 1 -1 16 1354 53
get: 1496270098.101176 11 5 23 0x7f3b75800340 0x7f34ba41d070 1 -1 16 1354 53
get: 1496270098.101305 11 5 23 0x7f3b75800350 0x7f34ba418020 1 -1 16 1354 53
get: 1496270098.101436 11 5 23 0x7f3b757fff28 0x7f34b9e0e160 1 -1 8 492 26
get: 1496270098.101587 11 5 23 0x7f3b757fff30 0x7f34b9e0e158 1 -1 8 492 26
get: 1496270098.101717 11 5 23 0x7f3b75800380 0x7f34ba418068 1 -1 16 1354 53
get: 1496270098.101860 11 5 23 0x7f3b75800340 0x7f34ba41d080 1 -1 16 1354 53
get: 1496270098.101971 11 5 23 0x7f3b75800350 0x7f34ba418020 1 -1 16 1354 53
get: 1496270098.102096 11 5 23 0x7f3b757fff28 0x7f34b9e0e160 1 -1 8 492 26
get: 1496270098.102220 11 5 23 0x7f3b757fff30 0x7f34b9e0e158 1 -1 8 492 26
get: 1496270098.102346 11 5 23 0x7f3b75800380 0x7f34ba418068 1 -1 16 1354 53
get: 1496270098.102476 11 5 23 0x7f3b75800340 0x7f34ba41d090 1 -1 16 1354 53
get: 1496270098.102608 11 5 23 0x7f3b75800350 0x7f34ba418020 1 -1 16 1354 53
get: 1496270098.102733 11 5 23 0x7f3b757fff28 0x7f34b9e0e160 1 -1 8 492 26
get: 1496270098.102905 11 5 23 0x7f3b757fff30 0x7f34b9e0e158 1 -1 8 492 26
get: 1496270098.102961 11 5 23 0x7f3b75800380 0x7f34ba418068 1 -1 16 1354 53
get: 1496270098.103072 11 5 23 0x7f3b75800340 0x7f34ba41d0a0 1 -1 16 1354 53
get: 1496270098.103214 11 5 23 0x7f3b75800350 0x7f34ba418020 1 -1 16 1354 53
get: 1496270098.103339 11 5 23 0x7f3b757fff28 0x7f34b9e0e160 1 -1 8 492 26
get: 1496270098.103426 11 5 23 0x7f3b757fff30 0x7f34b9e0e158 1 -1 8 492 26
get: 1496270098.103518 11 5 23 0x7f3b75800380 0x7f34ba418068 1 -1 16 1354 53
get: 1496270098.103669 11 5 23 0x7f3b75800340 0x7f34ba41d0b0 1 -1 16 1354 53
get: 1496270098.103820 11 5 23 0x7f3b75800350 0x7f34ba418020 1 -1 16 1354 53
get: 1496270098.103950 11 5 23 0x7f3b757fff28 0x7f34b9e0e160 1 -1 8 492 26
get: 1496270098.104080 11 5 23 0x7f3b757fff30 0x7f34b9e0e158 1 -1 8 492 26
get: 1496270098.104175 11 5 23 0x7f3b75800380 0x7f34ba418068 1 -1 16 1354 53
get: 1496270098.104270 11 5 23 0x7f3b75800340 0x7f34ba41d0c0 1 -1 16 1354 53
get: 1496270098.104362 11 5 23 0x7f3b75800350 0x7f34ba418020 1 -1 16 1354 53
get: 1496270098.104540 11 5 23 0x7f3b757fff28 0x7f34b9e0e160 1 -1 8 492 26
get: 1496270098.104673 11 5 23 0x7f3b757fff30 0x7f34b9e0e158 1 -1 8 492 26
get: 1496270098.104815 11 5 23 0x7f3b75800380 0x7f34ba418068 1 -1 16 1354 53
get: 1496270098.105118 11 5 23 0x7f3b75800340 0x7f34ba41d0d0 1 -1 16 1354 53
get: 1496270098.105212 11 5 23 0x7f3b75800350 0x7f34ba418020 1 -1 16 1354 53
get: 1496270098.105307 11 5 23 0x7f3b757fff28 0x7f34b9e0e160 1 -1 8 492 26
get: 1496270098.105523 11 5 23 0x7f3b757fff30 0x7f34b9e0e158 1 -1 8 492 26
get: 1496270098.105651 11 5 23 0x7f3b75800380 0x7f34ba418068 1 -1 16 1354 53
get: 1496270098.106006 11 5 23 0x7f3b75800340 0x7f34ba41d0e0 1 -1 16 1354 53
get: 1496270098.106135 11 5 23 0x7f3b75800350 0x7f34ba418020 1 -1 16 1354 53
get: 1496270098.106276 11 5 23 0x7f3b757fff28 0x7f34b9e0e160 1 -1 8 492 26
get: 1496270098.106811 11 5 23 0x7f3b757fff30 0x7f34b9e0e158 1 -1 8 492 26
get: 1496270098.106938 11 5 23 0x7f3b75800380 0x7f34ba418068 1 -1 16 1354 53
get: 1496270098.107141 11 5 23 0x7f3b75800340 0x7f34ba41d0f0 1 -1 16 1354 53
task: 1496270098.107514 11 24 23 L 215 28 24
task: 1496270098.107527 11 25 23 L 218 28 31
Btask: 1496270098.107568 11 25
Btask: 1496270098.107571 11 24
Etask: 1496270098.107580 11 25
Etask: 1496270098.107591 11 24
Etask: 1496270098.107627 11 23
task: 1496270098.115616 11 26 1 O 0 -5 129
Btask: 1496270098.115663 11 26
get: 1496270098.115670 11 0 26 0x7f3b70800930 0x7f559201d5d8 1 -1 16 1002 53
get: 1496270098.115869 11 0 26 0x7f3b70800650 0x7f55921114c0 1 -1 16 753 53
get: 1496270098.116047 11 0 26 0x7f3b70800670 0x7f5592111520 1 -1 16 753 53
get: 1496270098.116216 11 0 26 0x7f3b70800528 0x7f55921104e0 1 -1 8 492 26
get: 1496270098.116372 11 0 26 0x7f3b70800530 0x7f55921104d8 1 -1 8 492 26
get: 1496270098.116556 11 0 26 0x7f3b708006a0 0x7f5592111568 1 -1 16 753 53
get: 1496270098.116717 11 0 26 0x7f3b70800660 0x7f55920515b0 1 -1 16 753 53
get: 1496270098.116871 11 0 26 0x7f3b70800970 0x7f559201d5f0 1 -1 16 1003 53
get: 1496270098.117039 11 0 26 0x7f3b70800980 0x7f5592111700 1 -1 16 1003 53
get: 1496270098.117144 11 0 26 0x7f3b70800768 0x7f55921104e0 1 -1 8 492 26
get: 1496270098.117227 11 0 26 0x7f3b70800770 0x7f55921104d8 1 -1 8 492 26
get: 1496270098.117279 11 0 26 0x7f3b708009b0 0x7f5592111748 1 -1 16 1003 53
put: 1496270098.117373 11 0 26 0x7f3b70800a50 0x7f55920518b0 1 -1 16 1003 53
f_executeOn: 1496270098.117469 11 0 -2 18 0x7f3b70800e70 112 26
Etask: 1496270098.117623 11 26
task: 1496270098.144046 11 27 4 O 0 -5 28
Btask: 1496270098.144211 11 27
get: 1496270098.144247 11 5 27 0x7f3b6b800330 0x7f34ba013040 1 -1 16 1354 53
get: 1496270098.144579 11 5 27 0x7f3b6b800350 0x7f34ba01a020 1 -1 16 1354 53
get: 1496270098.144791 11 5 27 0x7f3b6b7fff28 0x7f34b9e0e160 1 -1 8 492 26
get: 1496270098.144934 11 5 27 0x7f3b6b7fff30 0x7f34b9e0e158 1 -1 8 492 26
get: 1496270098.145400 11 5 27 0x7f3b6b800380 0x7f34ba01a068 1 -1 16 1354 53
get: 1496270098.145688 11 5 27 0x7f3b6b800340 0x7f34ba01f000 1 -1 16 1354 53
get: 1496270098.145862 11 5 27 0x7f3b6b800350 0x7f34ba01a020 1 -1 16 1354 53
get: 1496270098.146400 11 5 27 0x7f3b6b7fff28 0x7f34b9e0e160 1 -1 8 492 26
get: 1496270098.146593 11 5 27 0x7f3b6b7fff30 0x7f34b9e0e158 1 -1 8 492 26
get: 1496270098.146725 11 5 27 0x7f3b6b800380 0x7f34ba01a068 1 -1 16 1354 53
get: 1496270098.147152 11 5 27 0x7f3b6b800340 0x7f34ba01f010 1 -1 16 1354 53
get: 1496270098.147242 11 5 27 0x7f3b6b800350 0x7f34ba01a020 1 -1 16 1354 53
get: 1496270098.147428 11 5 27 0x7f3b6b7fff28 0x7f34b9e0e160 1 -1 8 492 26
get: 1496270098.147516 11 5 27 0x7f3b6b7fff30 0x7f34b9e0e158 1 -1 8 492 26
get: 1496270098.147612 11 5 27 0x7f3b6b800380 0x7f34ba01a068 1 -1 16 1354 53
get: 1496270098.147694 11 5 27 0x7f3b6b800340 0x7f34ba01f020 1 -1 16 1354 53
get: 1496270098.147903 11 5 27 0x7f3b6b800350 0x7f34ba01a020 1 -1 16 1354 53
get: 1496270098.148070 11 5 27 0x7f3b6b7fff28 0x7f34b9e0e160 1 -1 8 492 26
get: 1496270098.148268 11 5 27 0x7f3b6b7fff30 0x7f34b9e0e158 1 -1 8 492 26
get: 1496270098.148353 11 5 27 0x7f3b6b800380 0x7f34ba01a068 1 -1 16 1354 53
get: 1496270098.148482 11 5 27 0x7f3b6b800340 0x7f34ba01f030 1 -1 16 1354 53
get: 1496270098.148609 11 5 27 0x7f3b6b800350 0x7f34ba01a020 1 -1 16 1354 53
get: 1496270098.148814 11 5 27 0x7f3b6b7fff28 0x7f34b9e0e160 1 -1 8 492 26
get: 1496270098.149150 11 5 27 0x7f3b6b7fff30 0x7f34b9e0e158 1 -1 8 492 26
get: 1496270098.149289 11 5 27 0x7f3b6b800380 0x7f34ba01a068 1 -1 16 1354 53
get: 1496270098.149419 11 5 27 0x7f3b6b800340 0x7f34ba01f040 1 -1 16 1354 53
get: 1496270098.149521 11 5 27 0x7f3b6b800350 0x7f34ba01a020 1 -1 16 1354 53
get: 1496270098.149626 11 5 27 0x7f3b6b7fff28 0x7f34b9e0e160 1 -1 8 492 26
get: 1496270098.149726 11 5 27 0x7f3b6b7fff30 0x7f34b9e0e158 1 -1 8 492 26
get: 1496270098.149824 11 5 27 0x7f3b6b800380 0x7f34ba01a068 1 -1 16 1354 53
get: 1496270098.149909 11 5 27 0x7f3b6b800340 0x7f34ba01f050 1 -1 16 1354 53
get: 1496270098.150003 11 5 27 0x7f3b6b800350 0x7f34ba01a020 1 -1 16 1354 53
get: 1496270098.150128 11 5 27 0x7f3b6b7fff28 0x7f34b9e0e160 1 -1 8 492 26
get: 1496270098.150262 11 5 27 0x7f3b6b7fff30 0x7f34b9e0e158 1 -1 8 492 26
get: 1496270098.150543 11 5 27 0x7f3b6b800380 0x7f34ba01a068 1 -1 16 1354 53
get: 1496270098.150650 11 5 27 0x7f3b6b800340 0x7f34ba01f060 1 -1 16 1354 53
get: 1496270098.150841 11 5 27 0x7f3b6b800350 0x7f34ba01a020 1 -1 16 1354 53
get: 1496270098.150941 11 5 27 0x7f3b6b7fff28 0x7f34b9e0e160 1 -1 8 492 26
get: 1496270098.151035 11 5 27 0x7f3b6b7fff30 0x7f34b9e0e158 1 -1 8 492 26
get: 1496270098.151320 11 5 27 0x7f3b6b800380 0x7f34ba01a068 1 -1 16 1354 53
get: 1496270098.151411 11 5 27 0x7f3b6b800340 0x7f34ba01f070 1 -1 16 1354 53
get: 1496270098.151500 11 5 27 0x7f3b6b800350 0x7f34ba01a020 1 -1 16 1354 53
get: 1496270098.151623 11 5 27 0x7f3b6b7fff28 0x7f34b9e0e160 1 -1 8 492 26
get: 1496270098.151761 11 5 27 0x7f3b6b7fff30 0x7f34b9e0e158 1 -1 8 492 26
get: 1496270098.151899 11 5 27 0x7f3b6b800380 0x7f34ba01a068 1 -1 16 1354 53
get: 1496270098.152021 11 5 27 0x7f3b6b800340 0x7f34ba01f080 1 -1 16 1354 53
get: 1496270098.152328 11 5 27 0x7f3b6b800350 0x7f34ba01a020 1 -1 16 1354 53
get: 1496270098.152611 11 5 27 0x7f3b6b7fff28 0x7f34b9e0e160 1 -1 8 492 26
get: 1496270098.152839 11 5 27 0x7f3b6b7fff30 0x7f34b9e0e158 1 -1 8 492 26
get: 1496270098.153132 11 5 27 0x7f3b6b800380 0x7f34ba01a068 1 -1 16 1354 53
get: 1496270098.153308 11 5 27 0x7f3b6b800340 0x7f34ba01f090 1 -1 16 1354 53
get: 1496270098.153416 11 5 27 0x7f3b6b800350 0x7f34ba01a020 1 -1 16 1354 53
get: 1496270098.153555 11 5 27 0x7f3b6b7fff28 0x7f34b9e0e160 1 -1 8 492 26
get: 1496270098.153796 11 5 27 0x7f3b6b7fff30 0x7f34b9e0e158 1 -1 8 492 26
get: 1496270098.154015 11 5 27 0x7f3b6b800380 0x7f34ba01a068 1 -1 16 1354 53
get: 1496270098.154245 11 5 27 0x7f3b6b800340 0x7f34ba01f0a0 1 -1 16 1354 53
get: 1496270098.154374 11 5 27 0x7f3b6b800350 0x7f34ba01a020 1 -1 16 1354 53
get: 1496270098.154683 11 5 27 0x7f3b6b7fff28 0x7f34b9e0e160 1 -1 8 492 26
get: 1496270098.154868 11 5 27 0x7f3b6b7fff30 0x7f34b9e0e158 1 -1 8 492 26
get: 1496270098.155167 11 5 27 0x7f3b6b800380 0x7f34ba01a068 1 -1 16 1354 53
get: 1496270098.155368 11 5 27 0x7f3b6b800340 0x7f34ba01f0b0 1 -1 16 1354 53
get: 1496270098.155489 11 5 27 0x7f3b6b800350 0x7f34ba01a020 1 -1 16 1354 53
get: 1496270098.155618 11 5 27 0x7f3b6b7fff28 0x7f34b9e0e160 1 -1 8 492 26
get: 1496270098.155748 11 5 27 0x7f3b6b7fff30 0x7f34b9e0e158 1 -1 8 492 26
get: 1496270098.156140 11 5 27 0x7f3b6b800380 0x7f34ba01a068 1 -1 16 1354 53
get: 1496270098.156383 11 5 27 0x7f3b6b800340 0x7f34ba01f0c0 1 -1 16 1354 53
get: 1496270098.156708 11 5 27 0x7f3b6b800350 0x7f34ba01a020 1 -1 16 1354 53
get: 1496270098.157033 11 5 27 0x7f3b6b7fff28 0x7f34b9e0e160 1 -1 8 492 26
get: 1496270098.157212 11 5 27 0x7f3b6b7fff30 0x7f34b9e0e158 1 -1 8 492 26
get: 1496270098.157377 11 5 27 0x7f3b6b800380 0x7f34ba01a068 1 -1 16 1354 53
get: 1496270098.157573 11 5 27 0x7f3b6b800340 0x7f34ba01f0d0 1 -1 16 1354 53
get: 1496270098.157736 11 5 27 0x7f3b6b800350 0x7f34ba01a020 1 -1 16 1354 53
get: 1496270098.157862 11 5 27 0x7f3b6b7fff28 0x7f34b9e0e160 1 -1 8 492 26
get: 1496270098.158007 11 5 27 0x7f3b6b7fff30 0x7f34b9e0e158 1 -1 8 492 26
get: 1496270098.158562 11 5 27 0x7f3b6b800380 0x7f34ba01a068 1 -1 16 1354 53
get: 1496270098.159010 11 5 27 0x7f3b6b800340 0x7f34ba01f0e0 1 -1 16 1354 53
get: 1496270098.159161 11 5 27 0x7f3b6b800350 0x7f34ba01a020 1 -1 16 1354 53
get: 1496270098.159295 11 5 27 0x7f3b6b7fff28 0x7f34b9e0e160 1 -1 8 492 26
get: 1496270098.159426 11 5 27 0x7f3b6b7fff30 0x7f34b9e0e158 1 -1 8 492 26
get: 1496270098.159758 11 5 27 0x7f3b6b800380 0x7f34ba01a068 1 -1 16 1354 53
get: 1496270098.159884 11 5 27 0x7f3b6b800340 0x7f34ba01f0f0 1 -1 16 1354 53
task: 1496270098.160186 11 28 27 L 215 28 24
task: 1496270098.160197 11 29 27 L 218 28 31
Btask: 1496270098.160214 11 28
Etask: 1496270098.160228 11 28
Btask: 1496270098.160229 11 29
Etask: 1496270098.160244 11 29
Etask: 1496270098.160259 11 27
task: 1496270098.193957 11 30 4 O 0 -5 129
Btask: 1496270098.194098 11 30
get: 1496270098.194112 11 0 30 0x7f3b5f800930 0x7f559201d648 1 -1 16 1002 53
get: 1496270098.194280 11 0 30 0x7f3b5f800650 0x7f55921114c0 1 -1 16 753 53
get: 1496270098.194439 11 0 30 0x7f3b5f800670 0x7f5592111520 1 -1 16 753 53
get: 1496270098.194569 11 0 30 0x7f3b5f800528 0x7f55921104e0 1 -1 8 492 26
get: 1496270098.194833 11 0 30 0x7f3b5f800530 0x7f55921104d8 1 -1 8 492 26
get: 1496270098.194971 11 0 30 0x7f3b5f8006a0 0x7f5592111568 1 -1 16 753 53
get: 1496270098.195173 11 0 30 0x7f3b5f800660 0x7f55920515b0 1 -1 16 753 53
get: 1496270098.195292 11 0 30 0x7f3b5f800970 0x7f559201d660 1 -1 16 1003 53
get: 1496270098.195498 11 0 30 0x7f3b5f800980 0x7f55921117a0 1 -1 16 1003 53
get: 1496270098.195807 11 0 30 0x7f3b5f800768 0x7f55921104e0 1 -1 8 492 26
get: 1496270098.195968 11 0 30 0x7f3b5f800770 0x7f55921104d8 1 -1 8 492 26
get: 1496270098.196435 11 0 30 0x7f3b5f8009b0 0x7f55921117e8 1 -1 16 1003 53
put: 1496270098.196756 11 0 30 0x7f3b5f800a50 0x7f55920519b0 1 -1 16 1003 53
f_executeOn: 1496270098.196969 11 0 -2 18 0x7f3b5f800e70 112 30
Etask: 1496270098.197118 11 30
task: 1496270098.227144 11 31 4 O 0 -5 28
Btask: 1496270098.227255 11 31
get: 1496270098.227292 11 5 31 0x7f3b5a800330 0x7f34b9c13040 1 -1 16 1354 53
get: 1496270098.227480 11 5 31 0x7f3b5a800350 0x7f34b9c1a020 1 -1 16 1354 53
get: 1496270098.227587 11 5 31 0x7f3b5a7fff28 0x7f34b9e0e160 1 -1 8 492 26
get: 1496270098.227795 11 5 31 0x7f3b5a7fff30 0x7f34b9e0e158 1 -1 8 492 26
get: 1496270098.227939 11 5 31 0x7f3b5a800380 0x7f34b9c1a068 1 -1 16 1354 53
get: 1496270098.228079 11 5 31 0x7f3b5a800340 0x7f34b9c1f000 1 -1 16 1354 53
get: 1496270098.228326 11 5 31 0x7f3b5a800350 0x7f34b9c1a020 1 -1 16 1354 53
get: 1496270098.228438 11 5 31 0x7f3b5a7fff28 0x7f34b9e0e160 1 -1 8 492 26
get: 1496270098.228583 11 5 31 0x7f3b5a7fff30 0x7f34b9e0e158 1 -1 8 492 26
get: 1496270098.228742 11 5 31 0x7f3b5a800380 0x7f34b9c1a068 1 -1 16 1354 53
get: 1496270098.228886 11 5 31 0x7f3b5a800340 0x7f34b9c1f010 1 -1 16 1354 53
get: 1496270098.229016 11 5 31 0x7f3b5a800350 0x7f34b9c1a020 1 -1 16 1354 53
get: 1496270098.229139 11 5 31 0x7f3b5a7fff28 0x7f34b9e0e160 1 -1 8 492 26
get: 1496270098.229262 11 5 31 0x7f3b5a7fff30 0x7f34b9e0e158 1 -1 8 492 26
get: 1496270098.229396 11 5 31 0x7f3b5a800380 0x7f34b9c1a068 1 -1 16 1354 53
get: 1496270098.229511 11 5 31 0x7f3b5a800340 0x7f34b9c1f020 1 -1 16 1354 53
get: 1496270098.229591 11 5 31 0x7f3b5a800350 0x7f34b9c1a020 1 -1 16 1354 53
get: 1496270098.229729 11 5 31 0x7f3b5a7fff28 0x7f34b9e0e160 1 -1 8 492 26
get: 1496270098.229852 11 5 31 0x7f3b5a7fff30 0x7f34b9e0e158 1 -1 8 492 26
get: 1496270098.229945 11 5 31 0x7f3b5a800380 0x7f34b9c1a068 1 -1 16 1354 53
get: 1496270098.230031 11 5 31 0x7f3b5a800340 0x7f34b9c1f030 1 -1 16 1354 53
get: 1496270098.230181 11 5 31 0x7f3b5a800350 0x7f34b9c1a020 1 -1 16 1354 53
get: 1496270098.230336 11 5 31 0x7f3b5a7fff28 0x7f34b9e0e160 1 -1 8 492 26
get: 1496270098.230449 11 5 31 0x7f3b5a7fff30 0x7f34b9e0e158 1 -1 8 492 26
get: 1496270098.230556 11 5 31 0x7f3b5a800380 0x7f34b9c1a068 1 -1 16 1354 53
get: 1496270098.230678 11 5 31 0x7f3b5a800340 0x7f34b9c1f040 1 -1 16 1354 53
get: 1496270098.230823 11 5 31 0x7f3b5a800350 0x7f34b9c1a020 1 -1 16 1354 53
get: 1496270098.230919 11 5 31 0x7f3b5a7fff28 0x7f34b9e0e160 1 -1 8 492 26
get: 1496270098.231062 11 5 31 0x7f3b5a7fff30 0x7f34b9e0e158 1 -1 8 492 26
get: 1496270098.231173 11 5 31 0x7f3b5a800380 0x7f34b9c1a068 1 -1 16 1354 53
get: 1496270098.231272 11 5 31 0x7f3b5a800340 0x7f34b9c1f050 1 -1 16 1354 53
get: 1496270098.231423 11 5 31 0x7f3b5a800350 0x7f34b9c1a020 1 -1 16 1354 53
get: 1496270098.231562 11 5 31 0x7f3b5a7fff28 0x7f34b9e0e160 1 -1 8 492 26
get: 1496270098.231679 11 5 31 0x7f3b5a7fff30 0x7f34b9e0e158 1 -1 8 492 26
get: 1496270098.231797 11 5 31 0x7f3b5a800380 0x7f34b9c1a068 1 -1 16 1354 53
get: 1496270098.231915 11 5 31 0x7f3b5a800340 0x7f34b9c1f060 1 -1 16 1354 53
get: 1496270098.232078 11 5 31 0x7f3b5a800350 0x7f34b9c1a020 1 -1 16 1354 53
get: 1496270098.232175 11 5 31 0x7f3b5a7fff28 0x7f34b9e0e160 1 -1 8 492 26
get: 1496270098.232314 11 5 31 0x7f3b5a7fff30 0x7f34b9e0e158 1 -1 8 492 26
get: 1496270098.232449 11 5 31 0x7f3b5a800380 0x7f34b9c1a068 1 -1 16 1354 53
get: 1496270098.232551 11 5 31 0x7f3b5a800340 0x7f34b9c1f070 1 -1 16 1354 53
get: 1496270098.232642 11 5 31 0x7f3b5a800350 0x7f34b9c1a020 1 -1 16 1354 53
get: 1496270098.232775 11 5 31 0x7f3b5a7fff28 0x7f34b9e0e160 1 -1 8 492 26
get: 1496270098.232921 11 5 31 0x7f3b5a7fff30 0x7f34b9e0e158 1 -1 8 492 26
get: 1496270098.233081 11 5 31 0x7f3b5a800380 0x7f34b9c1a068 1 -1 16 1354 53
get: 1496270098.233176 11 5 31 0x7f3b5a800340 0x7f34b9c1f080 1 -1 16 1354 53
get: 1496270098.233259 11 5 31 0x7f3b5a800350 0x7f34b9c1a020 1 -1 16 1354 53
get: 1496270098.233358 11 5 31 0x7f3b5a7fff28 0x7f34b9e0e160 1 -1 8 492 26
get: 1496270098.233440 11 5 31 0x7f3b5a7fff30 0x7f34b9e0e158 1 -1 8 492 26
get: 1496270098.233541 11 5 31 0x7f3b5a800380 0x7f34b9c1a068 1 -1 16 1354 53
get: 1496270098.233746 11 5 31 0x7f3b5a800340 0x7f34b9c1f090 1 -1 16 1354 53
get: 1496270098.233894 11 5 31 0x7f3b5a800350 0x7f34b9c1a020 1 -1 16 1354 53
get: 1496270098.234031 11 5 31 0x7f3b5a7fff28 0x7f34b9e0e160 1 -1 8 492 26
get: 1496270098.234126 11 5 31 0x7f3b5a7fff30 0x7f34b9e0e158 1 -1 8 492 26
get: 1496270098.234222 11 5 31 0x7f3b5a800380 0x7f34b9c1a068 1 -1 16 1354 53
get: 1496270098.234381 11 5 31 0x7f3b5a800340 0x7f34b9c1f0a0 1 -1 16 1354 53
get: 1496270098.234533 11 5 31 0x7f3b5a800350 0x7f34b9c1a020 1 -1 16 1354 53
get: 1496270098.234670 11 5 31 0x7f3b5a7fff28 0x7f34b9e0e160 1 -1 8 492 26
get: 1496270098.234814 11 5 31 0x7f3b5a7fff30 0x7f34b9e0e158 1 -1 8 492 26
get: 1496270098.234942 11 5 31 0x7f3b5a800380 0x7f34b9c1a068 1 -1 16 1354 53
get: 1496270098.235087 11 5 31 0x7f3b5a800340 0x7f34b9c1f0b0 1 -1 16 1354 53
get: 1496270098.235232 11 5 31 0x7f3b5a800350 0x7f34b9c1a020 1 -1 16 1354 53
get: 1496270098.235377 11 5 31 0x7f3b5a7fff28 0x7f34b9e0e160 1 -1 8 492 26
get: 1496270098.235552 11 5 31 0x7f3b5a7fff30 0x7f34b9e0e158 1 -1 8 492 26
get: 1496270098.235689 11 5 31 0x7f3b5a800380 0x7f34b9c1a068 1 -1 16 1354 53
get: 1496270098.235815 11 5 31 0x7f3b5a800340 0x7f34b9c1f0c0 1 -1 16 1354 53
get: 1496270098.235942 11 5 31 0x7f3b5a800350 0x7f34b9c1a020 1 -1 16 1354 53
get: 1496270098.236154 11 5 31 0x7f3b5a7fff28 0x7f34b9e0e160 1 -1 8 492 26
get: 1496270098.236300 11 5 31 0x7f3b5a7fff30 0x7f34b9e0e158 1 -1 8 492 26
get: 1496270098.236427 11 5 31 0x7f3b5a800380 0x7f34b9c1a068 1 -1 16 1354 53
get: 1496270098.236564 11 5 31 0x7f3b5a800340 0x7f34b9c1f0d0 1 -1 16 1354 53
get: 1496270098.236735 11 5 31 0x7f3b5a800350 0x7f34b9c1a020 1 -1 16 1354 53
get: 1496270098.236884 11 5 31 0x7f3b5a7fff28 0x7f34b9e0e160 1 -1 8 492 26
get: 1496270098.237039 11 5 31 0x7f3b5a7fff30 0x7f34b9e0e158 1 -1 8 492 26
get: 1496270098.237172 11 5 31 0x7f3b5a800380 0x7f34b9c1a068 1 -1 16 1354 53
get: 1496270098.237305 11 5 31 0x7f3b5a800340 0x7f34b9c1f0e0 1 -1 16 1354 53
get: 1496270098.237444 11 5 31 0x7f3b5a800350 0x7f34b9c1a020 1 -1 16 1354 53
get: 1496270098.237574 11 5 31 0x7f3b5a7fff28 0x7f34b9e0e160 1 -1 8 492 26
get: 1496270098.237703 11 5 31 0x7f3b5a7fff30 0x7f34b9e0e158 1 -1 8 492 26
get: 1496270098.237829 11 5 31 0x7f3b5a800380 0x7f34b9c1a068 1 -1 16 1354 53
get: 1496270098.237924 11 5 31 0x7f3b5a800340 0x7f34b9c1f0f0 1 -1 16 1354 53
task: 1496270098.238066 11 32 31 L 215 28 24
task: 1496270098.238075 11 33 31 L 218 28 31
Btask: 1496270098.238094 11 32
Etask: 1496270098.238105 11 32
Btask: 1496270098.238109 11 33
Etask: 1496270098.238125 11 33
Etask: 1496270098.239861 11 31
task: 1496270098.452827 11 34 1 O 0 -5 129
Btask: 1496270098.452969 11 34
get: 1496270098.452984 11 0 34 0x7f3b55800930 0x7f559201d6b8 1 -1 16 1002 53
get: 1496270098.453137 11 0 34 0x7f3b55800650 0x7f55921114c0 1 -1 16 753 53
get: 1496270098.453317 11 0 34 0x7f3b55800670 0x7f5592111520 1 -1 16 753 53
get: 1496270098.453517 11 0 34 0x7f3b55800528 0x7f55921104e0 1 -1 8 492 26
get: 1496270098.453712 11 0 34 0x7f3b55800530 0x7f55921104d8 1 -1 8 492 26
get: 1496270098.453901 11 0 34 0x7f3b558006a0 0x7f5592111568 1 -1 16 753 53
get: 1496270098.454086 11 0 34 0x7f3b55800660 0x7f55920515b0 1 -1 16 753 53
get: 1496270098.454253 11 0 34 0x7f3b55800970 0x7f559201d6d0 1 -1 16 1003 53
get: 1496270098.454402 11 0 34 0x7f3b55800980 0x7f5592111840 1 -1 16 1003 53
get: 1496270098.454523 11 0 34 0x7f3b55800768 0x7f55921104e0 1 -1 8 492 26
get: 1496270098.454636 11 0 34 0x7f3b55800770 0x7f55921104d8 1 -1 8 492 26
get: 1496270098.454804 11 0 34 0x7f3b558009b0 0x7f5592111888 1 -1 16 1003 53
put: 1496270098.454984 11 0 34 0x7f3b55800a50 0x7f5592051ab0 1 -1 16 1003 53
f_executeOn: 1496270098.455189 11 0 -2 18 0x7f3b55800e70 112 34
Etask: 1496270098.455297 11 34
task: 1496270098.472964 11 35 1 O 0 -5 28
Btask: 1496270098.473079 11 35
get: 1496270098.473111 11 5 35 0x7f3b50800330 0x7f34b9810040 1 -1 16 1354 53
get: 1496270098.473323 11 5 35 0x7f3b50800350 0x7f34b9817020 1 -1 16 1354 53
get: 1496270098.473563 11 5 35 0x7f3b507fff28 0x7f34b9e0e160 1 -1 8 492 26
get: 1496270098.473741 11 5 35 0x7f3b507fff30 0x7f34b9e0e158 1 -1 8 492 26
get: 1496270098.473907 11 5 35 0x7f3b50800380 0x7f34b9817068 1 -1 16 1354 53
get: 1496270098.474107 11 5 35 0x7f3b50800340 0x7f34b981c000 1 -1 16 1354 53
get: 1496270098.474247 11 5 35 0x7f3b50800350 0x7f34b9817020 1 -1 16 1354 53
get: 1496270098.474416 11 5 35 0x7f3b507fff28 0x7f34b9e0e160 1 -1 8 492 26
get: 1496270098.474596 11 5 35 0x7f3b507fff30 0x7f34b9e0e158 1 -1 8 492 26
get: 1496270098.474685 11 5 35 0x7f3b50800380 0x7f34b9817068 1 -1 16 1354 53
get: 1496270098.474742 11 5 35 0x7f3b50800340 0x7f34b981c010 1 -1 16 1354 53
get: 1496270098.474902 11 5 35 0x7f3b50800350 0x7f34b9817020 1 -1 16 1354 53
get: 1496270098.475020 11 5 35 0x7f3b507fff28 0x7f34b9e0e160 1 -1 8 492 26
get: 1496270098.475157 11 5 35 0x7f3b507fff30 0x7f34b9e0e158 1 -1 8 492 26
get: 1496270098.475345 11 5 35 0x7f3b50800380 0x7f34b9817068 1 -1 16 1354 53
get: 1496270098.475488 11 5 35 0x7f3b50800340 0x7f34b981c020 1 -1 16 1354 53
get: 1496270098.475692 11 5 35 0x7f3b50800350 0x7f34b9817020 1 -1 16 1354 53
get: 1496270098.475845 11 5 35 0x7f3b507fff28 0x7f34b9e0e160 1 -1 8 492 26
get: 1496270098.475977 11 5 35 0x7f3b507fff30 0x7f34b9e0e158 1 -1 8 492 26
get: 1496270098.476123 11 5 35 0x7f3b50800380 0x7f34b9817068 1 -1 16 1354 53
get: 1496270098.476284 11 5 35 0x7f3b50800340 0x7f34b981c030 1 -1 16 1354 53
get: 1496270098.476385 11 5 35 0x7f3b50800350 0x7f34b9817020 1 -1 16 1354 53
get: 1496270098.476476 11 5 35 0x7f3b507fff28 0x7f34b9e0e160 1 -1 8 492 26
get: 1496270098.476601 11 5 35 0x7f3b507fff30 0x7f34b9e0e158 1 -1 8 492 26
get: 1496270098.476688 11 5 35 0x7f3b50800380 0x7f34b9817068 1 -1 16 1354 53
get: 1496270098.476770 11 5 35 0x7f3b50800340 0x7f34b981c040 1 -1 16 1354 53
get: 1496270098.476909 11 5 35 0x7f3b50800350 0x7f34b9817020 1 -1 16 1354 53
get: 1496270098.476998 11 5 35 0x7f3b507fff28 0x7f34b9e0e160 1 -1 8 492 26
get: 1496270098.477097 11 5 35 0x7f3b507fff30 0x7f34b9e0e158 1 -1 8 492 26
get: 1496270098.477160 11 5 35 0x7f3b50800380 0x7f34b9817068 1 -1 16 1354 53
get: 1496270098.477248 11 5 35 0x7f3b50800340 0x7f34b981c050 1 -1 16 1354 53
get: 1496270098.477373 11 5 35 0x7f3b50800350 0x7f34b9817020 1 -1 16 1354 53
get: 1496270098.477495 11 5 35 0x7f3b507fff28 0x7f34b9e0e160 1 -1 8 492 26
get: 1496270098.477626 11 5 35 0x7f3b507fff30 0x7f34b9e0e158 1 -1 8 492 26
get: 1496270098.477755 11 5 35 0x7f3b50800380 0x7f34b9817068 1 -1 16 1354 53
get: 1496270098.477897 11 5 35 0x7f3b50800340 0x7f34b981c060 1 -1 16 1354 53
get: 1496270098.478046 11 5 35 0x7f3b50800350 0x7f34b9817020 1 -1 16 1354 53
get: 1496270098.478137 11 5 35 0x7f3b507fff28 0x7f34b9e0e160 1 -1 8 492 26
get: 1496270098.478223 11 5 35 0x7f3b507fff30 0x7f34b9e0e158 1 -1 8 492 26
get: 1496270098.478346 11 5 35 0x7f3b50800380 0x7f34b9817068 1 -1 16 1354 53
get: 1496270098.478515 11 5 35 0x7f3b50800340 0x7f34b981c070 1 -1 16 1354 53
get: 1496270098.478610 11 5 35 0x7f3b50800350 0x7f34b9817020 1 -1 16 1354 53
get: 1496270098.478698 11 5 35 0x7f3b507fff28 0x7f34b9e0e160 1 -1 8 492 26
get: 1496270098.478816 11 5 35 0x7f3b507fff30 0x7f34b9e0e158 1 -1 8 492 26
get: 1496270098.478941 11 5 35 0x7f3b50800380 0x7f34b9817068 1 -1 16 1354 53
get: 1496270098.479037 11 5 35 0x7f3b50800340 0x7f34b981c080 1 -1 16 1354 53
get: 1496270098.479163 11 5 35 0x7f3b50800350 0x7f34b9817020 1 -1 16 1354 53
get: 1496270098.479297 11 5 35 0x7f3b507fff28 0x7f34b9e0e160 1 -1 8 492 26
get: 1496270098.479394 11 5 35 0x7f3b507fff30 0x7f34b9e0e158 1 -1 8 492 26
get: 1496270098.479485 11 5 35 0x7f3b50800380 0x7f34b9817068 1 -1 16 1354 53
get: 1496270098.479574 11 5 35 0x7f3b50800340 0x7f34b981c090 1 -1 16 1354 53
get: 1496270098.479661 11 5 35 0x7f3b50800350 0x7f34b9817020 1 -1 16 1354 53
get: 1496270098.479786 11 5 35 0x7f3b507fff28 0x7f34b9e0e160 1 -1 8 492 26
get: 1496270098.479902 11 5 35 0x7f3b507fff30 0x7f34b9e0e158 1 -1 8 492 26
get: 1496270098.480021 11 5 35 0x7f3b50800380 0x7f34b9817068 1 -1 16 1354 53
get: 1496270098.480142 11 5 35 0x7f3b50800340 0x7f34b981c0a0 1 -1 16 1354 53
get: 1496270098.480266 11 5 35 0x7f3b50800350 0x7f34b9817020 1 -1 16 1354 53
get: 1496270098.480383 11 5 35 0x7f3b507fff28 0x7f34b9e0e160 1 -1 8 492 26
get: 1496270098.480506 11 5 35 0x7f3b507fff30 0x7f34b9e0e158 1 -1 8 492 26
get: 1496270098.480621 11 5 35 0x7f3b50800380 0x7f34b9817068 1 -1 16 1354 53
get: 1496270098.480761 11 5 35 0x7f3b50800340 0x7f34b981c0b0 1 -1 16 1354 53
get: 1496270098.480857 11 5 35 0x7f3b50800350 0x7f34b9817020 1 -1 16 1354 53
get: 1496270098.480956 11 5 35 0x7f3b507fff28 0x7f34b9e0e160 1 -1 8 492 26
get: 1496270098.481011 11 5 35 0x7f3b507fff30 0x7f34b9e0e158 1 -1 8 492 26
get: 1496270098.481066 11 5 35 0x7f3b50800380 0x7f34b9817068 1 -1 16 1354 53
get: 1496270098.481118 11 5 35 0x7f3b50800340 0x7f34b981c0c0 1 -1 16 1354 53
get: 1496270098.481217 11 5 35 0x7f3b50800350 0x7f34b9817020 1 -1 16 1354 53
get: 1496270098.481302 11 5 35 0x7f3b507fff28 0x7f34b9e0e160 1 -1 8 492 26
get: 1496270098.481389 11 5 35 0x7f3b507fff30 0x7f34b9e0e158 1 -1 8 492 26
get: 1496270098.481482 11 5 35 0x7f3b50800380 0x7f34b9817068 1 -1 16 1354 53
get: 1496270098.481616 11 5 35 0x7f3b50800340 0x7f34b981c0d0 1 -1 16 1354 53
get: 1496270098.481708 11 5 35 0x7f3b50800350 0x7f34b9817020 1 -1 16 1354 53
get: 1496270098.481836 11 5 35 0x7f3b507fff28 0x7f34b9e0e160 1 -1 8 492 26
get: 1496270098.482009 11 5 35 0x7f3b507fff30 0x7f34b9e0e158 1 -1 8 492 26
get: 1496270098.482103 11 5 35 0x7f3b50800380 0x7f34b9817068 1 -1 16 1354 53
get: 1496270098.482225 11 5 35 0x7f3b50800340 0x7f34b981c0e0 1 -1 16 1354 53
get: 1496270098.482393 11 5 35 0x7f3b50800350 0x7f34b9817020 1 -1 16 1354 53
get: 1496270098.482514 11 5 35 0x7f3b507fff28 0x7f34b9e0e160 1 -1 8 492 26
get: 1496270098.482680 11 5 35 0x7f3b507fff30 0x7f34b9e0e158 1 -1 8 492 26
get: 1496270098.482806 11 5 35 0x7f3b50800380 0x7f34b9817068 1 -1 16 1354 53
get: 1496270098.482932 11 5 35 0x7f3b50800340 0x7f34b981c0f0 1 -1 16 1354 53
task: 1496270098.483059 11 36 35 L 215 28 24
task: 1496270098.483068 11 37 35 L 218 28 31
Btask: 1496270098.483131 11 36
Btask: 1496270098.483133 11 37
Etask: 1496270098.483146 11 36
Etask: 1496270098.483154 11 37
Etask: 1496270098.483171 11 35
task: 1496270098.526038 11 38 4 O 0 -5 158
Btask: 1496270098.526140 11 38
VdbMark: 1496270098.526153 11 38
Tag: 1496270098.526162 1.504000 0.776000 11 38 2
Etask: 1496270098.526192 11 38
task: 1496270098.529149 11 39 4 O 0 -5 164
Btask: 1496270098.529256 11 39
f_executeOn: 1496270098.529314 11 0 -2 18 0x7f3b46800e20 112 39
Etask: 1496270098.529502 11 39
task: 1496270098.537051 11 40 4 O 0 -5 158
Btask: 1496270098.537169 11 40
VdbMark: 1496270098.537179 11 40
Tag: 1496270098.537195 1.520000 0.788000 11 40 3
Etask: 1496270098.537223 11 40
task: 1496270098.581322 11 41 4 O 0 -5 158
Btask: 1496270098.581416 11 41
VdbMark: 1496270098.581449 11 41
Tag: 1496270098.581497 1.572000 0.828000 11 41 4
Etask: 1496270098.581553 11 41
task: 1496270098.589263 11 42 4 O 0 -5 160
Btask: 1496270098.589311 11 42
get: 1496270098.589344 11 5 42 0x7f3b7b003a80 0x7f34c401f020 1 -1 8 31 51
get: 1496270098.589566 11 5 42 0x7f3b7b003a90 0x7f34c401f028 1 -1 16 31 51
get: 1496270098.589809 11 2 42 0x7f3b7b0039c0 0x7fc9cbc1d020 1 -1 8 33 51
get: 1496270098.590013 11 2 42 0x7f3b7b0039d0 0x7fc9cbc1d028 1 -1 16 33 51
task: 1496270098.590220 11 43 42 L 30 51 159
task: 1496270098.590234 11 44 42 L 32 51 161
Btask: 1496270098.590267 11 44
Etask: 1496270098.590276 11 44
Btask: 1496270098.590312 11 43
Etask: 1496270098.590335 11 43
Etask: 1496270098.590363 11 42
task: 1496270098.596948 11 45 1 O 0 -5 158
Btask: 1496270098.597017 11 45
VdbMark: 1496270098.597035 11 45
Tag: 1496270098.597047 1.596000 0.848000 11 45 5
Etask: 1496270098.597112 11 45
task: 1496270098.607459 11 46 1 O 0 -5 158
Btask: 1496270098.607555 11 46
VdbMark: 1496270098.607576 11 46
Tag: 1496270098.607589 1.608000 0.860000 11 46 6
Etask: 1496270098.607797 11 46
task: 1496270098.611657 11 47 4 O 0 -5 166
Btask: 1496270098.611724 11 47
task: 1496270098.611780 11 48 47 L 76 51 165
task: 1496270098.611795 11 49 47 L 78 51 167
task: 1496270098.611814 11 50 47 L 80 51 169
Btask: 1496270098.611826 11 49
Etask: 1496270098.611834 11 49
Btask: 1496270098.611949 11 48
Btask: 1496270098.611947 11 50
Etask: 1496270098.611971 11 48
Etask: 1496270098.611990 11 50
Etask: 1496270098.612106 11 47
task: 1496270098.623892 11 51 4 O 0 -5 158
Btask: 1496270098.623970 11 51
VdbMark: 1496270098.624001 11 51
Tag: 1496270098.624015 1.640000 0.880000 11 51 7
Etask: 1496270098.624187 11 51
task: 1496270098.671900 11 52 1 O 0 -5 158
Btask: 1496270098.671943 11 52
VdbMark: 1496270098.671952 11 52
Tag: 1496270098.671961 1.724000 0.896000 11 52 8
Etask: 1496270098.671989 11 52
task: 1496270098.681637 11 53 1 O 0 -5 171
Btask: 1496270098.681666 11 53
Etask: 1496270098.681703 11 53
task: 1496270098.688808 11 54 4 O 0 -5 158
Btask: 1496270098.688840 11 54
VdbMark: 1496270098.688850 11 54
Tag: 1496270098.688857 1.748000 0.912000 11 54 9
Etask: 1496270098.688879 11 54
task: 1496270098.725210 11 55 4 O 0 -5 158
Btask: 1496270098.725245 11 55
VdbMark: 1496270098.725254 11 55
Pause: 1496270098.725262 1.800000 0.932000 11 55 9
VdbMark: 1496270098.728216 11 56
Tag: 1496270098.728235 1.804000 0.940000 11 56 10
Etask: 1496270098.728290 11 56
task: 1496270098.751476 11 57 1 O 0 -5 172
Btask: 1496270098.751529 11 57
get: 1496270098.751543 11 10 57 0x7f3b41800e80 0x7f727e800a98 1 -1 8 157 51
get: 1496270098.751729 11 10 57 0x7f3b41800e88 0x7f727e800a98 1 -1 8 157 51
get: 1496270098.751983 11 10 57 0x7f3b41800930 0x7f72c0a19180 1 -1 8 157 51
get: 1496270098.752218 11 10 57 0x7f3b41800940 0x7f72c0a19188 1 -1 16 157 51
get: 1496270098.752459 11 8 57 0x7f3b41800870 0x7f71c9a19180 1 -1 8 157 51
get: 1496270098.752689 11 8 57 0x7f3b41800880 0x7f71c9a19188 1 -1 16 157 51
Etask: 1496270098.752879 11 57
task: 1496270098.761905 11 58 4 O 0 -5 158
Btask: 1496270098.761996 11 58
VdbMark: 1496270098.762010 11 58
Tag: 1496270098.762020 1.856000 0.960000 11 58 11
Etask: 1496270098.762056 11 58
task: 1496270098.785789 11 59 1 O 0 -5 158
Btask: 1496270098.785858 11 59
VdbMark: 1496270098.785873 11 59
Pause: 1496270098.785883 1.892000 0.976000 11 59 11
VdbMark: 1496270098.789867 11 60
Tag: 1496270098.789882 1.900000 0.980000 11 60 12
Etask: 1496270098.789925 11 60
task: 1496270098.796267 11 61 1 O 0 -5 174
Btask: 1496270098.796339 11 61
get: 1496270098.796357 11 10 61 0x7f3b70800a90 0x7f72b560f000 1 -1 8 204 51
get: 1496270098.796756 11 10 61 0x7f3b70800aa0 0x7f72b560f008 1 -1 16 204 51
get: 1496270098.797046 11 8 61 0x7f3b708009d0 0x7f71be40f000 1 -1 8 204 51
get: 1496270098.797248 11 8 61 0x7f3b708009e0 0x7f71be40f008 1 -1 16 204 51
Etask: 1496270098.797447 11 61
task: 1496270098.808256 11 62 4 O 0 -5 158
Btask: 1496270098.808324 11 62
VdbMark: 1496270098.808338 11 62
End: 1496270098.808349 1.916000 1.004000 11 62
