ChplVdebug: ver 1.2 nodes 16 nid 13 tid 2 seq 56097699490.000 1496270097.702468 0.356000 0.132000 
Etask: 1496270097.703663 13 2
task: 1496270097.730820 13 3 1 O 0 -5 158
Btask: 1496270097.731380 13 3
VdbMark: 1496270097.731851 13 3
Tag: 1496270097.731864 0.404000 0.144000 13 3 0
Etask: 1496270097.731901 13 3
task: 1496270097.751799 13 4 5 O 0 -5 123
Btask: 1496270097.752358 13 4
get: 1496270097.752828 13 0 4 0x7faa5e800c50 0x7f5592184348 1 -1 16 451 53
get: 1496270097.752982 13 0 4 0x7faa5e800c60 0x7f55921113e0 1 -1 16 451 53
get: 1496270097.753118 13 0 4 0x7faa5e800b08 0x7f55921104e0 1 -1 8 492 26
get: 1496270097.753218 13 0 4 0x7faa5e800b10 0x7f55921104d8 1 -1 8 492 26
get: 1496270097.753429 13 0 4 0x7faa5e800c90 0x7f5592111428 1 -1 16 451 53
put: 1496270097.753849 13 0 4 0x7faa5e800cb0 0x7f55920514d0 1 -1 16 451 53
f_executeOn: 1496270097.754002 13 0 -2 18 0x7faa5e800df0 112 4
Etask: 1496270097.754136 13 4
task: 1496270097.790596 13 6 5 O 0 -5 27
Btask: 1496270097.791142 13 6
get: 1496270097.791708 13 6 6 0x7faa537fff30 0x7f530120f0a8 1 -1 16 1295 53
get: 1496270097.791954 13 6 6 0x7faa537ffe30 0x7f530120f088 1 -1 16 1294 53
get: 1496270097.792119 13 6 6 0x7faa537ffe50 0x7f5301217020 1 -1 16 1294 53
get: 1496270097.792306 13 6 6 0x7faa537ff9a8 0x7f530120e160 1 -1 8 492 26
get: 1496270097.792538 13 6 6 0x7faa537ff9b0 0x7f530120e158 1 -1 8 492 26
get: 1496270097.792707 13 6 6 0x7faa537ffe80 0x7f5301217068 1 -1 16 1294 53
get: 1496270097.792847 13 6 6 0x7faa537ffe40 0x7f5301220000 1 -1 16 1294 53
get: 1496270097.793009 13 6 6 0x7faa537fff50 0x7f53012170c0 1 -1 16 1295 53
get: 1496270097.793156 13 6 6 0x7faa537ff9a8 0x7f530120e160 1 -1 8 492 26
get: 1496270097.793287 13 6 6 0x7faa537ff9b0 0x7f530120e158 1 -1 8 492 26
get: 1496270097.793371 13 6 6 0x7faa537fff80 0x7f5301217108 1 -1 16 1295 53
get: 1496270097.793493 13 6 6 0x7faa537fff40 0x7f5301220100 1 -1 16 1295 53
get: 1496270097.793643 13 6 6 0x7faa537ffe50 0x7f5301217020 1 -1 16 1294 53
get: 1496270097.793786 13 6 6 0x7faa537ff9a8 0x7f530120e160 1 -1 8 492 26
get: 1496270097.793940 13 6 6 0x7faa537ff9b0 0x7f530120e158 1 -1 8 492 26
get: 1496270097.794098 13 6 6 0x7faa537ffe80 0x7f5301217068 1 -1 16 1294 53
get: 1496270097.794241 13 6 6 0x7faa537ffe40 0x7f5301220010 1 -1 16 1294 53
get: 1496270097.794375 13 6 6 0x7faa537fff50 0x7f53012170c0 1 -1 16 1295 53
get: 1496270097.794501 13 6 6 0x7faa537ff9a8 0x7f530120e160 1 -1 8 492 26
get: 1496270097.794632 13 6 6 0x7faa537ff9b0 0x7f530120e158 1 -1 8 492 26
get: 1496270097.794752 13 6 6 0x7faa537fff80 0x7f5301217108 1 -1 16 1295 53
get: 1496270097.794885 13 6 6 0x7faa537fff40 0x7f5301220110 1 -1 16 1295 53
get: 1496270097.795006 13 6 6 0x7faa537ffe50 0x7f5301217020 1 -1 16 1294 53
get: 1496270097.795128 13 6 6 0x7faa537ff9a8 0x7f530120e160 1 -1 8 492 26
get: 1496270097.795261 13 6 6 0x7faa537ff9b0 0x7f530120e158 1 -1 8 492 26
get: 1496270097.795377 13 6 6 0x7faa537ffe80 0x7f5301217068 1 -1 16 1294 53
get: 1496270097.795512 13 6 6 0x7faa537ffe40 0x7f5301220020 1 -1 16 1294 53
get: 1496270097.795631 13 6 6 0x7faa537fff50 0x7f53012170c0 1 -1 16 1295 53
get: 1496270097.795843 13 6 6 0x7faa537ff9a8 0x7f530120e160 1 -1 8 492 26
get: 1496270097.796015 13 6 6 0x7faa537ff9b0 0x7f530120e158 1 -1 8 492 26
get: 1496270097.796153 13 6 6 0x7faa537fff80 0x7f5301217108 1 -1 16 1295 53
get: 1496270097.796243 13 6 6 0x7faa537fff40 0x7f5301220120 1 -1 16 1295 53
get: 1496270097.796330 13 6 6 0x7faa537ffe50 0x7f5301217020 1 -1 16 1294 53
get: 1496270097.796441 13 6 6 0x7faa537ff9a8 0x7f530120e160 1 -1 8 492 26
get: 1496270097.796547 13 6 6 0x7faa537ff9b0 0x7f530120e158 1 -1 8 492 26
get: 1496270097.796689 13 6 6 0x7faa537ffe80 0x7f5301217068 1 -1 16 1294 53
get: 1496270097.796807 13 6 6 0x7faa537ffe40 0x7f5301220030 1 -1 16 1294 53
get: 1496270097.796964 13 6 6 0x7faa537fff50 0x7f53012170c0 1 -1 16 1295 53
get: 1496270097.797095 13 6 6 0x7faa537ff9a8 0x7f530120e160 1 -1 8 492 26
get: 1496270097.797214 13 6 6 0x7faa537ff9b0 0x7f530120e158 1 -1 8 492 26
get: 1496270097.797355 13 6 6 0x7faa537fff80 0x7f5301217108 1 -1 16 1295 53
get: 1496270097.797477 13 6 6 0x7faa537fff40 0x7f5301220130 1 -1 16 1295 53
get: 1496270097.797581 13 6 6 0x7faa537ffe50 0x7f5301217020 1 -1 16 1294 53
get: 1496270097.797671 13 6 6 0x7faa537ff9a8 0x7f530120e160 1 -1 8 492 26
get: 1496270097.797803 13 6 6 0x7faa537ff9b0 0x7f530120e158 1 -1 8 492 26
get: 1496270097.797925 13 6 6 0x7faa537ffe80 0x7f5301217068 1 -1 16 1294 53
get: 1496270097.798044 13 6 6 0x7faa537ffe40 0x7f5301220040 1 -1 16 1294 53
get: 1496270097.798173 13 6 6 0x7faa537fff50 0x7f53012170c0 1 -1 16 1295 53
get: 1496270097.798297 13 6 6 0x7faa537ff9a8 0x7f530120e160 1 -1 8 492 26
get: 1496270097.798421 13 6 6 0x7faa537ff9b0 0x7f530120e158 1 -1 8 492 26
get: 1496270097.798505 13 6 6 0x7faa537fff80 0x7f5301217108 1 -1 16 1295 53
get: 1496270097.798621 13 6 6 0x7faa537fff40 0x7f5301220140 1 -1 16 1295 53
get: 1496270097.798789 13 6 6 0x7faa537ffe50 0x7f5301217020 1 -1 16 1294 53
get: 1496270097.798906 13 6 6 0x7faa537ff9a8 0x7f530120e160 1 -1 8 492 26
get: 1496270097.799021 13 6 6 0x7faa537ff9b0 0x7f530120e158 1 -1 8 492 26
get: 1496270097.799137 13 6 6 0x7faa537ffe80 0x7f5301217068 1 -1 16 1294 53
get: 1496270097.799253 13 6 6 0x7faa537ffe40 0x7f5301220050 1 -1 16 1294 53
get: 1496270097.799369 13 6 6 0x7faa537fff50 0x7f53012170c0 1 -1 16 1295 53
get: 1496270097.799447 13 6 6 0x7faa537ff9a8 0x7f530120e160 1 -1 8 492 26
get: 1496270097.799562 13 6 6 0x7faa537ff9b0 0x7f530120e158 1 -1 8 492 26
get: 1496270097.799679 13 6 6 0x7faa537fff80 0x7f5301217108 1 -1 16 1295 53
get: 1496270097.799822 13 6 6 0x7faa537fff40 0x7f5301220150 1 -1 16 1295 53
get: 1496270097.799951 13 6 6 0x7faa537ffe50 0x7f5301217020 1 -1 16 1294 53
get: 1496270097.800066 13 6 6 0x7faa537ff9a8 0x7f530120e160 1 -1 8 492 26
get: 1496270097.800181 13 6 6 0x7faa537ff9b0 0x7f530120e158 1 -1 8 492 26
get: 1496270097.800300 13 6 6 0x7faa537ffe80 0x7f5301217068 1 -1 16 1294 53
get: 1496270097.800382 13 6 6 0x7faa537ffe40 0x7f5301220060 1 -1 16 1294 53
get: 1496270097.800521 13 6 6 0x7faa537fff50 0x7f53012170c0 1 -1 16 1295 53
get: 1496270097.800649 13 6 6 0x7faa537ff9a8 0x7f530120e160 1 -1 8 492 26
get: 1496270097.800760 13 6 6 0x7faa537ff9b0 0x7f530120e158 1 -1 8 492 26
get: 1496270097.800877 13 6 6 0x7faa537fff80 0x7f5301217108 1 -1 16 1295 53
get: 1496270097.801019 13 6 6 0x7faa537fff40 0x7f5301220160 1 -1 16 1295 53
get: 1496270097.801139 13 6 6 0x7faa537ffe50 0x7f5301217020 1 -1 16 1294 53
get: 1496270097.801284 13 6 6 0x7faa537ff9a8 0x7f530120e160 1 -1 8 492 26
get: 1496270097.801409 13 6 6 0x7faa537ff9b0 0x7f530120e158 1 -1 8 492 26
get: 1496270097.801523 13 6 6 0x7faa537ffe80 0x7f5301217068 1 -1 16 1294 53
get: 1496270097.801645 13 6 6 0x7faa537ffe40 0x7f5301220070 1 -1 16 1294 53
get: 1496270097.801760 13 6 6 0x7faa537fff50 0x7f53012170c0 1 -1 16 1295 53
get: 1496270097.801879 13 6 6 0x7faa537ff9a8 0x7f530120e160 1 -1 8 492 26
get: 1496270097.802000 13 6 6 0x7faa537ff9b0 0x7f530120e158 1 -1 8 492 26
get: 1496270097.802125 13 6 6 0x7faa537fff80 0x7f5301217108 1 -1 16 1295 53
get: 1496270097.802239 13 6 6 0x7faa537fff40 0x7f5301220170 1 -1 16 1295 53
get: 1496270097.802328 13 6 6 0x7faa537ffe50 0x7f5301217020 1 -1 16 1294 53
get: 1496270097.802439 13 6 6 0x7faa537ff9a8 0x7f530120e160 1 -1 8 492 26
get: 1496270097.802516 13 6 6 0x7faa537ff9b0 0x7f530120e158 1 -1 8 492 26
get: 1496270097.802563 13 6 6 0x7faa537ffe80 0x7f5301217068 1 -1 16 1294 53
get: 1496270097.802628 13 6 6 0x7faa537ffe40 0x7f5301220080 1 -1 16 1294 53
get: 1496270097.802680 13 6 6 0x7faa537fff50 0x7f53012170c0 1 -1 16 1295 53
get: 1496270097.802762 13 6 6 0x7faa537ff9a8 0x7f530120e160 1 -1 8 492 26
get: 1496270097.802934 13 6 6 0x7faa537ff9b0 0x7f530120e158 1 -1 8 492 26
get: 1496270097.803016 13 6 6 0x7faa537fff80 0x7f5301217108 1 -1 16 1295 53
get: 1496270097.803133 13 6 6 0x7faa537fff40 0x7f5301220180 1 -1 16 1295 53
get: 1496270097.803251 13 6 6 0x7faa537ffe50 0x7f5301217020 1 -1 16 1294 53
get: 1496270097.803368 13 6 6 0x7faa537ff9a8 0x7f530120e160 1 -1 8 492 26
get: 1496270097.803485 13 6 6 0x7faa537ff9b0 0x7f530120e158 1 -1 8 492 26
get: 1496270097.803602 13 6 6 0x7faa537ffe80 0x7f5301217068 1 -1 16 1294 53
get: 1496270097.803725 13 6 6 0x7faa537ffe40 0x7f5301220090 1 -1 16 1294 53
get: 1496270097.803859 13 6 6 0x7faa537fff50 0x7f53012170c0 1 -1 16 1295 53
get: 1496270097.803979 13 6 6 0x7faa537ff9a8 0x7f530120e160 1 -1 8 492 26
get: 1496270097.804098 13 6 6 0x7faa537ff9b0 0x7f530120e158 1 -1 8 492 26
get: 1496270097.804217 13 6 6 0x7faa537fff80 0x7f5301217108 1 -1 16 1295 53
get: 1496270097.804332 13 6 6 0x7faa537fff40 0x7f5301220190 1 -1 16 1295 53
get: 1496270097.804466 13 6 6 0x7faa537ffe50 0x7f5301217020 1 -1 16 1294 53
get: 1496270097.804557 13 6 6 0x7faa537ff9a8 0x7f530120e160 1 -1 8 492 26
get: 1496270097.804637 13 6 6 0x7faa537ff9b0 0x7f530120e158 1 -1 8 492 26
get: 1496270097.804758 13 6 6 0x7faa537ffe80 0x7f5301217068 1 -1 16 1294 53
get: 1496270097.804843 13 6 6 0x7faa537ffe40 0x7f53012200a0 1 -1 16 1294 53
get: 1496270097.804964 13 6 6 0x7faa537fff50 0x7f53012170c0 1 -1 16 1295 53
get: 1496270097.805085 13 6 6 0x7faa537ff9a8 0x7f530120e160 1 -1 8 492 26
get: 1496270097.805215 13 6 6 0x7faa537ff9b0 0x7f530120e158 1 -1 8 492 26
get: 1496270097.805337 13 6 6 0x7faa537fff80 0x7f5301217108 1 -1 16 1295 53
get: 1496270097.805451 13 6 6 0x7faa537fff40 0x7f53012201a0 1 -1 16 1295 53
get: 1496270097.805570 13 6 6 0x7faa537ffe50 0x7f5301217020 1 -1 16 1294 53
get: 1496270097.805698 13 6 6 0x7faa537ff9a8 0x7f530120e160 1 -1 8 492 26
get: 1496270097.805826 13 6 6 0x7faa537ff9b0 0x7f530120e158 1 -1 8 492 26
get: 1496270097.805941 13 6 6 0x7faa537ffe80 0x7f5301217068 1 -1 16 1294 53
get: 1496270097.806062 13 6 6 0x7faa537ffe40 0x7f53012200b0 1 -1 16 1294 53
get: 1496270097.806183 13 6 6 0x7faa537fff50 0x7f53012170c0 1 -1 16 1295 53
get: 1496270097.806305 13 6 6 0x7faa537ff9a8 0x7f530120e160 1 -1 8 492 26
get: 1496270097.806417 13 6 6 0x7faa537ff9b0 0x7f530120e158 1 -1 8 492 26
get: 1496270097.806531 13 6 6 0x7faa537fff80 0x7f5301217108 1 -1 16 1295 53
get: 1496270097.806648 13 6 6 0x7faa537fff40 0x7f53012201b0 1 -1 16 1295 53
get: 1496270097.806731 13 6 6 0x7faa537ffe50 0x7f5301217020 1 -1 16 1294 53
get: 1496270097.806849 13 6 6 0x7faa537ff9a8 0x7f530120e160 1 -1 8 492 26
get: 1496270097.806975 13 6 6 0x7faa537ff9b0 0x7f530120e158 1 -1 8 492 26
get: 1496270097.807064 13 6 6 0x7faa537ffe80 0x7f5301217068 1 -1 16 1294 53
get: 1496270097.807152 13 6 6 0x7faa537ffe40 0x7f53012200c0 1 -1 16 1294 53
get: 1496270097.807290 13 6 6 0x7faa537fff50 0x7f53012170c0 1 -1 16 1295 53
get: 1496270097.807500 13 6 6 0x7faa537ff9a8 0x7f530120e160 1 -1 8 492 26
get: 1496270097.807639 13 6 6 0x7faa537ff9b0 0x7f530120e158 1 -1 8 492 26
get: 1496270097.807721 13 6 6 0x7faa537fff80 0x7f5301217108 1 -1 16 1295 53
get: 1496270097.807841 13 6 6 0x7faa537fff40 0x7f53012201c0 1 -1 16 1295 53
get: 1496270097.807968 13 6 6 0x7faa537ffe50 0x7f5301217020 1 -1 16 1294 53
get: 1496270097.808153 13 6 6 0x7faa537ff9a8 0x7f530120e160 1 -1 8 492 26
get: 1496270097.808272 13 6 6 0x7faa537ff9b0 0x7f530120e158 1 -1 8 492 26
get: 1496270097.808391 13 6 6 0x7faa537ffe80 0x7f5301217068 1 -1 16 1294 53
get: 1496270097.808511 13 6 6 0x7faa537ffe40 0x7f53012200d0 1 -1 16 1294 53
get: 1496270097.808631 13 6 6 0x7faa537fff50 0x7f53012170c0 1 -1 16 1295 53
get: 1496270097.808715 13 6 6 0x7faa537ff9a8 0x7f530120e160 1 -1 8 492 26
get: 1496270097.808839 13 6 6 0x7faa537ff9b0 0x7f530120e158 1 -1 8 492 26
get: 1496270097.808954 13 6 6 0x7faa537fff80 0x7f5301217108 1 -1 16 1295 53
get: 1496270097.809083 13 6 6 0x7faa537fff40 0x7f53012201d0 1 -1 16 1295 53
get: 1496270097.809203 13 6 6 0x7faa537ffe50 0x7f5301217020 1 -1 16 1294 53
get: 1496270097.809321 13 6 6 0x7faa537ff9a8 0x7f530120e160 1 -1 8 492 26
get: 1496270097.809496 13 6 6 0x7faa537ff9b0 0x7f530120e158 1 -1 8 492 26
get: 1496270097.809618 13 6 6 0x7faa537ffe80 0x7f5301217068 1 -1 16 1294 53
get: 1496270097.809776 13 6 6 0x7faa537ffe40 0x7f53012200e0 1 -1 16 1294 53
get: 1496270097.809893 13 6 6 0x7faa537fff50 0x7f53012170c0 1 -1 16 1295 53
get: 1496270097.810013 13 6 6 0x7faa537ff9a8 0x7f530120e160 1 -1 8 492 26
get: 1496270097.810148 13 6 6 0x7faa537ff9b0 0x7f530120e158 1 -1 8 492 26
get: 1496270097.810270 13 6 6 0x7faa537fff80 0x7f5301217108 1 -1 16 1295 53
get: 1496270097.810429 13 6 6 0x7faa537fff40 0x7f53012201e0 1 -1 16 1295 53
get: 1496270097.810549 13 6 6 0x7faa537ffe50 0x7f5301217020 1 -1 16 1294 53
get: 1496270097.810664 13 6 6 0x7faa537ff9a8 0x7f530120e160 1 -1 8 492 26
get: 1496270097.810742 13 6 6 0x7faa537ff9b0 0x7f530120e158 1 -1 8 492 26
get: 1496270097.810859 13 6 6 0x7faa537ffe80 0x7f5301217068 1 -1 16 1294 53
get: 1496270097.810978 13 6 6 0x7faa537ffe40 0x7f53012200f0 1 -1 16 1294 53
get: 1496270097.811114 13 6 6 0x7faa537fff50 0x7f53012170c0 1 -1 16 1295 53
get: 1496270097.811232 13 6 6 0x7faa537ff9a8 0x7f530120e160 1 -1 8 492 26
get: 1496270097.811365 13 6 6 0x7faa537ff9b0 0x7f530120e158 1 -1 8 492 26
get: 1496270097.811504 13 6 6 0x7faa537fff80 0x7f5301217108 1 -1 16 1295 53
get: 1496270097.811587 13 6 6 0x7faa537fff40 0x7f53012201f0 1 -1 16 1295 53
task: 1496270097.811697 13 7 6 L 215 28 23
task: 1496270097.811709 13 8 6 L 218 28 30
Btask: 1496270097.811760 13 7
Etask: 1496270097.812251 13 7
Btask: 1496270097.812287 13 8
Etask: 1496270097.812305 13 8
Etask: 1496270097.812328 13 6
task: 1496270097.897507 13 9 1 O 0 -5 125
Btask: 1496270097.898068 13 9
get: 1496270097.898560 13 0 9 0x7faa4e800b50 0x7f55921114c0 1 -1 16 933 53
get: 1496270097.898756 13 0 9 0x7faa4e800b60 0x7f5592111520 1 -1 16 933 53
get: 1496270097.898926 13 0 9 0x7faa4e8009c8 0x7f55921104e0 1 -1 8 492 26
get: 1496270097.899049 13 0 9 0x7faa4e8009d0 0x7f55921104d8 1 -1 8 492 26
get: 1496270097.899215 13 0 9 0x7faa4e800b90 0x7f5592111568 1 -1 16 933 53
get: 1496270097.899345 13 0 9 0x7faa4e800be0 0x7f55921114a8 1 -1 16 934 53
get: 1496270097.899484 13 0 9 0x7faa4e800770 0x7f5592184348 1 -1 16 588 53
get: 1496270097.899659 13 0 9 0x7faa4e800790 0x7f55921113e0 1 -1 16 588 53
get: 1496270097.899839 13 0 9 0x7faa4e800628 0x7f55921104e0 1 -1 8 492 26
get: 1496270097.900009 13 0 9 0x7faa4e800630 0x7f55921104d8 1 -1 8 492 26
get: 1496270097.900151 13 0 9 0x7faa4e8007c0 0x7f5592111428 1 -1 16 588 53
get: 1496270097.900292 13 0 9 0x7faa4e800780 0x7f55920514d0 1 -1 16 588 53
get: 1496270097.900431 13 0 9 0x7faa4e800640 0x7f55921114e0 1 -1 16 1609 28
get: 1496270097.900566 13 0 9 0x7faa4e8005b0 0x7f5592110558 1 -1 32 145 26
put: 1496270097.900712 13 0 9 0x7faa4e800c20 0x7f55920515d0 1 -1 16 933 53
f_executeOn: 1496270097.900936 13 0 -2 18 0x7faa4e800e70 112 9
Etask: 1496270097.901076 13 9
task: 1496270097.929941 13 10 5 O 0 -5 26
Btask: 1496270097.930527 13 10
get: 1496270097.931056 13 6 10 0x7faa49800400 0x7f5300e0f060 1 -1 16 1332 53
get: 1496270097.931299 13 6 10 0x7faa49800420 0x7f5300e0f0c0 1 -1 16 1332 53
get: 1496270097.931506 13 6 10 0x7faa49800048 0x7f530120e160 1 -1 8 492 26
get: 1496270097.931668 13 6 10 0x7faa49800050 0x7f530120e158 1 -1 8 492 26
get: 1496270097.931878 13 6 10 0x7faa49800450 0x7f5300e0f108 1 -1 16 1332 53
get: 1496270097.932039 13 6 10 0x7faa49800410 0x7f5300e14000 1 -1 16 1332 53
get: 1496270097.932178 13 6 10 0x7faa49800420 0x7f5300e0f0c0 1 -1 16 1332 53
get: 1496270097.932352 13 6 10 0x7faa49800048 0x7f530120e160 1 -1 8 492 26
get: 1496270097.932486 13 6 10 0x7faa49800050 0x7f530120e158 1 -1 8 492 26
get: 1496270097.932619 13 6 10 0x7faa49800450 0x7f5300e0f108 1 -1 16 1332 53
get: 1496270097.932762 13 6 10 0x7faa49800410 0x7f5300e14010 1 -1 16 1332 53
get: 1496270097.932926 13 6 10 0x7faa49800420 0x7f5300e0f0c0 1 -1 16 1332 53
get: 1496270097.933157 13 6 10 0x7faa49800048 0x7f530120e160 1 -1 8 492 26
get: 1496270097.933319 13 6 10 0x7faa49800050 0x7f530120e158 1 -1 8 492 26
get: 1496270097.933439 13 6 10 0x7faa49800450 0x7f5300e0f108 1 -1 16 1332 53
get: 1496270097.933598 13 6 10 0x7faa49800410 0x7f5300e14020 1 -1 16 1332 53
get: 1496270097.933767 13 6 10 0x7faa49800420 0x7f5300e0f0c0 1 -1 16 1332 53
get: 1496270097.933878 13 6 10 0x7faa49800048 0x7f530120e160 1 -1 8 492 26
get: 1496270097.933988 13 6 10 0x7faa49800050 0x7f530120e158 1 -1 8 492 26
get: 1496270097.934125 13 6 10 0x7faa49800450 0x7f5300e0f108 1 -1 16 1332 53
get: 1496270097.934258 13 6 10 0x7faa49800410 0x7f5300e14030 1 -1 16 1332 53
get: 1496270097.934400 13 6 10 0x7faa49800420 0x7f5300e0f0c0 1 -1 16 1332 53
get: 1496270097.934535 13 6 10 0x7faa49800048 0x7f530120e160 1 -1 8 492 26
get: 1496270097.934665 13 6 10 0x7faa49800050 0x7f530120e158 1 -1 8 492 26
get: 1496270097.934796 13 6 10 0x7faa49800450 0x7f5300e0f108 1 -1 16 1332 53
get: 1496270097.934916 13 6 10 0x7faa49800410 0x7f5300e14040 1 -1 16 1332 53
get: 1496270097.935055 13 6 10 0x7faa49800420 0x7f5300e0f0c0 1 -1 16 1332 53
get: 1496270097.935206 13 6 10 0x7faa49800048 0x7f530120e160 1 -1 8 492 26
get: 1496270097.935350 13 6 10 0x7faa49800050 0x7f530120e158 1 -1 8 492 26
get: 1496270097.935535 13 6 10 0x7faa49800450 0x7f5300e0f108 1 -1 16 1332 53
get: 1496270097.935659 13 6 10 0x7faa49800410 0x7f5300e14050 1 -1 16 1332 53
get: 1496270097.935782 13 6 10 0x7faa49800420 0x7f5300e0f0c0 1 -1 16 1332 53
get: 1496270097.935873 13 6 10 0x7faa49800048 0x7f530120e160 1 -1 8 492 26
get: 1496270097.935978 13 6 10 0x7faa49800050 0x7f530120e158 1 -1 8 492 26
get: 1496270097.936066 13 6 10 0x7faa49800450 0x7f5300e0f108 1 -1 16 1332 53
get: 1496270097.936162 13 6 10 0x7faa49800410 0x7f5300e14060 1 -1 16 1332 53
get: 1496270097.936320 13 6 10 0x7faa49800420 0x7f5300e0f0c0 1 -1 16 1332 53
get: 1496270097.936476 13 6 10 0x7faa49800048 0x7f530120e160 1 -1 8 492 26
get: 1496270097.936529 13 6 10 0x7faa49800050 0x7f530120e158 1 -1 8 492 26
get: 1496270097.936620 13 6 10 0x7faa49800450 0x7f5300e0f108 1 -1 16 1332 53
get: 1496270097.936744 13 6 10 0x7faa49800410 0x7f5300e14070 1 -1 16 1332 53
get: 1496270097.936867 13 6 10 0x7faa49800420 0x7f5300e0f0c0 1 -1 16 1332 53
get: 1496270097.936953 13 6 10 0x7faa49800048 0x7f530120e160 1 -1 8 492 26
get: 1496270097.937038 13 6 10 0x7faa49800050 0x7f530120e158 1 -1 8 492 26
get: 1496270097.937158 13 6 10 0x7faa49800450 0x7f5300e0f108 1 -1 16 1332 53
get: 1496270097.937275 13 6 10 0x7faa49800410 0x7f5300e14080 1 -1 16 1332 53
get: 1496270097.937326 13 6 10 0x7faa49800420 0x7f5300e0f0c0 1 -1 16 1332 53
get: 1496270097.937442 13 6 10 0x7faa49800048 0x7f530120e160 1 -1 8 492 26
get: 1496270097.937566 13 6 10 0x7faa49800050 0x7f530120e158 1 -1 8 492 26
get: 1496270097.937700 13 6 10 0x7faa49800450 0x7f5300e0f108 1 -1 16 1332 53
get: 1496270097.937843 13 6 10 0x7faa49800410 0x7f5300e14090 1 -1 16 1332 53
get: 1496270097.937961 13 6 10 0x7faa49800420 0x7f5300e0f0c0 1 -1 16 1332 53
get: 1496270097.938085 13 6 10 0x7faa49800048 0x7f530120e160 1 -1 8 492 26
get: 1496270097.938209 13 6 10 0x7faa49800050 0x7f530120e158 1 -1 8 492 26
get: 1496270097.938296 13 6 10 0x7faa49800450 0x7f5300e0f108 1 -1 16 1332 53
get: 1496270097.938425 13 6 10 0x7faa49800410 0x7f5300e140a0 1 -1 16 1332 53
get: 1496270097.938574 13 6 10 0x7faa49800420 0x7f5300e0f0c0 1 -1 16 1332 53
get: 1496270097.938698 13 6 10 0x7faa49800048 0x7f530120e160 1 -1 8 492 26
get: 1496270097.938844 13 6 10 0x7faa49800050 0x7f530120e158 1 -1 8 492 26
get: 1496270097.938934 13 6 10 0x7faa49800450 0x7f5300e0f108 1 -1 16 1332 53
get: 1496270097.939024 13 6 10 0x7faa49800410 0x7f5300e140b0 1 -1 16 1332 53
get: 1496270097.939160 13 6 10 0x7faa49800420 0x7f5300e0f0c0 1 -1 16 1332 53
get: 1496270097.939277 13 6 10 0x7faa49800048 0x7f530120e160 1 -1 8 492 26
get: 1496270097.939402 13 6 10 0x7faa49800050 0x7f530120e158 1 -1 8 492 26
get: 1496270097.939528 13 6 10 0x7faa49800450 0x7f5300e0f108 1 -1 16 1332 53
get: 1496270097.939651 13 6 10 0x7faa49800410 0x7f5300e140c0 1 -1 16 1332 53
get: 1496270097.939776 13 6 10 0x7faa49800420 0x7f5300e0f0c0 1 -1 16 1332 53
get: 1496270097.939869 13 6 10 0x7faa49800048 0x7f530120e160 1 -1 8 492 26
get: 1496270097.939942 13 6 10 0x7faa49800050 0x7f530120e158 1 -1 8 492 26
get: 1496270097.940027 13 6 10 0x7faa49800450 0x7f5300e0f108 1 -1 16 1332 53
get: 1496270097.940110 13 6 10 0x7faa49800410 0x7f5300e140d0 1 -1 16 1332 53
get: 1496270097.940235 13 6 10 0x7faa49800420 0x7f5300e0f0c0 1 -1 16 1332 53
get: 1496270097.940360 13 6 10 0x7faa49800048 0x7f530120e160 1 -1 8 492 26
get: 1496270097.940488 13 6 10 0x7faa49800050 0x7f530120e158 1 -1 8 492 26
get: 1496270097.940608 13 6 10 0x7faa49800450 0x7f5300e0f108 1 -1 16 1332 53
get: 1496270097.940736 13 6 10 0x7faa49800410 0x7f5300e140e0 1 -1 16 1332 53
get: 1496270097.940858 13 6 10 0x7faa49800420 0x7f5300e0f0c0 1 -1 16 1332 53
get: 1496270097.940986 13 6 10 0x7faa49800048 0x7f530120e160 1 -1 8 492 26
get: 1496270097.941106 13 6 10 0x7faa49800050 0x7f530120e158 1 -1 8 492 26
get: 1496270097.941248 13 6 10 0x7faa49800450 0x7f5300e0f108 1 -1 16 1332 53
get: 1496270097.941433 13 6 10 0x7faa49800410 0x7f5300e140f0 1 -1 16 1332 53
task: 1496270097.941593 13 11 10 L 215 28 25
task: 1496270097.941606 13 12 10 L 218 28 29
Btask: 1496270097.941679 13 11
Btask: 1496270097.941706 13 12
Etask: 1496270097.941712 13 11
Etask: 1496270097.941721 13 12
Etask: 1496270097.941738 13 10
task: 1496270097.949398 13 13 5 O 0 -5 126
Btask: 1496270097.949983 13 13
get: 1496270097.950486 13 0 13 0x7faa44800c60 0x7f55921114c0 1 -1 16 939 53
get: 1496270097.950694 13 0 13 0x7faa44800c80 0x7f5592111520 1 -1 16 939 53
get: 1496270097.950906 13 0 13 0x7faa44800b18 0x7f55921104e0 1 -1 8 492 26
get: 1496270097.951073 13 0 13 0x7faa44800b20 0x7f55921104d8 1 -1 8 492 26
get: 1496270097.951254 13 0 13 0x7faa44800cb0 0x7f5592111568 1 -1 16 939 53
get: 1496270097.951385 13 0 13 0x7faa44800c70 0x7f55920515d0 1 -1 16 939 53
get: 1496270097.951572 13 0 13 0x7faa44800d20 0x7f55921114a8 1 -1 16 939 53
get: 1496270097.951803 13 0 13 0x7faa448008c0 0x7f5592184348 1 -1 16 588 53
get: 1496270097.951943 13 0 13 0x7faa448008e0 0x7f55921113e0 1 -1 16 588 53
get: 1496270097.952103 13 0 13 0x7faa44800778 0x7f55921104e0 1 -1 8 492 26
get: 1496270097.952218 13 0 13 0x7faa44800780 0x7f55921104d8 1 -1 8 492 26
get: 1496270097.952362 13 0 13 0x7faa44800910 0x7f5592111428 1 -1 16 588 53
get: 1496270097.952480 13 0 13 0x7faa448008d0 0x7f55920514d0 1 -1 16 588 53
get: 1496270097.952637 13 0 13 0x7faa44800790 0x7f55921114e0 1 -1 16 1609 28
get: 1496270097.952899 13 0 13 0x7faa44800700 0x7f5592110558 1 -1 32 145 26
f_executeOn: 1496270097.953003 13 0 -2 18 0x7faa44800e70 112 13
Etask: 1496270097.953129 13 13
task: 1496270097.984128 13 14 1 O 0 -5 42
Btask: 1496270097.984730 13 14
get: 1496270097.985238 13 6 14 0x7faa3f800720 0x7f5300e0f060 1 -1 16 1341 53
get: 1496270097.985469 13 6 14 0x7faa3f800740 0x7f5300e0f0c0 1 -1 16 1341 53
get: 1496270097.985648 13 6 14 0x7faa3f8004a8 0x7f530120e160 1 -1 8 492 26
get: 1496270097.985834 13 6 14 0x7faa3f8004b0 0x7f530120e158 1 -1 8 492 26
get: 1496270097.986013 13 6 14 0x7faa3f800770 0x7f5300e0f108 1 -1 16 1341 53
get: 1496270097.986169 13 6 14 0x7faa3f800730 0x7f5300e14000 1 -1 16 1341 53
get: 1496270097.986458 13 6 14 0x7faa3f800740 0x7f5300e0f0c0 1 -1 16 1341 53
get: 1496270097.986640 13 6 14 0x7faa3f8004a8 0x7f530120e160 1 -1 8 492 26
get: 1496270097.986811 13 6 14 0x7faa3f8004b0 0x7f530120e158 1 -1 8 492 26
get: 1496270097.986924 13 6 14 0x7faa3f800770 0x7f5300e0f108 1 -1 16 1341 53
get: 1496270097.987069 13 6 14 0x7faa3f800730 0x7f5300e14010 1 -1 16 1341 53
get: 1496270097.987243 13 6 14 0x7faa3f800740 0x7f5300e0f0c0 1 -1 16 1341 53
get: 1496270097.987416 13 6 14 0x7faa3f8004a8 0x7f530120e160 1 -1 8 492 26
get: 1496270097.987582 13 6 14 0x7faa3f8004b0 0x7f530120e158 1 -1 8 492 26
get: 1496270097.987696 13 6 14 0x7faa3f800770 0x7f5300e0f108 1 -1 16 1341 53
get: 1496270097.987911 13 6 14 0x7faa3f800730 0x7f5300e14020 1 -1 16 1341 53
get: 1496270097.988013 13 6 14 0x7faa3f800740 0x7f5300e0f0c0 1 -1 16 1341 53
get: 1496270097.988094 13 6 14 0x7faa3f8004a8 0x7f530120e160 1 -1 8 492 26
get: 1496270097.988210 13 6 14 0x7faa3f8004b0 0x7f530120e158 1 -1 8 492 26
get: 1496270097.988297 13 6 14 0x7faa3f800770 0x7f5300e0f108 1 -1 16 1341 53
get: 1496270097.988416 13 6 14 0x7faa3f800730 0x7f5300e14030 1 -1 16 1341 53
get: 1496270097.988501 13 6 14 0x7faa3f800740 0x7f5300e0f0c0 1 -1 16 1341 53
get: 1496270097.988599 13 6 14 0x7faa3f8004a8 0x7f530120e160 1 -1 8 492 26
get: 1496270097.988738 13 6 14 0x7faa3f8004b0 0x7f530120e158 1 -1 8 492 26
get: 1496270097.988861 13 6 14 0x7faa3f800770 0x7f5300e0f108 1 -1 16 1341 53
get: 1496270097.988984 13 6 14 0x7faa3f800730 0x7f5300e14040 1 -1 16 1341 53
get: 1496270097.989108 13 6 14 0x7faa3f800740 0x7f5300e0f0c0 1 -1 16 1341 53
get: 1496270097.989237 13 6 14 0x7faa3f8004a8 0x7f530120e160 1 -1 8 492 26
get: 1496270097.989362 13 6 14 0x7faa3f8004b0 0x7f530120e158 1 -1 8 492 26
get: 1496270097.989487 13 6 14 0x7faa3f800770 0x7f5300e0f108 1 -1 16 1341 53
get: 1496270097.989640 13 6 14 0x7faa3f800730 0x7f5300e14050 1 -1 16 1341 53
get: 1496270097.989772 13 6 14 0x7faa3f800740 0x7f5300e0f0c0 1 -1 16 1341 53
get: 1496270097.989887 13 6 14 0x7faa3f8004a8 0x7f530120e160 1 -1 8 492 26
get: 1496270097.990020 13 6 14 0x7faa3f8004b0 0x7f530120e158 1 -1 8 492 26
get: 1496270097.990139 13 6 14 0x7faa3f800770 0x7f5300e0f108 1 -1 16 1341 53
get: 1496270097.990302 13 6 14 0x7faa3f800730 0x7f5300e14060 1 -1 16 1341 53
get: 1496270097.990396 13 6 14 0x7faa3f800740 0x7f5300e0f0c0 1 -1 16 1341 53
get: 1496270097.990479 13 6 14 0x7faa3f8004a8 0x7f530120e160 1 -1 8 492 26
get: 1496270097.990603 13 6 14 0x7faa3f8004b0 0x7f530120e158 1 -1 8 492 26
get: 1496270097.990687 13 6 14 0x7faa3f800770 0x7f5300e0f108 1 -1 16 1341 53
get: 1496270097.990784 13 6 14 0x7faa3f800730 0x7f5300e14070 1 -1 16 1341 53
get: 1496270097.990912 13 6 14 0x7faa3f800740 0x7f5300e0f0c0 1 -1 16 1341 53
get: 1496270097.991035 13 6 14 0x7faa3f8004a8 0x7f530120e160 1 -1 8 492 26
get: 1496270097.991180 13 6 14 0x7faa3f8004b0 0x7f530120e158 1 -1 8 492 26
get: 1496270097.991297 13 6 14 0x7faa3f800770 0x7f5300e0f108 1 -1 16 1341 53
get: 1496270097.991384 13 6 14 0x7faa3f800730 0x7f5300e14080 1 -1 16 1341 53
get: 1496270097.991468 13 6 14 0x7faa3f800740 0x7f5300e0f0c0 1 -1 16 1341 53
get: 1496270097.991555 13 6 14 0x7faa3f8004a8 0x7f530120e160 1 -1 8 492 26
get: 1496270097.991653 13 6 14 0x7faa3f8004b0 0x7f530120e158 1 -1 8 492 26
get: 1496270097.991761 13 6 14 0x7faa3f800770 0x7f5300e0f108 1 -1 16 1341 53
get: 1496270097.991879 13 6 14 0x7faa3f800730 0x7f5300e14090 1 -1 16 1341 53
get: 1496270097.991963 13 6 14 0x7faa3f800740 0x7f5300e0f0c0 1 -1 16 1341 53
get: 1496270097.992114 13 6 14 0x7faa3f8004a8 0x7f530120e160 1 -1 8 492 26
get: 1496270097.992259 13 6 14 0x7faa3f8004b0 0x7f530120e158 1 -1 8 492 26
get: 1496270097.992342 13 6 14 0x7faa3f800770 0x7f5300e0f108 1 -1 16 1341 53
get: 1496270097.992424 13 6 14 0x7faa3f800730 0x7f5300e140a0 1 -1 16 1341 53
get: 1496270097.992593 13 6 14 0x7faa3f800740 0x7f5300e0f0c0 1 -1 16 1341 53
get: 1496270097.992683 13 6 14 0x7faa3f8004a8 0x7f530120e160 1 -1 8 492 26
get: 1496270097.992770 13 6 14 0x7faa3f8004b0 0x7f530120e158 1 -1 8 492 26
get: 1496270097.992822 13 6 14 0x7faa3f800770 0x7f5300e0f108 1 -1 16 1341 53
get: 1496270097.992920 13 6 14 0x7faa3f800730 0x7f5300e140b0 1 -1 16 1341 53
get: 1496270097.993028 13 6 14 0x7faa3f800740 0x7f5300e0f0c0 1 -1 16 1341 53
get: 1496270097.993114 13 6 14 0x7faa3f8004a8 0x7f530120e160 1 -1 8 492 26
get: 1496270097.993254 13 6 14 0x7faa3f8004b0 0x7f530120e158 1 -1 8 492 26
get: 1496270097.993344 13 6 14 0x7faa3f800770 0x7f5300e0f108 1 -1 16 1341 53
get: 1496270097.993491 13 6 14 0x7faa3f800730 0x7f5300e140c0 1 -1 16 1341 53
get: 1496270097.993590 13 6 14 0x7faa3f800740 0x7f5300e0f0c0 1 -1 16 1341 53
get: 1496270097.993717 13 6 14 0x7faa3f8004a8 0x7f530120e160 1 -1 8 492 26
get: 1496270097.993834 13 6 14 0x7faa3f8004b0 0x7f530120e158 1 -1 8 492 26
get: 1496270097.993964 13 6 14 0x7faa3f800770 0x7f5300e0f108 1 -1 16 1341 53
get: 1496270097.994081 13 6 14 0x7faa3f800730 0x7f5300e140d0 1 -1 16 1341 53
get: 1496270097.994223 13 6 14 0x7faa3f800740 0x7f5300e0f0c0 1 -1 16 1341 53
get: 1496270097.994317 13 6 14 0x7faa3f8004a8 0x7f530120e160 1 -1 8 492 26
get: 1496270097.994400 13 6 14 0x7faa3f8004b0 0x7f530120e158 1 -1 8 492 26
get: 1496270097.994526 13 6 14 0x7faa3f800770 0x7f5300e0f108 1 -1 16 1341 53
get: 1496270097.994615 13 6 14 0x7faa3f800730 0x7f5300e140e0 1 -1 16 1341 53
get: 1496270097.994741 13 6 14 0x7faa3f800740 0x7f5300e0f0c0 1 -1 16 1341 53
get: 1496270097.994859 13 6 14 0x7faa3f8004a8 0x7f530120e160 1 -1 8 492 26
get: 1496270097.994985 13 6 14 0x7faa3f8004b0 0x7f530120e158 1 -1 8 492 26
get: 1496270097.995105 13 6 14 0x7faa3f800770 0x7f5300e0f108 1 -1 16 1341 53
get: 1496270097.995225 13 6 14 0x7faa3f800730 0x7f5300e140f0 1 -1 16 1341 53
task: 1496270097.995345 13 15 14 L 271 28 41
task: 1496270097.995358 13 16 14 L 274 28 43
Btask: 1496270097.995399 13 15
Etask: 1496270097.995425 13 15
Btask: 1496270097.995444 13 16
Etask: 1496270097.995472 13 16
Etask: 1496270097.995490 13 14
task: 1496270098.005545 13 17 5 O 0 -5 158
Btask: 1496270098.006131 13 17
VdbMark: 1496270098.006649 13 17
Tag: 1496270098.006666 0.784000 0.396000 13 17 1
Etask: 1496270098.006701 13 17
task: 1496270098.023015 13 18 5 O 0 -5 129
Btask: 1496270098.023079 13 18
get: 1496270098.023105 13 0 18 0x7faa72800930 0x7f559201d4f8 1 -1 16 1002 53
get: 1496270098.023292 13 0 18 0x7faa72800650 0x7f55921114c0 1 -1 16 753 53
get: 1496270098.023450 13 0 18 0x7faa72800670 0x7f5592111520 1 -1 16 753 53
get: 1496270098.023564 13 0 18 0x7faa72800528 0x7f55921104e0 1 -1 8 492 26
get: 1496270098.023678 13 0 18 0x7faa72800530 0x7f55921104d8 1 -1 8 492 26
get: 1496270098.023836 13 0 18 0x7faa728006a0 0x7f5592111568 1 -1 16 753 53
get: 1496270098.023968 13 0 18 0x7faa72800660 0x7f55920515d0 1 -1 16 753 53
get: 1496270098.024076 13 0 18 0x7faa72800970 0x7f559201d510 1 -1 16 1003 53
get: 1496270098.024238 13 0 18 0x7faa72800980 0x7f55921115c0 1 -1 16 1003 53
get: 1496270098.024428 13 0 18 0x7faa72800768 0x7f55921104e0 1 -1 8 492 26
get: 1496270098.024568 13 0 18 0x7faa72800770 0x7f55921104d8 1 -1 8 492 26
get: 1496270098.024671 13 0 18 0x7faa728009b0 0x7f5592111608 1 -1 16 1003 53
put: 1496270098.024873 13 0 18 0x7faa72800a50 0x7f55920516d0 1 -1 16 1003 53
f_executeOn: 1496270098.025066 13 0 -2 18 0x7faa72800e70 112 18
Etask: 1496270098.025176 13 18
task: 1496270098.044877 13 19 5 O 0 -5 28
Btask: 1496270098.044955 13 19
get: 1496270098.045025 13 6 19 0x7faa73003330 0x7f5301c1a040 1 -1 16 1354 53
get: 1496270098.045306 13 6 19 0x7faa73003350 0x7f5301c11160 1 -1 16 1354 53
get: 1496270098.045556 13 6 19 0x7faa73002f28 0x7f530120e160 1 -1 8 492 26
get: 1496270098.045761 13 6 19 0x7faa73002f30 0x7f530120e158 1 -1 8 492 26
get: 1496270098.045896 13 6 19 0x7faa73003380 0x7f5301c111a8 1 -1 16 1354 53
get: 1496270098.046056 13 6 19 0x7faa73003340 0x7f5301c16100 1 -1 16 1354 53
get: 1496270098.046249 13 6 19 0x7faa73003350 0x7f5301c11160 1 -1 16 1354 53
get: 1496270098.046422 13 6 19 0x7faa73002f28 0x7f530120e160 1 -1 8 492 26
get: 1496270098.046579 13 6 19 0x7faa73002f30 0x7f530120e158 1 -1 8 492 26
get: 1496270098.046718 13 6 19 0x7faa73003380 0x7f5301c111a8 1 -1 16 1354 53
get: 1496270098.046906 13 6 19 0x7faa73003340 0x7f5301c16110 1 -1 16 1354 53
get: 1496270098.047055 13 6 19 0x7faa73003350 0x7f5301c11160 1 -1 16 1354 53
get: 1496270098.047196 13 6 19 0x7faa73002f28 0x7f530120e160 1 -1 8 492 26
get: 1496270098.047319 13 6 19 0x7faa73002f30 0x7f530120e158 1 -1 8 492 26
get: 1496270098.047409 13 6 19 0x7faa73003380 0x7f5301c111a8 1 -1 16 1354 53
get: 1496270098.047504 13 6 19 0x7faa73003340 0x7f5301c16120 1 -1 16 1354 53
get: 1496270098.047592 13 6 19 0x7faa73003350 0x7f5301c11160 1 -1 16 1354 53
get: 1496270098.047719 13 6 19 0x7faa73002f28 0x7f530120e160 1 -1 8 492 26
get: 1496270098.047830 13 6 19 0x7faa73002f30 0x7f530120e158 1 -1 8 492 26
get: 1496270098.047959 13 6 19 0x7faa73003380 0x7f5301c111a8 1 -1 16 1354 53
get: 1496270098.048117 13 6 19 0x7faa73003340 0x7f5301c16130 1 -1 16 1354 53
get: 1496270098.048225 13 6 19 0x7faa73003350 0x7f5301c11160 1 -1 16 1354 53
get: 1496270098.048351 13 6 19 0x7faa73002f28 0x7f530120e160 1 -1 8 492 26
get: 1496270098.048495 13 6 19 0x7faa73002f30 0x7f530120e158 1 -1 8 492 26
get: 1496270098.048625 13 6 19 0x7faa73003380 0x7f5301c111a8 1 -1 16 1354 53
get: 1496270098.048744 13 6 19 0x7faa73003340 0x7f5301c16140 1 -1 16 1354 53
get: 1496270098.048871 13 6 19 0x7faa73003350 0x7f5301c11160 1 -1 16 1354 53
get: 1496270098.048967 13 6 19 0x7faa73002f28 0x7f530120e160 1 -1 8 492 26
get: 1496270098.049035 13 6 19 0x7faa73002f30 0x7f530120e158 1 -1 8 492 26
get: 1496270098.049123 13 6 19 0x7faa73003380 0x7f5301c111a8 1 -1 16 1354 53
get: 1496270098.049220 13 6 19 0x7faa73003340 0x7f5301c16150 1 -1 16 1354 53
get: 1496270098.049363 13 6 19 0x7faa73003350 0x7f5301c11160 1 -1 16 1354 53
get: 1496270098.049508 13 6 19 0x7faa73002f28 0x7f530120e160 1 -1 8 492 26
get: 1496270098.049634 13 6 19 0x7faa73002f30 0x7f530120e158 1 -1 8 492 26
get: 1496270098.049760 13 6 19 0x7faa73003380 0x7f5301c111a8 1 -1 16 1354 53
get: 1496270098.049883 13 6 19 0x7faa73003340 0x7f5301c16160 1 -1 16 1354 53
get: 1496270098.050009 13 6 19 0x7faa73003350 0x7f5301c11160 1 -1 16 1354 53
get: 1496270098.050119 13 6 19 0x7faa73002f28 0x7f530120e160 1 -1 8 492 26
get: 1496270098.050209 13 6 19 0x7faa73002f30 0x7f530120e158 1 -1 8 492 26
get: 1496270098.050318 13 6 19 0x7faa73003380 0x7f5301c111a8 1 -1 16 1354 53
get: 1496270098.050416 13 6 19 0x7faa73003340 0x7f5301c16170 1 -1 16 1354 53
get: 1496270098.050505 13 6 19 0x7faa73003350 0x7f5301c11160 1 -1 16 1354 53
get: 1496270098.050626 13 6 19 0x7faa73002f28 0x7f530120e160 1 -1 8 492 26
get: 1496270098.050721 13 6 19 0x7faa73002f30 0x7f530120e158 1 -1 8 492 26
get: 1496270098.050809 13 6 19 0x7faa73003380 0x7f5301c111a8 1 -1 16 1354 53
get: 1496270098.050933 13 6 19 0x7faa73003340 0x7f5301c16180 1 -1 16 1354 53
get: 1496270098.051076 13 6 19 0x7faa73003350 0x7f5301c11160 1 -1 16 1354 53
get: 1496270098.051204 13 6 19 0x7faa73002f28 0x7f530120e160 1 -1 8 492 26
get: 1496270098.051296 13 6 19 0x7faa73002f30 0x7f530120e158 1 -1 8 492 26
get: 1496270098.051386 13 6 19 0x7faa73003380 0x7f5301c111a8 1 -1 16 1354 53
get: 1496270098.051481 13 6 19 0x7faa73003340 0x7f5301c16190 1 -1 16 1354 53
get: 1496270098.051572 13 6 19 0x7faa73003350 0x7f5301c11160 1 -1 16 1354 53
get: 1496270098.051664 13 6 19 0x7faa73002f28 0x7f530120e160 1 -1 8 492 26
get: 1496270098.051767 13 6 19 0x7faa73002f30 0x7f530120e158 1 -1 8 492 26
get: 1496270098.051863 13 6 19 0x7faa73003380 0x7f5301c111a8 1 -1 16 1354 53
get: 1496270098.051965 13 6 19 0x7faa73003340 0x7f5301c161a0 1 -1 16 1354 53
get: 1496270098.052058 13 6 19 0x7faa73003350 0x7f5301c11160 1 -1 16 1354 53
get: 1496270098.052185 13 6 19 0x7faa73002f28 0x7f530120e160 1 -1 8 492 26
get: 1496270098.052324 13 6 19 0x7faa73002f30 0x7f530120e158 1 -1 8 492 26
get: 1496270098.052417 13 6 19 0x7faa73003380 0x7f5301c111a8 1 -1 16 1354 53
get: 1496270098.052471 13 6 19 0x7faa73003340 0x7f5301c161b0 1 -1 16 1354 53
get: 1496270098.052527 13 6 19 0x7faa73003350 0x7f5301c11160 1 -1 16 1354 53
get: 1496270098.052605 13 6 19 0x7faa73002f28 0x7f530120e160 1 -1 8 492 26
get: 1496270098.052735 13 6 19 0x7faa73002f30 0x7f530120e158 1 -1 8 492 26
get: 1496270098.052860 13 6 19 0x7faa73003380 0x7f5301c111a8 1 -1 16 1354 53
get: 1496270098.052984 13 6 19 0x7faa73003340 0x7f5301c161c0 1 -1 16 1354 53
get: 1496270098.053111 13 6 19 0x7faa73003350 0x7f5301c11160 1 -1 16 1354 53
get: 1496270098.053206 13 6 19 0x7faa73002f28 0x7f530120e160 1 -1 8 492 26
get: 1496270098.053293 13 6 19 0x7faa73002f30 0x7f530120e158 1 -1 8 492 26
get: 1496270098.053378 13 6 19 0x7faa73003380 0x7f5301c111a8 1 -1 16 1354 53
get: 1496270098.053466 13 6 19 0x7faa73003340 0x7f5301c161d0 1 -1 16 1354 53
get: 1496270098.053568 13 6 19 0x7faa73003350 0x7f5301c11160 1 -1 16 1354 53
get: 1496270098.053668 13 6 19 0x7faa73002f28 0x7f530120e160 1 -1 8 492 26
get: 1496270098.053764 13 6 19 0x7faa73002f30 0x7f530120e158 1 -1 8 492 26
get: 1496270098.053850 13 6 19 0x7faa73003380 0x7f5301c111a8 1 -1 16 1354 53
get: 1496270098.053976 13 6 19 0x7faa73003340 0x7f5301c161e0 1 -1 16 1354 53
get: 1496270098.054101 13 6 19 0x7faa73003350 0x7f5301c11160 1 -1 16 1354 53
get: 1496270098.054198 13 6 19 0x7faa73002f28 0x7f530120e160 1 -1 8 492 26
get: 1496270098.054313 13 6 19 0x7faa73002f30 0x7f530120e158 1 -1 8 492 26
get: 1496270098.054443 13 6 19 0x7faa73003380 0x7f5301c111a8 1 -1 16 1354 53
get: 1496270098.054565 13 6 19 0x7faa73003340 0x7f5301c161f0 1 -1 16 1354 53
task: 1496270098.054699 13 20 19 L 215 28 24
task: 1496270098.054715 13 21 19 L 218 28 31
Btask: 1496270098.054747 13 21
Etask: 1496270098.054757 13 21
Btask: 1496270098.054819 13 20
Etask: 1496270098.054841 13 20
Etask: 1496270098.054869 13 19
task: 1496270098.064620 13 22 1 O 0 -5 129
Btask: 1496270098.064836 13 22
get: 1496270098.064861 13 0 22 0x7faa6d800930 0x7f559201d568 1 -1 16 1002 53
get: 1496270098.065028 13 0 22 0x7faa6d800650 0x7f55921114c0 1 -1 16 753 53
get: 1496270098.065243 13 0 22 0x7faa6d800670 0x7f5592111520 1 -1 16 753 53
get: 1496270098.065383 13 0 22 0x7faa6d800528 0x7f55921104e0 1 -1 8 492 26
get: 1496270098.065521 13 0 22 0x7faa6d800530 0x7f55921104d8 1 -1 8 492 26
get: 1496270098.065721 13 0 22 0x7faa6d8006a0 0x7f5592111568 1 -1 16 753 53
get: 1496270098.065870 13 0 22 0x7faa6d800660 0x7f55920515d0 1 -1 16 753 53
get: 1496270098.066072 13 0 22 0x7faa6d800970 0x7f559201d580 1 -1 16 1003 53
get: 1496270098.066295 13 0 22 0x7faa6d800980 0x7f5592111660 1 -1 16 1003 53
get: 1496270098.066411 13 0 22 0x7faa6d800768 0x7f55921104e0 1 -1 8 492 26
get: 1496270098.066569 13 0 22 0x7faa6d800770 0x7f55921104d8 1 -1 8 492 26
get: 1496270098.066723 13 0 22 0x7faa6d8009b0 0x7f55921116a8 1 -1 16 1003 53
put: 1496270098.066924 13 0 22 0x7faa6d800a50 0x7f55920517d0 1 -1 16 1003 53
f_executeOn: 1496270098.067116 13 0 -2 18 0x7faa6d800e70 112 22
Etask: 1496270098.067316 13 22
task: 1496270098.088934 13 23 5 O 0 -5 28
Btask: 1496270098.089087 13 23
get: 1496270098.089139 13 6 23 0x7faa68800330 0x7f530184b040 1 -1 16 1354 53
get: 1496270098.089356 13 6 23 0x7faa68800350 0x7f5301852020 1 -1 16 1354 53
get: 1496270098.089493 13 6 23 0x7faa687fff28 0x7f530120e160 1 -1 8 492 26
get: 1496270098.089651 13 6 23 0x7faa687fff30 0x7f530120e158 1 -1 8 492 26
get: 1496270098.089806 13 6 23 0x7faa68800380 0x7f5301852068 1 -1 16 1354 53
get: 1496270098.089926 13 6 23 0x7faa68800340 0x7f5301857000 1 -1 16 1354 53
get: 1496270098.090030 13 6 23 0x7faa68800350 0x7f5301852020 1 -1 16 1354 53
get: 1496270098.090126 13 6 23 0x7faa687fff28 0x7f530120e160 1 -1 8 492 26
get: 1496270098.090221 13 6 23 0x7faa687fff30 0x7f530120e158 1 -1 8 492 26
get: 1496270098.090477 13 6 23 0x7faa68800380 0x7f5301852068 1 -1 16 1354 53
get: 1496270098.090726 13 6 23 0x7faa68800340 0x7f5301857010 1 -1 16 1354 53
get: 1496270098.090887 13 6 23 0x7faa68800350 0x7f5301852020 1 -1 16 1354 53
get: 1496270098.091000 13 6 23 0x7faa687fff28 0x7f530120e160 1 -1 8 492 26
get: 1496270098.091154 13 6 23 0x7faa687fff30 0x7f530120e158 1 -1 8 492 26
get: 1496270098.091335 13 6 23 0x7faa68800380 0x7f5301852068 1 -1 16 1354 53
get: 1496270098.091477 13 6 23 0x7faa68800340 0x7f5301857020 1 -1 16 1354 53
get: 1496270098.091609 13 6 23 0x7faa68800350 0x7f5301852020 1 -1 16 1354 53
get: 1496270098.091761 13 6 23 0x7faa687fff28 0x7f530120e160 1 -1 8 492 26
get: 1496270098.091894 13 6 23 0x7faa687fff30 0x7f530120e158 1 -1 8 492 26
get: 1496270098.091948 13 6 23 0x7faa68800380 0x7f5301852068 1 -1 16 1354 53
get: 1496270098.092000 13 6 23 0x7faa68800340 0x7f5301857030 1 -1 16 1354 53
get: 1496270098.092053 13 6 23 0x7faa68800350 0x7f5301852020 1 -1 16 1354 53
get: 1496270098.092158 13 6 23 0x7faa687fff28 0x7f530120e160 1 -1 8 492 26
get: 1496270098.092299 13 6 23 0x7faa687fff30 0x7f530120e158 1 -1 8 492 26
get: 1496270098.092754 13 6 23 0x7faa68800380 0x7f5301852068 1 -1 16 1354 53
get: 1496270098.092859 13 6 23 0x7faa68800340 0x7f5301857040 1 -1 16 1354 53
get: 1496270098.092982 13 6 23 0x7faa68800350 0x7f5301852020 1 -1 16 1354 53
get: 1496270098.093115 13 6 23 0x7faa687fff28 0x7f530120e160 1 -1 8 492 26
get: 1496270098.093238 13 6 23 0x7faa687fff30 0x7f530120e158 1 -1 8 492 26
get: 1496270098.093518 13 6 23 0x7faa68800380 0x7f5301852068 1 -1 16 1354 53
get: 1496270098.093647 13 6 23 0x7faa68800340 0x7f5301857050 1 -1 16 1354 53
get: 1496270098.093843 13 6 23 0x7faa68800350 0x7f5301852020 1 -1 16 1354 53
get: 1496270098.094027 13 6 23 0x7faa687fff28 0x7f530120e160 1 -1 8 492 26
get: 1496270098.094327 13 6 23 0x7faa687fff30 0x7f530120e158 1 -1 8 492 26
get: 1496270098.094478 13 6 23 0x7faa68800380 0x7f5301852068 1 -1 16 1354 53
get: 1496270098.094540 13 6 23 0x7faa68800340 0x7f5301857060 1 -1 16 1354 53
get: 1496270098.094678 13 6 23 0x7faa68800350 0x7f5301852020 1 -1 16 1354 53
get: 1496270098.094783 13 6 23 0x7faa687fff28 0x7f530120e160 1 -1 8 492 26
get: 1496270098.094919 13 6 23 0x7faa687fff30 0x7f530120e158 1 -1 8 492 26
get: 1496270098.095074 13 6 23 0x7faa68800380 0x7f5301852068 1 -1 16 1354 53
get: 1496270098.095214 13 6 23 0x7faa68800340 0x7f5301857070 1 -1 16 1354 53
get: 1496270098.095339 13 6 23 0x7faa68800350 0x7f5301852020 1 -1 16 1354 53
get: 1496270098.095440 13 6 23 0x7faa687fff28 0x7f530120e160 1 -1 8 492 26
get: 1496270098.095576 13 6 23 0x7faa687fff30 0x7f530120e158 1 -1 8 492 26
get: 1496270098.095669 13 6 23 0x7faa68800380 0x7f5301852068 1 -1 16 1354 53
get: 1496270098.095773 13 6 23 0x7faa68800340 0x7f5301857080 1 -1 16 1354 53
get: 1496270098.095913 13 6 23 0x7faa68800350 0x7f5301852020 1 -1 16 1354 53
get: 1496270098.096027 13 6 23 0x7faa687fff28 0x7f530120e160 1 -1 8 492 26
get: 1496270098.096121 13 6 23 0x7faa687fff30 0x7f530120e158 1 -1 8 492 26
get: 1496270098.096210 13 6 23 0x7faa68800380 0x7f5301852068 1 -1 16 1354 53
get: 1496270098.096343 13 6 23 0x7faa68800340 0x7f5301857090 1 -1 16 1354 53
get: 1496270098.096469 13 6 23 0x7faa68800350 0x7f5301852020 1 -1 16 1354 53
get: 1496270098.096599 13 6 23 0x7faa687fff28 0x7f530120e160 1 -1 8 492 26
get: 1496270098.096724 13 6 23 0x7faa687fff30 0x7f530120e158 1 -1 8 492 26
get: 1496270098.096915 13 6 23 0x7faa68800380 0x7f5301852068 1 -1 16 1354 53
get: 1496270098.097229 13 6 23 0x7faa68800340 0x7f53018570a0 1 -1 16 1354 53
get: 1496270098.097363 13 6 23 0x7faa68800350 0x7f5301852020 1 -1 16 1354 53
get: 1496270098.097456 13 6 23 0x7faa687fff28 0x7f530120e160 1 -1 8 492 26
get: 1496270098.097555 13 6 23 0x7faa687fff30 0x7f530120e158 1 -1 8 492 26
get: 1496270098.097678 13 6 23 0x7faa68800380 0x7f5301852068 1 -1 16 1354 53
get: 1496270098.097782 13 6 23 0x7faa68800340 0x7f53018570b0 1 -1 16 1354 53
get: 1496270098.097906 13 6 23 0x7faa68800350 0x7f5301852020 1 -1 16 1354 53
get: 1496270098.098026 13 6 23 0x7faa687fff28 0x7f530120e160 1 -1 8 492 26
get: 1496270098.098305 13 6 23 0x7faa687fff30 0x7f530120e158 1 -1 8 492 26
get: 1496270098.098396 13 6 23 0x7faa68800380 0x7f5301852068 1 -1 16 1354 53
get: 1496270098.098490 13 6 23 0x7faa68800340 0x7f53018570c0 1 -1 16 1354 53
get: 1496270098.098617 13 6 23 0x7faa68800350 0x7f5301852020 1 -1 16 1354 53
get: 1496270098.098777 13 6 23 0x7faa687fff28 0x7f530120e160 1 -1 8 492 26
get: 1496270098.098921 13 6 23 0x7faa687fff30 0x7f530120e158 1 -1 8 492 26
get: 1496270098.099057 13 6 23 0x7faa68800380 0x7f5301852068 1 -1 16 1354 53
get: 1496270098.099146 13 6 23 0x7faa68800340 0x7f53018570d0 1 -1 16 1354 53
get: 1496270098.099298 13 6 23 0x7faa68800350 0x7f5301852020 1 -1 16 1354 53
get: 1496270098.099426 13 6 23 0x7faa687fff28 0x7f530120e160 1 -1 8 492 26
get: 1496270098.099618 13 6 23 0x7faa687fff30 0x7f530120e158 1 -1 8 492 26
get: 1496270098.099747 13 6 23 0x7faa68800380 0x7f5301852068 1 -1 16 1354 53
get: 1496270098.099846 13 6 23 0x7faa68800340 0x7f53018570e0 1 -1 16 1354 53
get: 1496270098.099976 13 6 23 0x7faa68800350 0x7f5301852020 1 -1 16 1354 53
get: 1496270098.100115 13 6 23 0x7faa687fff28 0x7f530120e160 1 -1 8 492 26
get: 1496270098.100272 13 6 23 0x7faa687fff30 0x7f530120e158 1 -1 8 492 26
get: 1496270098.100431 13 6 23 0x7faa68800380 0x7f5301852068 1 -1 16 1354 53
get: 1496270098.100562 13 6 23 0x7faa68800340 0x7f53018570f0 1 -1 16 1354 53
task: 1496270098.100704 13 24 23 L 215 28 24
task: 1496270098.100717 13 25 23 L 218 28 31
Btask: 1496270098.100751 13 25
Btask: 1496270098.100754 13 24
Etask: 1496270098.100759 13 25
Etask: 1496270098.100773 13 24
Etask: 1496270098.100798 13 23
task: 1496270098.112603 13 26 5 O 0 -5 129
Btask: 1496270098.112717 13 26
get: 1496270098.112732 13 0 26 0x7faa63800930 0x7f559201d5d8 1 -1 16 1002 53
get: 1496270098.112915 13 0 26 0x7faa63800650 0x7f55921114c0 1 -1 16 753 53
get: 1496270098.113145 13 0 26 0x7faa63800670 0x7f5592111520 1 -1 16 753 53
get: 1496270098.113281 13 0 26 0x7faa63800528 0x7f55921104e0 1 -1 8 492 26
get: 1496270098.113472 13 0 26 0x7faa63800530 0x7f55921104d8 1 -1 8 492 26
get: 1496270098.113679 13 0 26 0x7faa638006a0 0x7f5592111568 1 -1 16 753 53
get: 1496270098.113852 13 0 26 0x7faa63800660 0x7f55920515d0 1 -1 16 753 53
get: 1496270098.113993 13 0 26 0x7faa63800970 0x7f559201d5f0 1 -1 16 1003 53
get: 1496270098.114073 13 0 26 0x7faa63800980 0x7f5592111700 1 -1 16 1003 53
get: 1496270098.114175 13 0 26 0x7faa63800768 0x7f55921104e0 1 -1 8 492 26
get: 1496270098.114267 13 0 26 0x7faa63800770 0x7f55921104d8 1 -1 8 492 26
get: 1496270098.114378 13 0 26 0x7faa638009b0 0x7f5592111748 1 -1 16 1003 53
put: 1496270098.114551 13 0 26 0x7faa63800a50 0x7f55920518d0 1 -1 16 1003 53
f_executeOn: 1496270098.114715 13 0 -2 18 0x7faa63800e70 112 26
Etask: 1496270098.114874 13 26
task: 1496270098.138082 13 27 1 O 0 -5 28
Btask: 1496270098.138187 13 27
get: 1496270098.138213 13 6 27 0x7faa5e800330 0x7f5301413040 1 -1 16 1354 53
get: 1496270098.138423 13 6 27 0x7faa5e800350 0x7f530141a020 1 -1 16 1354 53
get: 1496270098.138560 13 6 27 0x7faa5e7fff28 0x7f530120e160 1 -1 8 492 26
get: 1496270098.138714 13 6 27 0x7faa5e7fff30 0x7f530120e158 1 -1 8 492 26
get: 1496270098.138863 13 6 27 0x7faa5e800380 0x7f530141a068 1 -1 16 1354 53
get: 1496270098.139089 13 6 27 0x7faa5e800340 0x7f530141f000 1 -1 16 1354 53
get: 1496270098.139266 13 6 27 0x7faa5e800350 0x7f530141a020 1 -1 16 1354 53
get: 1496270098.139370 13 6 27 0x7faa5e7fff28 0x7f530120e160 1 -1 8 492 26
get: 1496270098.139490 13 6 27 0x7faa5e7fff30 0x7f530120e158 1 -1 8 492 26
get: 1496270098.139613 13 6 27 0x7faa5e800380 0x7f530141a068 1 -1 16 1354 53
get: 1496270098.139742 13 6 27 0x7faa5e800340 0x7f530141f010 1 -1 16 1354 53
get: 1496270098.139870 13 6 27 0x7faa5e800350 0x7f530141a020 1 -1 16 1354 53
get: 1496270098.140011 13 6 27 0x7faa5e7fff28 0x7f530120e160 1 -1 8 492 26
get: 1496270098.140117 13 6 27 0x7faa5e7fff30 0x7f530120e158 1 -1 8 492 26
get: 1496270098.140204 13 6 27 0x7faa5e800380 0x7f530141a068 1 -1 16 1354 53
get: 1496270098.140252 13 6 27 0x7faa5e800340 0x7f530141f020 1 -1 16 1354 53
get: 1496270098.140302 13 6 27 0x7faa5e800350 0x7f530141a020 1 -1 16 1354 53
get: 1496270098.140350 13 6 27 0x7faa5e7fff28 0x7f530120e160 1 -1 8 492 26
get: 1496270098.140404 13 6 27 0x7faa5e7fff30 0x7f530120e158 1 -1 8 492 26
get: 1496270098.140450 13 6 27 0x7faa5e800380 0x7f530141a068 1 -1 16 1354 53
get: 1496270098.140497 13 6 27 0x7faa5e800340 0x7f530141f030 1 -1 16 1354 53
get: 1496270098.140561 13 6 27 0x7faa5e800350 0x7f530141a020 1 -1 16 1354 53
get: 1496270098.140678 13 6 27 0x7faa5e7fff28 0x7f530120e160 1 -1 8 492 26
get: 1496270098.140764 13 6 27 0x7faa5e7fff30 0x7f530120e158 1 -1 8 492 26
get: 1496270098.140849 13 6 27 0x7faa5e800380 0x7f530141a068 1 -1 16 1354 53
get: 1496270098.140979 13 6 27 0x7faa5e800340 0x7f530141f040 1 -1 16 1354 53
get: 1496270098.141123 13 6 27 0x7faa5e800350 0x7f530141a020 1 -1 16 1354 53
get: 1496270098.141249 13 6 27 0x7faa5e7fff28 0x7f530120e160 1 -1 8 492 26
get: 1496270098.141374 13 6 27 0x7faa5e7fff30 0x7f530120e158 1 -1 8 492 26
get: 1496270098.141494 13 6 27 0x7faa5e800380 0x7f530141a068 1 -1 16 1354 53
get: 1496270098.141615 13 6 27 0x7faa5e800340 0x7f530141f050 1 -1 16 1354 53
get: 1496270098.141696 13 6 27 0x7faa5e800350 0x7f530141a020 1 -1 16 1354 53
get: 1496270098.141783 13 6 27 0x7faa5e7fff28 0x7f530120e160 1 -1 8 492 26
get: 1496270098.141865 13 6 27 0x7faa5e7fff30 0x7f530120e158 1 -1 8 492 26
get: 1496270098.141918 13 6 27 0x7faa5e800380 0x7f530141a068 1 -1 16 1354 53
get: 1496270098.141969 13 6 27 0x7faa5e800340 0x7f530141f060 1 -1 16 1354 53
get: 1496270098.142059 13 6 27 0x7faa5e800350 0x7f530141a020 1 -1 16 1354 53
get: 1496270098.142186 13 6 27 0x7faa5e7fff28 0x7f530120e160 1 -1 8 492 26
get: 1496270098.142309 13 6 27 0x7faa5e7fff30 0x7f530120e158 1 -1 8 492 26
get: 1496270098.142423 13 6 27 0x7faa5e800380 0x7f530141a068 1 -1 16 1354 53
get: 1496270098.142466 13 6 27 0x7faa5e800340 0x7f530141f070 1 -1 16 1354 53
get: 1496270098.142518 13 6 27 0x7faa5e800350 0x7f530141a020 1 -1 16 1354 53
get: 1496270098.142569 13 6 27 0x7faa5e7fff28 0x7f530120e160 1 -1 8 492 26
get: 1496270098.142655 13 6 27 0x7faa5e7fff30 0x7f530120e158 1 -1 8 492 26
get: 1496270098.142776 13 6 27 0x7faa5e800380 0x7f530141a068 1 -1 16 1354 53
get: 1496270098.142898 13 6 27 0x7faa5e800340 0x7f530141f080 1 -1 16 1354 53
get: 1496270098.143034 13 6 27 0x7faa5e800350 0x7f530141a020 1 -1 16 1354 53
get: 1496270098.143148 13 6 27 0x7faa5e7fff28 0x7f530120e160 1 -1 8 492 26
get: 1496270098.143234 13 6 27 0x7faa5e7fff30 0x7f530120e158 1 -1 8 492 26
get: 1496270098.143354 13 6 27 0x7faa5e800380 0x7f530141a068 1 -1 16 1354 53
get: 1496270098.143469 13 6 27 0x7faa5e800340 0x7f530141f090 1 -1 16 1354 53
get: 1496270098.143566 13 6 27 0x7faa5e800350 0x7f530141a020 1 -1 16 1354 53
get: 1496270098.143642 13 6 27 0x7faa5e7fff28 0x7f530120e160 1 -1 8 492 26
get: 1496270098.143688 13 6 27 0x7faa5e7fff30 0x7f530120e158 1 -1 8 492 26
get: 1496270098.143750 13 6 27 0x7faa5e800380 0x7f530141a068 1 -1 16 1354 53
get: 1496270098.143870 13 6 27 0x7faa5e800340 0x7f530141f0a0 1 -1 16 1354 53
get: 1496270098.143953 13 6 27 0x7faa5e800350 0x7f530141a020 1 -1 16 1354 53
get: 1496270098.144034 13 6 27 0x7faa5e7fff28 0x7f530120e160 1 -1 8 492 26
get: 1496270098.144086 13 6 27 0x7faa5e7fff30 0x7f530120e158 1 -1 8 492 26
get: 1496270098.144171 13 6 27 0x7faa5e800380 0x7f530141a068 1 -1 16 1354 53
get: 1496270098.144297 13 6 27 0x7faa5e800340 0x7f530141f0b0 1 -1 16 1354 53
get: 1496270098.144427 13 6 27 0x7faa5e800350 0x7f530141a020 1 -1 16 1354 53
get: 1496270098.144554 13 6 27 0x7faa5e7fff28 0x7f530120e160 1 -1 8 492 26
get: 1496270098.144669 13 6 27 0x7faa5e7fff30 0x7f530120e158 1 -1 8 492 26
get: 1496270098.144754 13 6 27 0x7faa5e800380 0x7f530141a068 1 -1 16 1354 53
get: 1496270098.144845 13 6 27 0x7faa5e800340 0x7f530141f0c0 1 -1 16 1354 53
get: 1496270098.144927 13 6 27 0x7faa5e800350 0x7f530141a020 1 -1 16 1354 53
get: 1496270098.145041 13 6 27 0x7faa5e7fff28 0x7f530120e160 1 -1 8 492 26
get: 1496270098.145161 13 6 27 0x7faa5e7fff30 0x7f530120e158 1 -1 8 492 26
get: 1496270098.145280 13 6 27 0x7faa5e800380 0x7f530141a068 1 -1 16 1354 53
get: 1496270098.145399 13 6 27 0x7faa5e800340 0x7f530141f0d0 1 -1 16 1354 53
get: 1496270098.145514 13 6 27 0x7faa5e800350 0x7f530141a020 1 -1 16 1354 53
get: 1496270098.145599 13 6 27 0x7faa5e7fff28 0x7f530120e160 1 -1 8 492 26
get: 1496270098.145722 13 6 27 0x7faa5e7fff30 0x7f530120e158 1 -1 8 492 26
get: 1496270098.145849 13 6 27 0x7faa5e800380 0x7f530141a068 1 -1 16 1354 53
get: 1496270098.145935 13 6 27 0x7faa5e800340 0x7f530141f0e0 1 -1 16 1354 53
get: 1496270098.146018 13 6 27 0x7faa5e800350 0x7f530141a020 1 -1 16 1354 53
get: 1496270098.146102 13 6 27 0x7faa5e7fff28 0x7f530120e160 1 -1 8 492 26
get: 1496270098.146186 13 6 27 0x7faa5e7fff30 0x7f530120e158 1 -1 8 492 26
get: 1496270098.146266 13 6 27 0x7faa5e800380 0x7f530141a068 1 -1 16 1354 53
get: 1496270098.146320 13 6 27 0x7faa5e800340 0x7f530141f0f0 1 -1 16 1354 53
task: 1496270098.146374 13 28 27 L 215 28 24
task: 1496270098.146382 13 29 27 L 218 28 31
Btask: 1496270098.146428 13 28
Etask: 1496270098.146443 13 28
Btask: 1496270098.146444 13 29
Etask: 1496270098.146460 13 29
Etask: 1496270098.146472 13 27
task: 1496270098.191004 13 30 1 O 0 -5 129
Btask: 1496270098.191106 13 30
get: 1496270098.191116 13 0 30 0x7faa53800930 0x7f559201d648 1 -1 16 1002 53
get: 1496270098.191310 13 0 30 0x7faa53800650 0x7f55921114c0 1 -1 16 753 53
get: 1496270098.191523 13 0 30 0x7faa53800670 0x7f5592111520 1 -1 16 753 53
get: 1496270098.191759 13 0 30 0x7faa53800528 0x7f55921104e0 1 -1 8 492 26
get: 1496270098.191994 13 0 30 0x7faa53800530 0x7f55921104d8 1 -1 8 492 26
get: 1496270098.192215 13 0 30 0x7faa538006a0 0x7f5592111568 1 -1 16 753 53
get: 1496270098.192393 13 0 30 0x7faa53800660 0x7f55920515d0 1 -1 16 753 53
get: 1496270098.192567 13 0 30 0x7faa53800970 0x7f559201d660 1 -1 16 1003 53
get: 1496270098.192743 13 0 30 0x7faa53800980 0x7f55921117a0 1 -1 16 1003 53
get: 1496270098.192906 13 0 30 0x7faa53800768 0x7f55921104e0 1 -1 8 492 26
get: 1496270098.193111 13 0 30 0x7faa53800770 0x7f55921104d8 1 -1 8 492 26
get: 1496270098.193234 13 0 30 0x7faa538009b0 0x7f55921117e8 1 -1 16 1003 53
put: 1496270098.193392 13 0 30 0x7faa53800a50 0x7f55920519d0 1 -1 16 1003 53
f_executeOn: 1496270098.193499 13 0 -2 18 0x7faa53800e70 112 30
Etask: 1496270098.193631 13 30
task: 1496270098.227444 13 31 5 O 0 -5 28
Btask: 1496270098.227534 13 31
get: 1496270098.227568 13 6 31 0x7faa4e800330 0x7f5301013040 1 -1 16 1354 53
get: 1496270098.227704 13 6 31 0x7faa4e800350 0x7f530101a020 1 -1 16 1354 53
get: 1496270098.227870 13 6 31 0x7faa4e7fff28 0x7f530120e160 1 -1 8 492 26
get: 1496270098.228037 13 6 31 0x7faa4e7fff30 0x7f530120e158 1 -1 8 492 26
get: 1496270098.228234 13 6 31 0x7faa4e800380 0x7f530101a068 1 -1 16 1354 53
get: 1496270098.228460 13 6 31 0x7faa4e800340 0x7f530101f000 1 -1 16 1354 53
get: 1496270098.228635 13 6 31 0x7faa4e800350 0x7f530101a020 1 -1 16 1354 53
get: 1496270098.228796 13 6 31 0x7faa4e7fff28 0x7f530120e160 1 -1 8 492 26
get: 1496270098.228927 13 6 31 0x7faa4e7fff30 0x7f530120e158 1 -1 8 492 26
get: 1496270098.229056 13 6 31 0x7faa4e800380 0x7f530101a068 1 -1 16 1354 53
get: 1496270098.229186 13 6 31 0x7faa4e800340 0x7f530101f010 1 -1 16 1354 53
get: 1496270098.229346 13 6 31 0x7faa4e800350 0x7f530101a020 1 -1 16 1354 53
get: 1496270098.229508 13 6 31 0x7faa4e7fff28 0x7f530120e160 1 -1 8 492 26
get: 1496270098.229673 13 6 31 0x7faa4e7fff30 0x7f530120e158 1 -1 8 492 26
get: 1496270098.229868 13 6 31 0x7faa4e800380 0x7f530101a068 1 -1 16 1354 53
get: 1496270098.230020 13 6 31 0x7faa4e800340 0x7f530101f020 1 -1 16 1354 53
get: 1496270098.230165 13 6 31 0x7faa4e800350 0x7f530101a020 1 -1 16 1354 53
get: 1496270098.230301 13 6 31 0x7faa4e7fff28 0x7f530120e160 1 -1 8 492 26
get: 1496270098.230422 13 6 31 0x7faa4e7fff30 0x7f530120e158 1 -1 8 492 26
get: 1496270098.230547 13 6 31 0x7faa4e800380 0x7f530101a068 1 -1 16 1354 53
get: 1496270098.230677 13 6 31 0x7faa4e800340 0x7f530101f030 1 -1 16 1354 53
get: 1496270098.230851 13 6 31 0x7faa4e800350 0x7f530101a020 1 -1 16 1354 53
get: 1496270098.230978 13 6 31 0x7faa4e7fff28 0x7f530120e160 1 -1 8 492 26
get: 1496270098.231103 13 6 31 0x7faa4e7fff30 0x7f530120e158 1 -1 8 492 26
get: 1496270098.231217 13 6 31 0x7faa4e800380 0x7f530101a068 1 -1 16 1354 53
get: 1496270098.231338 13 6 31 0x7faa4e800340 0x7f530101f040 1 -1 16 1354 53
get: 1496270098.231463 13 6 31 0x7faa4e800350 0x7f530101a020 1 -1 16 1354 53
get: 1496270098.231584 13 6 31 0x7faa4e7fff28 0x7f530120e160 1 -1 8 492 26
get: 1496270098.231751 13 6 31 0x7faa4e7fff30 0x7f530120e158 1 -1 8 492 26
get: 1496270098.231897 13 6 31 0x7faa4e800380 0x7f530101a068 1 -1 16 1354 53
get: 1496270098.232018 13 6 31 0x7faa4e800340 0x7f530101f050 1 -1 16 1354 53
get: 1496270098.232135 13 6 31 0x7faa4e800350 0x7f530101a020 1 -1 16 1354 53
get: 1496270098.232261 13 6 31 0x7faa4e7fff28 0x7f530120e160 1 -1 8 492 26
get: 1496270098.232388 13 6 31 0x7faa4e7fff30 0x7f530120e158 1 -1 8 492 26
get: 1496270098.232526 13 6 31 0x7faa4e800380 0x7f530101a068 1 -1 16 1354 53
get: 1496270098.232644 13 6 31 0x7faa4e800340 0x7f530101f060 1 -1 16 1354 53
get: 1496270098.232762 13 6 31 0x7faa4e800350 0x7f530101a020 1 -1 16 1354 53
get: 1496270098.232857 13 6 31 0x7faa4e7fff28 0x7f530120e160 1 -1 8 492 26
get: 1496270098.233000 13 6 31 0x7faa4e7fff30 0x7f530120e158 1 -1 8 492 26
get: 1496270098.233120 13 6 31 0x7faa4e800380 0x7f530101a068 1 -1 16 1354 53
get: 1496270098.233234 13 6 31 0x7faa4e800340 0x7f530101f070 1 -1 16 1354 53
get: 1496270098.233350 13 6 31 0x7faa4e800350 0x7f530101a020 1 -1 16 1354 53
get: 1496270098.233466 13 6 31 0x7faa4e7fff28 0x7f530120e160 1 -1 8 492 26
get: 1496270098.233582 13 6 31 0x7faa4e7fff30 0x7f530120e158 1 -1 8 492 26
get: 1496270098.233702 13 6 31 0x7faa4e800380 0x7f530101a068 1 -1 16 1354 53
get: 1496270098.233782 13 6 31 0x7faa4e800340 0x7f530101f080 1 -1 16 1354 53
get: 1496270098.233902 13 6 31 0x7faa4e800350 0x7f530101a020 1 -1 16 1354 53
get: 1496270098.234039 13 6 31 0x7faa4e7fff28 0x7f530120e160 1 -1 8 492 26
get: 1496270098.234158 13 6 31 0x7faa4e7fff30 0x7f530120e158 1 -1 8 492 26
get: 1496270098.234280 13 6 31 0x7faa4e800380 0x7f530101a068 1 -1 16 1354 53
get: 1496270098.234395 13 6 31 0x7faa4e800340 0x7f530101f090 1 -1 16 1354 53
get: 1496270098.234511 13 6 31 0x7faa4e800350 0x7f530101a020 1 -1 16 1354 53
get: 1496270098.234633 13 6 31 0x7faa4e7fff28 0x7f530120e160 1 -1 8 492 26
get: 1496270098.234719 13 6 31 0x7faa4e7fff30 0x7f530120e158 1 -1 8 492 26
get: 1496270098.234837 13 6 31 0x7faa4e800380 0x7f530101a068 1 -1 16 1354 53
get: 1496270098.234956 13 6 31 0x7faa4e800340 0x7f530101f0a0 1 -1 16 1354 53
get: 1496270098.235074 13 6 31 0x7faa4e800350 0x7f530101a020 1 -1 16 1354 53
get: 1496270098.235204 13 6 31 0x7faa4e7fff28 0x7f530120e160 1 -1 8 492 26
get: 1496270098.235292 13 6 31 0x7faa4e7fff30 0x7f530120e158 1 -1 8 492 26
get: 1496270098.235380 13 6 31 0x7faa4e800380 0x7f530101a068 1 -1 16 1354 53
get: 1496270098.235492 13 6 31 0x7faa4e800340 0x7f530101f0b0 1 -1 16 1354 53
get: 1496270098.235578 13 6 31 0x7faa4e800350 0x7f530101a020 1 -1 16 1354 53
get: 1496270098.235692 13 6 31 0x7faa4e7fff28 0x7f530120e160 1 -1 8 492 26
get: 1496270098.235870 13 6 31 0x7faa4e7fff30 0x7f530120e158 1 -1 8 492 26
get: 1496270098.236032 13 6 31 0x7faa4e800380 0x7f530101a068 1 -1 16 1354 53
get: 1496270098.236148 13 6 31 0x7faa4e800340 0x7f530101f0c0 1 -1 16 1354 53
get: 1496270098.236266 13 6 31 0x7faa4e800350 0x7f530101a020 1 -1 16 1354 53
get: 1496270098.236388 13 6 31 0x7faa4e7fff28 0x7f530120e160 1 -1 8 492 26
get: 1496270098.236517 13 6 31 0x7faa4e7fff30 0x7f530120e158 1 -1 8 492 26
get: 1496270098.236646 13 6 31 0x7faa4e800380 0x7f530101a068 1 -1 16 1354 53
get: 1496270098.236733 13 6 31 0x7faa4e800340 0x7f530101f0d0 1 -1 16 1354 53
get: 1496270098.236807 13 6 31 0x7faa4e800350 0x7f530101a020 1 -1 16 1354 53
get: 1496270098.236932 13 6 31 0x7faa4e7fff28 0x7f530120e160 1 -1 8 492 26
get: 1496270098.237068 13 6 31 0x7faa4e7fff30 0x7f530120e158 1 -1 8 492 26
get: 1496270098.237186 13 6 31 0x7faa4e800380 0x7f530101a068 1 -1 16 1354 53
get: 1496270098.237305 13 6 31 0x7faa4e800340 0x7f530101f0e0 1 -1 16 1354 53
get: 1496270098.237426 13 6 31 0x7faa4e800350 0x7f530101a020 1 -1 16 1354 53
get: 1496270098.237522 13 6 31 0x7faa4e7fff28 0x7f530120e160 1 -1 8 492 26
get: 1496270098.237604 13 6 31 0x7faa4e7fff30 0x7f530120e158 1 -1 8 492 26
get: 1496270098.237677 13 6 31 0x7faa4e800380 0x7f530101a068 1 -1 16 1354 53
get: 1496270098.237827 13 6 31 0x7faa4e800340 0x7f530101f0f0 1 -1 16 1354 53
task: 1496270098.237956 13 32 31 L 215 28 24
task: 1496270098.237964 13 33 31 L 218 28 31
Btask: 1496270098.238038 13 32
Btask: 1496270098.238051 13 33
Etask: 1496270098.238055 13 32
Etask: 1496270098.238065 13 33
Etask: 1496270098.238078 13 31
task: 1496270098.449817 13 34 1 O 0 -5 129
Btask: 1496270098.449916 13 34
get: 1496270098.449925 13 0 34 0x7faa49800930 0x7f559201d6b8 1 -1 16 1002 53
get: 1496270098.450054 13 0 34 0x7faa49800650 0x7f55921114c0 1 -1 16 753 53
get: 1496270098.450189 13 0 34 0x7faa49800670 0x7f5592111520 1 -1 16 753 53
get: 1496270098.450275 13 0 34 0x7faa49800528 0x7f55921104e0 1 -1 8 492 26
get: 1496270098.450335 13 0 34 0x7faa49800530 0x7f55921104d8 1 -1 8 492 26
get: 1496270098.450503 13 0 34 0x7faa498006a0 0x7f5592111568 1 -1 16 753 53
get: 1496270098.450609 13 0 34 0x7faa49800660 0x7f55920515d0 1 -1 16 753 53
get: 1496270098.450696 13 0 34 0x7faa49800970 0x7f559201d6d0 1 -1 16 1003 53
get: 1496270098.450861 13 0 34 0x7faa49800980 0x7f5592111840 1 -1 16 1003 53
get: 1496270098.450976 13 0 34 0x7faa49800768 0x7f55921104e0 1 -1 8 492 26
get: 1496270098.451032 13 0 34 0x7faa49800770 0x7f55921104d8 1 -1 8 492 26
get: 1496270098.451165 13 0 34 0x7faa498009b0 0x7f5592111888 1 -1 16 1003 53
put: 1496270098.451321 13 0 34 0x7faa49800a50 0x7f5592051ad0 1 -1 16 1003 53
f_executeOn: 1496270098.451456 13 0 -2 18 0x7faa49800e70 112 34
Etask: 1496270098.451699 13 34
task: 1496270098.470728 13 35 1 O 0 -5 28
Btask: 1496270098.470852 13 35
get: 1496270098.470887 13 6 35 0x7faa44800330 0x7f5300c10040 1 -1 16 1354 53
get: 1496270098.471020 13 6 35 0x7faa44800350 0x7f5300c17020 1 -1 16 1354 53
get: 1496270098.471173 13 6 35 0x7faa447fff28 0x7f530120e160 1 -1 8 492 26
get: 1496270098.471344 13 6 35 0x7faa447fff30 0x7f530120e158 1 -1 8 492 26
get: 1496270098.471527 13 6 35 0x7faa44800380 0x7f5300c17068 1 -1 16 1354 53
get: 1496270098.471685 13 6 35 0x7faa44800340 0x7f5300c1c000 1 -1 16 1354 53
get: 1496270098.471842 13 6 35 0x7faa44800350 0x7f5300c17020 1 -1 16 1354 53
get: 1496270098.471997 13 6 35 0x7faa447fff28 0x7f530120e160 1 -1 8 492 26
get: 1496270098.472122 13 6 35 0x7faa447fff30 0x7f530120e158 1 -1 8 492 26
get: 1496270098.472238 13 6 35 0x7faa44800380 0x7f5300c17068 1 -1 16 1354 53
get: 1496270098.472324 13 6 35 0x7faa44800340 0x7f5300c1c010 1 -1 16 1354 53
get: 1496270098.472446 13 6 35 0x7faa44800350 0x7f5300c17020 1 -1 16 1354 53
get: 1496270098.472676 13 6 35 0x7faa447fff28 0x7f530120e160 1 -1 8 492 26
get: 1496270098.472836 13 6 35 0x7faa447fff30 0x7f530120e158 1 -1 8 492 26
get: 1496270098.472993 13 6 35 0x7faa44800380 0x7f5300c17068 1 -1 16 1354 53
get: 1496270098.473149 13 6 35 0x7faa44800340 0x7f5300c1c020 1 -1 16 1354 53
get: 1496270098.473265 13 6 35 0x7faa44800350 0x7f5300c17020 1 -1 16 1354 53
get: 1496270098.473374 13 6 35 0x7faa447fff28 0x7f530120e160 1 -1 8 492 26
get: 1496270098.473527 13 6 35 0x7faa447fff30 0x7f530120e158 1 -1 8 492 26
get: 1496270098.473648 13 6 35 0x7faa44800380 0x7f5300c17068 1 -1 16 1354 53
get: 1496270098.473765 13 6 35 0x7faa44800340 0x7f5300c1c030 1 -1 16 1354 53
get: 1496270098.473967 13 6 35 0x7faa44800350 0x7f5300c17020 1 -1 16 1354 53
get: 1496270098.474118 13 6 35 0x7faa447fff28 0x7f530120e160 1 -1 8 492 26
get: 1496270098.474261 13 6 35 0x7faa447fff30 0x7f530120e158 1 -1 8 492 26
get: 1496270098.474376 13 6 35 0x7faa44800380 0x7f5300c17068 1 -1 16 1354 53
get: 1496270098.474495 13 6 35 0x7faa44800340 0x7f5300c1c040 1 -1 16 1354 53
get: 1496270098.474580 13 6 35 0x7faa44800350 0x7f5300c17020 1 -1 16 1354 53
get: 1496270098.474698 13 6 35 0x7faa447fff28 0x7f530120e160 1 -1 8 492 26
get: 1496270098.474814 13 6 35 0x7faa447fff30 0x7f530120e158 1 -1 8 492 26
get: 1496270098.474964 13 6 35 0x7faa44800380 0x7f5300c17068 1 -1 16 1354 53
get: 1496270098.475084 13 6 35 0x7faa44800340 0x7f5300c1c050 1 -1 16 1354 53
get: 1496270098.475214 13 6 35 0x7faa44800350 0x7f5300c17020 1 -1 16 1354 53
get: 1496270098.475390 13 6 35 0x7faa447fff28 0x7f530120e160 1 -1 8 492 26
get: 1496270098.475509 13 6 35 0x7faa447fff30 0x7f530120e158 1 -1 8 492 26
get: 1496270098.475589 13 6 35 0x7faa44800380 0x7f5300c17068 1 -1 16 1354 53
get: 1496270098.475707 13 6 35 0x7faa44800340 0x7f5300c1c060 1 -1 16 1354 53
get: 1496270098.475824 13 6 35 0x7faa44800350 0x7f5300c17020 1 -1 16 1354 53
get: 1496270098.475939 13 6 35 0x7faa447fff28 0x7f530120e160 1 -1 8 492 26
get: 1496270098.476064 13 6 35 0x7faa447fff30 0x7f530120e158 1 -1 8 492 26
get: 1496270098.476160 13 6 35 0x7faa44800380 0x7f5300c17068 1 -1 16 1354 53
get: 1496270098.476211 13 6 35 0x7faa44800340 0x7f5300c1c070 1 -1 16 1354 53
get: 1496270098.476263 13 6 35 0x7faa44800350 0x7f5300c17020 1 -1 16 1354 53
get: 1496270098.476348 13 6 35 0x7faa447fff28 0x7f530120e160 1 -1 8 492 26
get: 1496270098.476462 13 6 35 0x7faa447fff30 0x7f530120e158 1 -1 8 492 26
get: 1496270098.476610 13 6 35 0x7faa44800380 0x7f5300c17068 1 -1 16 1354 53
get: 1496270098.476738 13 6 35 0x7faa44800340 0x7f5300c1c080 1 -1 16 1354 53
get: 1496270098.476878 13 6 35 0x7faa44800350 0x7f5300c17020 1 -1 16 1354 53
get: 1496270098.477017 13 6 35 0x7faa447fff28 0x7f530120e160 1 -1 8 492 26
get: 1496270098.477133 13 6 35 0x7faa447fff30 0x7f530120e158 1 -1 8 492 26
get: 1496270098.477253 13 6 35 0x7faa44800380 0x7f5300c17068 1 -1 16 1354 53
get: 1496270098.477358 13 6 35 0x7faa44800340 0x7f5300c1c090 1 -1 16 1354 53
get: 1496270098.477480 13 6 35 0x7faa44800350 0x7f5300c17020 1 -1 16 1354 53
get: 1496270098.477685 13 6 35 0x7faa447fff28 0x7f530120e160 1 -1 8 492 26
get: 1496270098.477824 13 6 35 0x7faa447fff30 0x7f530120e158 1 -1 8 492 26
get: 1496270098.477919 13 6 35 0x7faa44800380 0x7f5300c17068 1 -1 16 1354 53
get: 1496270098.477975 13 6 35 0x7faa44800340 0x7f5300c1c0a0 1 -1 16 1354 53
get: 1496270098.478063 13 6 35 0x7faa44800350 0x7f5300c17020 1 -1 16 1354 53
get: 1496270098.478183 13 6 35 0x7faa447fff28 0x7f530120e160 1 -1 8 492 26
get: 1496270098.478260 13 6 35 0x7faa447fff30 0x7f530120e158 1 -1 8 492 26
get: 1496270098.478383 13 6 35 0x7faa44800380 0x7f5300c17068 1 -1 16 1354 53
get: 1496270098.478504 13 6 35 0x7faa44800340 0x7f5300c1c0b0 1 -1 16 1354 53
get: 1496270098.478665 13 6 35 0x7faa44800350 0x7f5300c17020 1 -1 16 1354 53
get: 1496270098.478782 13 6 35 0x7faa447fff28 0x7f530120e160 1 -1 8 492 26
get: 1496270098.478897 13 6 35 0x7faa447fff30 0x7f530120e158 1 -1 8 492 26
get: 1496270098.479016 13 6 35 0x7faa44800380 0x7f5300c17068 1 -1 16 1354 53
get: 1496270098.479151 13 6 35 0x7faa44800340 0x7f5300c1c0c0 1 -1 16 1354 53
get: 1496270098.479271 13 6 35 0x7faa44800350 0x7f5300c17020 1 -1 16 1354 53
get: 1496270098.479494 13 6 35 0x7faa447fff28 0x7f530120e160 1 -1 8 492 26
get: 1496270098.479640 13 6 35 0x7faa447fff30 0x7f530120e158 1 -1 8 492 26
get: 1496270098.479787 13 6 35 0x7faa44800380 0x7f5300c17068 1 -1 16 1354 53
get: 1496270098.479909 13 6 35 0x7faa44800340 0x7f5300c1c0d0 1 -1 16 1354 53
get: 1496270098.480039 13 6 35 0x7faa44800350 0x7f5300c17020 1 -1 16 1354 53
get: 1496270098.480184 13 6 35 0x7faa447fff28 0x7f530120e160 1 -1 8 492 26
get: 1496270098.480299 13 6 35 0x7faa447fff30 0x7f530120e158 1 -1 8 492 26
get: 1496270098.480381 13 6 35 0x7faa44800380 0x7f5300c17068 1 -1 16 1354 53
get: 1496270098.480469 13 6 35 0x7faa44800340 0x7f5300c1c0e0 1 -1 16 1354 53
get: 1496270098.480514 13 6 35 0x7faa44800350 0x7f5300c17020 1 -1 16 1354 53
get: 1496270098.480567 13 6 35 0x7faa447fff28 0x7f530120e160 1 -1 8 492 26
get: 1496270098.480613 13 6 35 0x7faa447fff30 0x7f530120e158 1 -1 8 492 26
get: 1496270098.480692 13 6 35 0x7faa44800380 0x7f5300c17068 1 -1 16 1354 53
get: 1496270098.480812 13 6 35 0x7faa44800340 0x7f5300c1c0f0 1 -1 16 1354 53
task: 1496270098.480937 13 36 35 L 215 28 24
task: 1496270098.480945 13 37 35 L 218 28 31
Btask: 1496270098.480965 13 36
Etask: 1496270098.480975 13 36
Btask: 1496270098.481003 13 37
Etask: 1496270098.481016 13 37
Etask: 1496270098.481029 13 35
task: 1496270098.518503 13 38 5 O 0 -5 158
Btask: 1496270098.518600 13 38
VdbMark: 1496270098.518607 13 38
Tag: 1496270098.518613 1.500000 0.796000 13 38 2
Etask: 1496270098.518636 13 38
task: 1496270098.526187 13 39 1 O 0 -5 164
Btask: 1496270098.526297 13 39
f_executeOn: 1496270098.526350 13 0 -2 18 0x7faa3a800e20 112 39
Etask: 1496270098.526593 13 39
task: 1496270098.533878 13 40 5 O 0 -5 158
Btask: 1496270098.533962 13 40
VdbMark: 1496270098.533984 13 40
Tag: 1496270098.533999 1.524000 0.808000 13 40 3
Etask: 1496270098.534057 13 40
task: 1496270098.578358 13 41 1 O 0 -5 158
Btask: 1496270098.578449 13 41
VdbMark: 1496270098.578481 13 41
Tag: 1496270098.578526 1.596000 0.828000 13 41 4
Etask: 1496270098.578581 13 41
task: 1496270098.586210 13 42 5 O 0 -5 160
Btask: 1496270098.586251 13 42
get: 1496270098.586286 13 6 42 0x7faa6d800a80 0x7f5301a1d020 1 -1 8 33 51
get: 1496270098.586744 13 6 42 0x7faa6d800a90 0x7f5301a1d028 1 -1 16 33 51
get: 1496270098.587063 13 2 42 0x7faa6d8009c0 0x7fc9cbc1d020 1 -1 8 33 51
get: 1496270098.587254 13 2 42 0x7faa6d8009d0 0x7fc9cbc1d028 1 -1 16 33 51
task: 1496270098.587439 13 43 42 L 30 51 159
task: 1496270098.587452 13 44 42 L 32 51 161
Btask: 1496270098.587525 13 43
Btask: 1496270098.587546 13 44
Etask: 1496270098.587551 13 43
Etask: 1496270098.587569 13 44
Etask: 1496270098.587626 13 42
task: 1496270098.593746 13 45 5 O 0 -5 158
Btask: 1496270098.593785 13 45
VdbMark: 1496270098.593799 13 45
Tag: 1496270098.593808 1.632000 0.840000 13 45 5
Etask: 1496270098.593885 13 45
task: 1496270098.604298 13 46 1 O 0 -5 158
Btask: 1496270098.604374 13 46
VdbMark: 1496270098.604382 13 46
Tag: 1496270098.604396 1.648000 0.848000 13 46 6
Etask: 1496270098.604461 13 46
task: 1496270098.608681 13 47 5 O 0 -5 166
Btask: 1496270098.608764 13 47
task: 1496270098.608783 13 48 47 L 76 51 165
task: 1496270098.608792 13 49 47 L 78 51 167
task: 1496270098.608799 13 50 47 L 80 51 169
Btask: 1496270098.608805 13 48
Etask: 1496270098.608812 13 48
Btask: 1496270098.608814 13 49
Etask: 1496270098.608823 13 49
Btask: 1496270098.608824 13 50
Etask: 1496270098.608834 13 50
Etask: 1496270098.608859 13 47
task: 1496270098.620811 13 51 1 O 0 -5 158
Btask: 1496270098.620849 13 51
VdbMark: 1496270098.620859 13 51
Tag: 1496270098.620867 1.676000 0.864000 13 51 7
Etask: 1496270098.620889 13 51
task: 1496270098.668852 13 52 1 O 0 -5 158
Btask: 1496270098.668880 13 52
VdbMark: 1496270098.668887 13 52
Tag: 1496270098.668893 1.740000 0.900000 13 52 8
Etask: 1496270098.668928 13 52
task: 1496270098.678652 13 53 1 O 0 -5 171
Btask: 1496270098.678691 13 53
Etask: 1496270098.678742 13 53
task: 1496270098.685784 13 54 5 O 0 -5 158
Btask: 1496270098.685824 13 54
VdbMark: 1496270098.685841 13 54
Tag: 1496270098.685847 1.760000 0.916000 13 54 9
Etask: 1496270098.685868 13 54
task: 1496270098.722220 13 55 5 O 0 -5 158
Btask: 1496270098.722272 13 55
VdbMark: 1496270098.722283 13 55
Pause: 1496270098.722291 1.796000 0.956000 13 55 9
VdbMark: 1496270098.724981 13 56
Tag: 1496270098.724997 1.804000 0.956000 13 56 10
Etask: 1496270098.725035 13 56
task: 1496270098.745523 13 57 5 O 0 -5 172
Btask: 1496270098.745619 13 57
get: 1496270098.745642 13 12 57 0x7faa72800e80 0x7f30b3003a98 1 -1 8 157 51
get: 1496270098.745900 13 12 57 0x7faa72800e88 0x7f30b3003a98 1 -1 8 157 51
get: 1496270098.746142 13 12 57 0x7faa72800930 0x7f30f423f000 1 -1 8 157 51
get: 1496270098.746369 13 12 57 0x7faa72800940 0x7f30f423f008 1 -1 16 157 51
get: 1496270098.746595 13 8 57 0x7faa72800870 0x7f71c9a19180 1 -1 8 157 51
get: 1496270098.746801 13 8 57 0x7faa72800880 0x7f71c9a19188 1 -1 16 157 51
Etask: 1496270098.746975 13 57
task: 1496270098.758929 13 58 5 O 0 -5 158
Btask: 1496270098.759027 13 58
VdbMark: 1496270098.759067 13 58
Tag: 1496270098.759076 1.840000 0.996000 13 58 11
Etask: 1496270098.759112 13 58
task: 1496270098.782832 13 59 5 O 0 -5 158
Btask: 1496270098.782886 13 59
VdbMark: 1496270098.782923 13 59
Pause: 1496270098.782933 1.884000 1.004000 13 59 11
VdbMark: 1496270098.787073 13 60
Tag: 1496270098.787114 1.888000 1.012000 13 60 12
Etask: 1496270098.787186 13 60
task: 1496270098.792979 13 61 5 O 0 -5 174
Btask: 1496270098.793038 13 61
get: 1496270098.793061 13 12 61 0x7faa63800a90 0x7f30e9e0f000 1 -1 8 204 51
get: 1496270098.793261 13 12 61 0x7faa63800aa0 0x7f30e9e0f008 1 -1 16 204 51
get: 1496270098.793460 13 8 61 0x7faa638009d0 0x7f71be40f000 1 -1 8 204 51
get: 1496270098.793685 13 8 61 0x7faa638009e0 0x7f71be40f008 1 -1 16 204 51
Etask: 1496270098.793855 13 61
task: 1496270098.805202 13 62 1 O 0 -5 158
Btask: 1496270098.805307 13 62
VdbMark: 1496270098.805320 13 62
End: 1496270098.805330 1.924000 1.020000 13 62
