ChplVdebug: ver 1.2 nodes 16 nid 15 tid 2 seq 56097699490.000 1496270097.709638 0.100000 0.104000 
Etask: 1496270097.714875 15 2
task: 1496270097.738452 15 3 4 O 0 -5 158
Btask: 1496270097.743088 15 3
VdbMark: 1496270097.743710 15 3
Tag: 1496270097.743748 0.116000 0.112000 15 3 0
Etask: 1496270097.743815 15 3
task: 1496270097.750772 15 5 1 O 0 -5 123
Btask: 1496270097.751341 15 5
get: 1496270097.751826 15 0 5 0x7f1df8800c50 0x7f5592184348 1 -1 16 451 53
get: 1496270097.752031 15 0 5 0x7f1df8800c60 0x7f55921113e0 1 -1 16 451 53
get: 1496270097.752132 15 0 5 0x7f1df8800b08 0x7f55921104e0 1 -1 8 492 26
get: 1496270097.752264 15 0 5 0x7f1df8800b10 0x7f55921104d8 1 -1 8 492 26
get: 1496270097.752404 15 0 5 0x7f1df8800c90 0x7f5592111428 1 -1 16 451 53
put: 1496270097.752625 15 0 5 0x7f1df8800cb0 0x7f55920514f0 1 -1 16 451 53
f_executeOn: 1496270097.752743 15 0 -2 18 0x7f1df8800df0 112 5
Etask: 1496270097.752846 15 5
task: 1496270097.798657 15 6 1 O 0 -5 27
Btask: 1496270097.799258 15 6
get: 1496270097.799868 15 7 6 0x7f1df37fff30 0x7f880760f0a8 1 -1 16 1295 53
get: 1496270097.800127 15 7 6 0x7f1df37ffe30 0x7f880760f088 1 -1 16 1294 53
get: 1496270097.800332 15 7 6 0x7f1df37ffe50 0x7f8807617020 1 -1 16 1294 53
get: 1496270097.800535 15 7 6 0x7f1df37ff9a8 0x7f880760e160 1 -1 8 492 26
get: 1496270097.800739 15 7 6 0x7f1df37ff9b0 0x7f880760e158 1 -1 8 492 26
get: 1496270097.800955 15 7 6 0x7f1df37ffe80 0x7f8807617068 1 -1 16 1294 53
get: 1496270097.801140 15 7 6 0x7f1df37ffe40 0x7f8807620000 1 -1 16 1294 53
get: 1496270097.801331 15 7 6 0x7f1df37fff50 0x7f88076170c0 1 -1 16 1295 53
get: 1496270097.801666 15 7 6 0x7f1df37ff9a8 0x7f880760e160 1 -1 8 492 26
get: 1496270097.801796 15 7 6 0x7f1df37ff9b0 0x7f880760e158 1 -1 8 492 26
get: 1496270097.801927 15 7 6 0x7f1df37fff80 0x7f8807617108 1 -1 16 1295 53
get: 1496270097.802051 15 7 6 0x7f1df37fff40 0x7f8807620100 1 -1 16 1295 53
get: 1496270097.802168 15 7 6 0x7f1df37ffe50 0x7f8807617020 1 -1 16 1294 53
get: 1496270097.802257 15 7 6 0x7f1df37ff9a8 0x7f880760e160 1 -1 8 492 26
get: 1496270097.802373 15 7 6 0x7f1df37ff9b0 0x7f880760e158 1 -1 8 492 26
get: 1496270097.802521 15 7 6 0x7f1df37ffe80 0x7f8807617068 1 -1 16 1294 53
get: 1496270097.802655 15 7 6 0x7f1df37ffe40 0x7f8807620010 1 -1 16 1294 53
get: 1496270097.802779 15 7 6 0x7f1df37fff50 0x7f88076170c0 1 -1 16 1295 53
get: 1496270097.802878 15 7 6 0x7f1df37ff9a8 0x7f880760e160 1 -1 8 492 26
get: 1496270097.802974 15 7 6 0x7f1df37ff9b0 0x7f880760e158 1 -1 8 492 26
get: 1496270097.803072 15 7 6 0x7f1df37fff80 0x7f8807617108 1 -1 16 1295 53
get: 1496270097.803157 15 7 6 0x7f1df37fff40 0x7f8807620110 1 -1 16 1295 53
get: 1496270097.803359 15 7 6 0x7f1df37ffe50 0x7f8807617020 1 -1 16 1294 53
get: 1496270097.803548 15 7 6 0x7f1df37ff9a8 0x7f880760e160 1 -1 8 492 26
get: 1496270097.803739 15 7 6 0x7f1df37ff9b0 0x7f880760e158 1 -1 8 492 26
get: 1496270097.803904 15 7 6 0x7f1df37ffe80 0x7f8807617068 1 -1 16 1294 53
get: 1496270097.803987 15 7 6 0x7f1df37ffe40 0x7f8807620020 1 -1 16 1294 53
get: 1496270097.804104 15 7 6 0x7f1df37fff50 0x7f88076170c0 1 -1 16 1295 53
get: 1496270097.804219 15 7 6 0x7f1df37ff9a8 0x7f880760e160 1 -1 8 492 26
get: 1496270097.804305 15 7 6 0x7f1df37ff9b0 0x7f880760e158 1 -1 8 492 26
get: 1496270097.804418 15 7 6 0x7f1df37fff80 0x7f8807617108 1 -1 16 1295 53
get: 1496270097.804537 15 7 6 0x7f1df37fff40 0x7f8807620120 1 -1 16 1295 53
get: 1496270097.804655 15 7 6 0x7f1df37ffe50 0x7f8807617020 1 -1 16 1294 53
get: 1496270097.804775 15 7 6 0x7f1df37ff9a8 0x7f880760e160 1 -1 8 492 26
get: 1496270097.804890 15 7 6 0x7f1df37ff9b0 0x7f880760e158 1 -1 8 492 26
get: 1496270097.805011 15 7 6 0x7f1df37ffe80 0x7f8807617068 1 -1 16 1294 53
get: 1496270097.805126 15 7 6 0x7f1df37ffe40 0x7f8807620030 1 -1 16 1294 53
get: 1496270097.805209 15 7 6 0x7f1df37fff50 0x7f88076170c0 1 -1 16 1295 53
get: 1496270097.805331 15 7 6 0x7f1df37ff9a8 0x7f880760e160 1 -1 8 492 26
get: 1496270097.805452 15 7 6 0x7f1df37ff9b0 0x7f880760e158 1 -1 8 492 26
get: 1496270097.805574 15 7 6 0x7f1df37fff80 0x7f8807617108 1 -1 16 1295 53
get: 1496270097.805700 15 7 6 0x7f1df37fff40 0x7f8807620130 1 -1 16 1295 53
get: 1496270097.805829 15 7 6 0x7f1df37ffe50 0x7f8807617020 1 -1 16 1294 53
get: 1496270097.805950 15 7 6 0x7f1df37ff9a8 0x7f880760e160 1 -1 8 492 26
get: 1496270097.806066 15 7 6 0x7f1df37ff9b0 0x7f880760e158 1 -1 8 492 26
get: 1496270097.806150 15 7 6 0x7f1df37ffe80 0x7f8807617068 1 -1 16 1294 53
get: 1496270097.806274 15 7 6 0x7f1df37ffe40 0x7f8807620040 1 -1 16 1294 53
get: 1496270097.806393 15 7 6 0x7f1df37fff50 0x7f88076170c0 1 -1 16 1295 53
get: 1496270097.810571 15 7 6 0x7f1df37ff9a8 0x7f880760e160 1 -1 8 492 26
get: 1496270097.810851 15 7 6 0x7f1df37ff9b0 0x7f880760e158 1 -1 8 492 26
get: 1496270097.810965 15 7 6 0x7f1df37fff80 0x7f8807617108 1 -1 16 1295 53
get: 1496270097.811086 15 7 6 0x7f1df37fff40 0x7f8807620140 1 -1 16 1295 53
get: 1496270097.811206 15 7 6 0x7f1df37ffe50 0x7f8807617020 1 -1 16 1294 53
get: 1496270097.811294 15 7 6 0x7f1df37ff9a8 0x7f880760e160 1 -1 8 492 26
get: 1496270097.811415 15 7 6 0x7f1df37ff9b0 0x7f880760e158 1 -1 8 492 26
get: 1496270097.811532 15 7 6 0x7f1df37ffe80 0x7f8807617068 1 -1 16 1294 53
get: 1496270097.811653 15 7 6 0x7f1df37ffe40 0x7f8807620050 1 -1 16 1294 53
get: 1496270097.811774 15 7 6 0x7f1df37fff50 0x7f88076170c0 1 -1 16 1295 53
get: 1496270097.811887 15 7 6 0x7f1df37ff9a8 0x7f880760e160 1 -1 8 492 26
get: 1496270097.812006 15 7 6 0x7f1df37ff9b0 0x7f880760e158 1 -1 8 492 26
get: 1496270097.812119 15 7 6 0x7f1df37fff80 0x7f8807617108 1 -1 16 1295 53
get: 1496270097.812200 15 7 6 0x7f1df37fff40 0x7f8807620150 1 -1 16 1295 53
get: 1496270097.812314 15 7 6 0x7f1df37ffe50 0x7f8807617020 1 -1 16 1294 53
get: 1496270097.812434 15 7 6 0x7f1df37ff9a8 0x7f880760e160 1 -1 8 492 26
get: 1496270097.812554 15 7 6 0x7f1df37ff9b0 0x7f880760e158 1 -1 8 492 26
get: 1496270097.812676 15 7 6 0x7f1df37ffe80 0x7f8807617068 1 -1 16 1294 53
get: 1496270097.812792 15 7 6 0x7f1df37ffe40 0x7f8807620060 1 -1 16 1294 53
get: 1496270097.812909 15 7 6 0x7f1df37fff50 0x7f88076170c0 1 -1 16 1295 53
get: 1496270097.813028 15 7 6 0x7f1df37ff9a8 0x7f880760e160 1 -1 8 492 26
get: 1496270097.813110 15 7 6 0x7f1df37ff9b0 0x7f880760e158 1 -1 8 492 26
get: 1496270097.813239 15 7 6 0x7f1df37fff80 0x7f8807617108 1 -1 16 1295 53
get: 1496270097.813360 15 7 6 0x7f1df37fff40 0x7f8807620160 1 -1 16 1295 53
get: 1496270097.813476 15 7 6 0x7f1df37ffe50 0x7f8807617020 1 -1 16 1294 53
get: 1496270097.813593 15 7 6 0x7f1df37ff9a8 0x7f880760e160 1 -1 8 492 26
get: 1496270097.813710 15 7 6 0x7f1df37ff9b0 0x7f880760e158 1 -1 8 492 26
get: 1496270097.813826 15 7 6 0x7f1df37ffe80 0x7f8807617068 1 -1 16 1294 53
get: 1496270097.813944 15 7 6 0x7f1df37ffe40 0x7f8807620070 1 -1 16 1294 53
get: 1496270097.814025 15 7 6 0x7f1df37fff50 0x7f88076170c0 1 -1 16 1295 53
get: 1496270097.814147 15 7 6 0x7f1df37ff9a8 0x7f880760e160 1 -1 8 492 26
get: 1496270097.814268 15 7 6 0x7f1df37ff9b0 0x7f880760e158 1 -1 8 492 26
get: 1496270097.814381 15 7 6 0x7f1df37fff80 0x7f8807617108 1 -1 16 1295 53
get: 1496270097.814502 15 7 6 0x7f1df37fff40 0x7f8807620170 1 -1 16 1295 53
get: 1496270097.814601 15 7 6 0x7f1df37ffe50 0x7f8807617020 1 -1 16 1294 53
get: 1496270097.814739 15 7 6 0x7f1df37ff9a8 0x7f880760e160 1 -1 8 492 26
get: 1496270097.814829 15 7 6 0x7f1df37ff9b0 0x7f880760e158 1 -1 8 492 26
get: 1496270097.814915 15 7 6 0x7f1df37ffe80 0x7f8807617068 1 -1 16 1294 53
get: 1496270097.815026 15 7 6 0x7f1df37ffe40 0x7f8807620080 1 -1 16 1294 53
get: 1496270097.815145 15 7 6 0x7f1df37fff50 0x7f88076170c0 1 -1 16 1295 53
get: 1496270097.815260 15 7 6 0x7f1df37ff9a8 0x7f880760e160 1 -1 8 492 26
get: 1496270097.815384 15 7 6 0x7f1df37ff9b0 0x7f880760e158 1 -1 8 492 26
get: 1496270097.815472 15 7 6 0x7f1df37fff80 0x7f8807617108 1 -1 16 1295 53
get: 1496270097.815556 15 7 6 0x7f1df37fff40 0x7f8807620180 1 -1 16 1295 53
get: 1496270097.815684 15 7 6 0x7f1df37ffe50 0x7f8807617020 1 -1 16 1294 53
get: 1496270097.815770 15 7 6 0x7f1df37ff9a8 0x7f880760e160 1 -1 8 492 26
get: 1496270097.815894 15 7 6 0x7f1df37ff9b0 0x7f880760e158 1 -1 8 492 26
get: 1496270097.816011 15 7 6 0x7f1df37ffe80 0x7f8807617068 1 -1 16 1294 53
get: 1496270097.816116 15 7 6 0x7f1df37ffe40 0x7f8807620090 1 -1 16 1294 53
get: 1496270097.816197 15 7 6 0x7f1df37fff50 0x7f88076170c0 1 -1 16 1295 53
get: 1496270097.816314 15 7 6 0x7f1df37ff9a8 0x7f880760e160 1 -1 8 492 26
get: 1496270097.816431 15 7 6 0x7f1df37ff9b0 0x7f880760e158 1 -1 8 492 26
get: 1496270097.816546 15 7 6 0x7f1df37fff80 0x7f8807617108 1 -1 16 1295 53
get: 1496270097.816633 15 7 6 0x7f1df37fff40 0x7f8807620190 1 -1 16 1295 53
get: 1496270097.816723 15 7 6 0x7f1df37ffe50 0x7f8807617020 1 -1 16 1294 53
get: 1496270097.816803 15 7 6 0x7f1df37ff9a8 0x7f880760e160 1 -1 8 492 26
get: 1496270097.816917 15 7 6 0x7f1df37ff9b0 0x7f880760e158 1 -1 8 492 26
get: 1496270097.817034 15 7 6 0x7f1df37ffe80 0x7f8807617068 1 -1 16 1294 53
get: 1496270097.817151 15 7 6 0x7f1df37ffe40 0x7f88076200a0 1 -1 16 1294 53
get: 1496270097.817272 15 7 6 0x7f1df37fff50 0x7f88076170c0 1 -1 16 1295 53
get: 1496270097.817382 15 7 6 0x7f1df37ff9a8 0x7f880760e160 1 -1 8 492 26
get: 1496270097.817465 15 7 6 0x7f1df37ff9b0 0x7f880760e158 1 -1 8 492 26
get: 1496270097.817583 15 7 6 0x7f1df37fff80 0x7f8807617108 1 -1 16 1295 53
get: 1496270097.817703 15 7 6 0x7f1df37fff40 0x7f88076201a0 1 -1 16 1295 53
get: 1496270097.817829 15 7 6 0x7f1df37ffe50 0x7f8807617020 1 -1 16 1294 53
get: 1496270097.817947 15 7 6 0x7f1df37ff9a8 0x7f880760e160 1 -1 8 492 26
get: 1496270097.818063 15 7 6 0x7f1df37ff9b0 0x7f880760e158 1 -1 8 492 26
get: 1496270097.818180 15 7 6 0x7f1df37ffe80 0x7f8807617068 1 -1 16 1294 53
get: 1496270097.818302 15 7 6 0x7f1df37ffe40 0x7f88076200b0 1 -1 16 1294 53
get: 1496270097.818386 15 7 6 0x7f1df37fff50 0x7f88076170c0 1 -1 16 1295 53
get: 1496270097.818523 15 7 6 0x7f1df37ff9a8 0x7f880760e160 1 -1 8 492 26
get: 1496270097.818652 15 7 6 0x7f1df37ff9b0 0x7f880760e158 1 -1 8 492 26
get: 1496270097.818764 15 7 6 0x7f1df37fff80 0x7f8807617108 1 -1 16 1295 53
get: 1496270097.818885 15 7 6 0x7f1df37fff40 0x7f88076201b0 1 -1 16 1295 53
get: 1496270097.819007 15 7 6 0x7f1df37ffe50 0x7f8807617020 1 -1 16 1294 53
get: 1496270097.819129 15 7 6 0x7f1df37ff9a8 0x7f880760e160 1 -1 8 492 26
get: 1496270097.819252 15 7 6 0x7f1df37ff9b0 0x7f880760e158 1 -1 8 492 26
get: 1496270097.819337 15 7 6 0x7f1df37ffe80 0x7f8807617068 1 -1 16 1294 53
get: 1496270097.819459 15 7 6 0x7f1df37ffe40 0x7f88076200c0 1 -1 16 1294 53
get: 1496270097.819580 15 7 6 0x7f1df37fff50 0x7f88076170c0 1 -1 16 1295 53
get: 1496270097.819715 15 7 6 0x7f1df37ff9a8 0x7f880760e160 1 -1 8 492 26
get: 1496270097.819842 15 7 6 0x7f1df37ff9b0 0x7f880760e158 1 -1 8 492 26
get: 1496270097.819941 15 7 6 0x7f1df37fff80 0x7f8807617108 1 -1 16 1295 53
get: 1496270097.820028 15 7 6 0x7f1df37fff40 0x7f88076201c0 1 -1 16 1295 53
get: 1496270097.820126 15 7 6 0x7f1df37ffe50 0x7f8807617020 1 -1 16 1294 53
get: 1496270097.820212 15 7 6 0x7f1df37ff9a8 0x7f880760e160 1 -1 8 492 26
get: 1496270097.820334 15 7 6 0x7f1df37ff9b0 0x7f880760e158 1 -1 8 492 26
get: 1496270097.820455 15 7 6 0x7f1df37ffe80 0x7f8807617068 1 -1 16 1294 53
get: 1496270097.820578 15 7 6 0x7f1df37ffe40 0x7f88076200d0 1 -1 16 1294 53
get: 1496270097.820697 15 7 6 0x7f1df37fff50 0x7f88076170c0 1 -1 16 1295 53
get: 1496270097.820822 15 7 6 0x7f1df37ff9a8 0x7f880760e160 1 -1 8 492 26
get: 1496270097.820947 15 7 6 0x7f1df37ff9b0 0x7f880760e158 1 -1 8 492 26
get: 1496270097.821057 15 7 6 0x7f1df37fff80 0x7f8807617108 1 -1 16 1295 53
get: 1496270097.821138 15 7 6 0x7f1df37fff40 0x7f88076201d0 1 -1 16 1295 53
get: 1496270097.821254 15 7 6 0x7f1df37ffe50 0x7f8807617020 1 -1 16 1294 53
get: 1496270097.821374 15 7 6 0x7f1df37ff9a8 0x7f880760e160 1 -1 8 492 26
get: 1496270097.821496 15 7 6 0x7f1df37ff9b0 0x7f880760e158 1 -1 8 492 26
get: 1496270097.821614 15 7 6 0x7f1df37ffe80 0x7f8807617068 1 -1 16 1294 53
get: 1496270097.821732 15 7 6 0x7f1df37ffe40 0x7f88076200e0 1 -1 16 1294 53
get: 1496270097.821848 15 7 6 0x7f1df37fff50 0x7f88076170c0 1 -1 16 1295 53
get: 1496270097.821971 15 7 6 0x7f1df37ff9a8 0x7f880760e160 1 -1 8 492 26
get: 1496270097.822055 15 7 6 0x7f1df37ff9b0 0x7f880760e158 1 -1 8 492 26
get: 1496270097.822182 15 7 6 0x7f1df37fff80 0x7f8807617108 1 -1 16 1295 53
get: 1496270097.822313 15 7 6 0x7f1df37fff40 0x7f88076201e0 1 -1 16 1295 53
get: 1496270097.822461 15 7 6 0x7f1df37ffe50 0x7f8807617020 1 -1 16 1294 53
get: 1496270097.822589 15 7 6 0x7f1df37ff9a8 0x7f880760e160 1 -1 8 492 26
get: 1496270097.822703 15 7 6 0x7f1df37ff9b0 0x7f880760e158 1 -1 8 492 26
get: 1496270097.822827 15 7 6 0x7f1df37ffe80 0x7f8807617068 1 -1 16 1294 53
get: 1496270097.822940 15 7 6 0x7f1df37ffe40 0x7f88076200f0 1 -1 16 1294 53
get: 1496270097.823028 15 7 6 0x7f1df37fff50 0x7f88076170c0 1 -1 16 1295 53
get: 1496270097.823141 15 7 6 0x7f1df37ff9a8 0x7f880760e160 1 -1 8 492 26
get: 1496270097.823265 15 7 6 0x7f1df37ff9b0 0x7f880760e158 1 -1 8 492 26
get: 1496270097.823376 15 7 6 0x7f1df37fff80 0x7f8807617108 1 -1 16 1295 53
get: 1496270097.823500 15 7 6 0x7f1df37fff40 0x7f88076201f0 1 -1 16 1295 53
task: 1496270097.823652 15 7 6 L 215 28 23
task: 1496270097.823672 15 8 6 L 218 28 30
Btask: 1496270097.823779 15 7
Etask: 1496270097.824238 15 7
Btask: 1496270097.826448 15 8
Etask: 1496270097.826476 15 8
Etask: 1496270097.826516 15 6
task: 1496270097.896430 15 9 4 O 0 -5 125
Btask: 1496270097.898957 15 9
get: 1496270097.899430 15 0 9 0x7f1dee800b50 0x7f55921114c0 1 -1 16 933 53
get: 1496270097.906437 15 0 9 0x7f1dee800b60 0x7f5592111520 1 -1 16 933 53
get: 1496270097.906649 15 0 9 0x7f1dee8009c8 0x7f55921104e0 1 -1 8 492 26
get: 1496270097.906763 15 0 9 0x7f1dee8009d0 0x7f55921104d8 1 -1 8 492 26
get: 1496270097.906882 15 0 9 0x7f1dee800b90 0x7f5592111568 1 -1 16 933 53
get: 1496270097.907002 15 0 9 0x7f1dee800be0 0x7f55921114a8 1 -1 16 934 53
get: 1496270097.907120 15 0 9 0x7f1dee800770 0x7f5592184348 1 -1 16 588 53
get: 1496270097.907239 15 0 9 0x7f1dee800790 0x7f55921113e0 1 -1 16 588 53
get: 1496270097.907329 15 0 9 0x7f1dee800628 0x7f55921104e0 1 -1 8 492 26
get: 1496270097.907441 15 0 9 0x7f1dee800630 0x7f55921104d8 1 -1 8 492 26
get: 1496270097.907559 15 0 9 0x7f1dee8007c0 0x7f5592111428 1 -1 16 588 53
get: 1496270097.909007 15 0 9 0x7f1dee800780 0x7f55920514f0 1 -1 16 588 53
get: 1496270097.909172 15 0 9 0x7f1dee800640 0x7f55921114e0 1 -1 16 1609 28
get: 1496270097.909292 15 0 9 0x7f1dee8005b0 0x7f5592110558 1 -1 32 145 26
put: 1496270097.909449 15 0 9 0x7f1dee800c20 0x7f55920515f0 1 -1 16 933 53
f_executeOn: 1496270097.909580 15 0 -2 18 0x7f1dee800e70 112 9
Etask: 1496270097.909670 15 9
task: 1496270097.932240 15 10 4 O 0 -5 26
Btask: 1496270097.934939 15 10
get: 1496270097.935439 15 7 10 0x7f1de9800400 0x7f880720f060 1 -1 16 1332 53
get: 1496270097.935658 15 7 10 0x7f1de9800420 0x7f880720f0c0 1 -1 16 1332 53
get: 1496270097.935825 15 7 10 0x7f1de9800048 0x7f880760e160 1 -1 8 492 26
get: 1496270097.935949 15 7 10 0x7f1de9800050 0x7f880760e158 1 -1 8 492 26
get: 1496270097.936070 15 7 10 0x7f1de9800450 0x7f880720f108 1 -1 16 1332 53
get: 1496270097.936189 15 7 10 0x7f1de9800410 0x7f8807214000 1 -1 16 1332 53
get: 1496270097.936350 15 7 10 0x7f1de9800420 0x7f880720f0c0 1 -1 16 1332 53
get: 1496270097.936510 15 7 10 0x7f1de9800048 0x7f880760e160 1 -1 8 492 26
get: 1496270097.936629 15 7 10 0x7f1de9800050 0x7f880760e158 1 -1 8 492 26
get: 1496270097.936710 15 7 10 0x7f1de9800450 0x7f880720f108 1 -1 16 1332 53
get: 1496270097.936828 15 7 10 0x7f1de9800410 0x7f8807214010 1 -1 16 1332 53
get: 1496270097.936947 15 7 10 0x7f1de9800420 0x7f880720f0c0 1 -1 16 1332 53
get: 1496270097.937066 15 7 10 0x7f1de9800048 0x7f880760e160 1 -1 8 492 26
get: 1496270097.937227 15 7 10 0x7f1de9800050 0x7f880760e158 1 -1 8 492 26
get: 1496270097.937386 15 7 10 0x7f1de9800450 0x7f880720f108 1 -1 16 1332 53
get: 1496270097.937507 15 7 10 0x7f1de9800410 0x7f8807214020 1 -1 16 1332 53
get: 1496270097.937649 15 7 10 0x7f1de9800420 0x7f880720f0c0 1 -1 16 1332 53
get: 1496270097.937731 15 7 10 0x7f1de9800048 0x7f880760e160 1 -1 8 492 26
get: 1496270097.937852 15 7 10 0x7f1de9800050 0x7f880760e158 1 -1 8 492 26
get: 1496270097.937972 15 7 10 0x7f1de9800450 0x7f880720f108 1 -1 16 1332 53
get: 1496270097.938092 15 7 10 0x7f1de9800410 0x7f8807214030 1 -1 16 1332 53
get: 1496270097.938258 15 7 10 0x7f1de9800420 0x7f880720f0c0 1 -1 16 1332 53
get: 1496270097.938387 15 7 10 0x7f1de9800048 0x7f880760e160 1 -1 8 492 26
get: 1496270097.938494 15 7 10 0x7f1de9800050 0x7f880760e158 1 -1 8 492 26
get: 1496270097.938634 15 7 10 0x7f1de9800450 0x7f880720f108 1 -1 16 1332 53
get: 1496270097.938738 15 7 10 0x7f1de9800410 0x7f8807214040 1 -1 16 1332 53
get: 1496270097.938872 15 7 10 0x7f1de9800420 0x7f880720f0c0 1 -1 16 1332 53
get: 1496270097.938974 15 7 10 0x7f1de9800048 0x7f880760e160 1 -1 8 492 26
get: 1496270097.939109 15 7 10 0x7f1de9800050 0x7f880760e158 1 -1 8 492 26
get: 1496270097.939221 15 7 10 0x7f1de9800450 0x7f880720f108 1 -1 16 1332 53
get: 1496270097.939347 15 7 10 0x7f1de9800410 0x7f8807214050 1 -1 16 1332 53
get: 1496270097.939474 15 7 10 0x7f1de9800420 0x7f880720f0c0 1 -1 16 1332 53
get: 1496270097.939602 15 7 10 0x7f1de9800048 0x7f880760e160 1 -1 8 492 26
get: 1496270097.939683 15 7 10 0x7f1de9800050 0x7f880760e158 1 -1 8 492 26
get: 1496270097.939812 15 7 10 0x7f1de9800450 0x7f880720f108 1 -1 16 1332 53
get: 1496270097.939929 15 7 10 0x7f1de9800410 0x7f8807214060 1 -1 16 1332 53
get: 1496270097.940055 15 7 10 0x7f1de9800420 0x7f880720f0c0 1 -1 16 1332 53
get: 1496270097.940176 15 7 10 0x7f1de9800048 0x7f880760e160 1 -1 8 492 26
get: 1496270097.940303 15 7 10 0x7f1de9800050 0x7f880760e158 1 -1 8 492 26
get: 1496270097.940472 15 7 10 0x7f1de9800450 0x7f880720f108 1 -1 16 1332 53
get: 1496270097.940601 15 7 10 0x7f1de9800410 0x7f8807214070 1 -1 16 1332 53
get: 1496270097.940683 15 7 10 0x7f1de9800420 0x7f880720f0c0 1 -1 16 1332 53
get: 1496270097.940820 15 7 10 0x7f1de9800048 0x7f880760e160 1 -1 8 492 26
get: 1496270097.940948 15 7 10 0x7f1de9800050 0x7f880760e158 1 -1 8 492 26
get: 1496270097.941073 15 7 10 0x7f1de9800450 0x7f880720f108 1 -1 16 1332 53
get: 1496270097.941193 15 7 10 0x7f1de9800410 0x7f8807214080 1 -1 16 1332 53
get: 1496270097.941320 15 7 10 0x7f1de9800420 0x7f880720f0c0 1 -1 16 1332 53
get: 1496270097.941437 15 7 10 0x7f1de9800048 0x7f880760e160 1 -1 8 492 26
get: 1496270097.941564 15 7 10 0x7f1de9800050 0x7f880760e158 1 -1 8 492 26
get: 1496270097.941649 15 7 10 0x7f1de9800450 0x7f880720f108 1 -1 16 1332 53
get: 1496270097.941776 15 7 10 0x7f1de9800410 0x7f8807214090 1 -1 16 1332 53
get: 1496270097.941894 15 7 10 0x7f1de9800420 0x7f880720f0c0 1 -1 16 1332 53
get: 1496270097.942030 15 7 10 0x7f1de9800048 0x7f880760e160 1 -1 8 492 26
get: 1496270097.942128 15 7 10 0x7f1de9800050 0x7f880760e158 1 -1 8 492 26
get: 1496270097.942210 15 7 10 0x7f1de9800450 0x7f880720f108 1 -1 16 1332 53
get: 1496270097.942338 15 7 10 0x7f1de9800410 0x7f88072140a0 1 -1 16 1332 53
get: 1496270097.942474 15 7 10 0x7f1de9800420 0x7f880720f0c0 1 -1 16 1332 53
get: 1496270097.942564 15 7 10 0x7f1de9800048 0x7f880760e160 1 -1 8 492 26
get: 1496270097.942649 15 7 10 0x7f1de9800050 0x7f880760e158 1 -1 8 492 26
get: 1496270097.942770 15 7 10 0x7f1de9800450 0x7f880720f108 1 -1 16 1332 53
get: 1496270097.942894 15 7 10 0x7f1de9800410 0x7f88072140b0 1 -1 16 1332 53
get: 1496270097.943022 15 7 10 0x7f1de9800420 0x7f880720f0c0 1 -1 16 1332 53
get: 1496270097.943150 15 7 10 0x7f1de9800048 0x7f880760e160 1 -1 8 492 26
get: 1496270097.943263 15 7 10 0x7f1de9800050 0x7f880760e158 1 -1 8 492 26
get: 1496270097.943385 15 7 10 0x7f1de9800450 0x7f880720f108 1 -1 16 1332 53
get: 1496270097.943468 15 7 10 0x7f1de9800410 0x7f88072140c0 1 -1 16 1332 53
get: 1496270097.943587 15 7 10 0x7f1de9800420 0x7f880720f0c0 1 -1 16 1332 53
get: 1496270097.943705 15 7 10 0x7f1de9800048 0x7f880760e160 1 -1 8 492 26
get: 1496270097.943832 15 7 10 0x7f1de9800050 0x7f880760e158 1 -1 8 492 26
get: 1496270097.943947 15 7 10 0x7f1de9800450 0x7f880720f108 1 -1 16 1332 53
get: 1496270097.944067 15 7 10 0x7f1de9800410 0x7f88072140d0 1 -1 16 1332 53
get: 1496270097.944186 15 7 10 0x7f1de9800420 0x7f880720f0c0 1 -1 16 1332 53
get: 1496270097.944307 15 7 10 0x7f1de9800048 0x7f880760e160 1 -1 8 492 26
get: 1496270097.944387 15 7 10 0x7f1de9800050 0x7f880760e158 1 -1 8 492 26
get: 1496270097.944511 15 7 10 0x7f1de9800450 0x7f880720f108 1 -1 16 1332 53
get: 1496270097.944609 15 7 10 0x7f1de9800410 0x7f88072140e0 1 -1 16 1332 53
get: 1496270097.944694 15 7 10 0x7f1de9800420 0x7f880720f0c0 1 -1 16 1332 53
get: 1496270097.944812 15 7 10 0x7f1de9800048 0x7f880760e160 1 -1 8 492 26
get: 1496270097.944938 15 7 10 0x7f1de9800050 0x7f880760e158 1 -1 8 492 26
get: 1496270097.945053 15 7 10 0x7f1de9800450 0x7f880720f108 1 -1 16 1332 53
get: 1496270097.945172 15 7 10 0x7f1de9800410 0x7f88072140f0 1 -1 16 1332 53
task: 1496270097.945293 15 11 10 L 215 28 25
task: 1496270097.945310 15 12 10 L 218 28 29
Btask: 1496270097.946458 15 11
Btask: 1496270097.946455 15 12
Etask: 1496270097.946484 15 11
Etask: 1496270097.946489 15 12
Etask: 1496270097.946508 15 10
task: 1496270097.948310 15 13 1 O 0 -5 126
Btask: 1496270097.948853 15 13
get: 1496270097.949309 15 0 13 0x7f1de4800c60 0x7f55921114c0 1 -1 16 939 53
get: 1496270097.949518 15 0 13 0x7f1de4800c80 0x7f5592111520 1 -1 16 939 53
get: 1496270097.949668 15 0 13 0x7f1de4800b18 0x7f55921104e0 1 -1 8 492 26
get: 1496270097.949759 15 0 13 0x7f1de4800b20 0x7f55921104d8 1 -1 8 492 26
get: 1496270097.949815 15 0 13 0x7f1de4800cb0 0x7f5592111568 1 -1 16 939 53
get: 1496270097.949939 15 0 13 0x7f1de4800c70 0x7f55920515f0 1 -1 16 939 53
get: 1496270097.950080 15 0 13 0x7f1de4800d20 0x7f55921114a8 1 -1 16 939 53
get: 1496270097.950238 15 0 13 0x7f1de48008c0 0x7f5592184348 1 -1 16 588 53
get: 1496270097.950333 15 0 13 0x7f1de48008e0 0x7f55921113e0 1 -1 16 588 53
get: 1496270097.950450 15 0 13 0x7f1de4800778 0x7f55921104e0 1 -1 8 492 26
get: 1496270097.950600 15 0 13 0x7f1de4800780 0x7f55921104d8 1 -1 8 492 26
get: 1496270097.950722 15 0 13 0x7f1de4800910 0x7f5592111428 1 -1 16 588 53
get: 1496270097.950863 15 0 13 0x7f1de48008d0 0x7f55920514f0 1 -1 16 588 53
get: 1496270097.951006 15 0 13 0x7f1de4800790 0x7f55921114e0 1 -1 16 1609 28
get: 1496270097.951152 15 0 13 0x7f1de4800700 0x7f5592110558 1 -1 32 145 26
f_executeOn: 1496270097.951277 15 0 -2 18 0x7f1de4800e70 112 13
Etask: 1496270097.951421 15 13
task: 1496270097.986432 15 14 1 O 0 -5 42
Btask: 1496270097.987017 15 14
get: 1496270097.987484 15 7 14 0x7f1ddf800720 0x7f880720f060 1 -1 16 1341 53
get: 1496270097.987701 15 7 14 0x7f1ddf800740 0x7f880720f0c0 1 -1 16 1341 53
get: 1496270097.987834 15 7 14 0x7f1ddf8004a8 0x7f880760e160 1 -1 8 492 26
get: 1496270097.987953 15 7 14 0x7f1ddf8004b0 0x7f880760e158 1 -1 8 492 26
get: 1496270097.988081 15 7 14 0x7f1ddf800770 0x7f880720f108 1 -1 16 1341 53
get: 1496270097.988210 15 7 14 0x7f1ddf800730 0x7f8807214000 1 -1 16 1341 53
get: 1496270097.988300 15 7 14 0x7f1ddf800740 0x7f880720f0c0 1 -1 16 1341 53
get: 1496270097.988418 15 7 14 0x7f1ddf8004a8 0x7f880760e160 1 -1 8 492 26
get: 1496270097.988546 15 7 14 0x7f1ddf8004b0 0x7f880760e158 1 -1 8 492 26
get: 1496270097.988663 15 7 14 0x7f1ddf800770 0x7f880720f108 1 -1 16 1341 53
get: 1496270097.988782 15 7 14 0x7f1ddf800730 0x7f8807214010 1 -1 16 1341 53
get: 1496270097.988902 15 7 14 0x7f1ddf800740 0x7f880720f0c0 1 -1 16 1341 53
get: 1496270097.989020 15 7 14 0x7f1ddf8004a8 0x7f880760e160 1 -1 8 492 26
get: 1496270097.989144 15 7 14 0x7f1ddf8004b0 0x7f880760e158 1 -1 8 492 26
get: 1496270097.989229 15 7 14 0x7f1ddf800770 0x7f880720f108 1 -1 16 1341 53
get: 1496270097.989347 15 7 14 0x7f1ddf800730 0x7f8807214020 1 -1 16 1341 53
get: 1496270097.989469 15 7 14 0x7f1ddf800740 0x7f880720f0c0 1 -1 16 1341 53
get: 1496270097.989583 15 7 14 0x7f1ddf8004a8 0x7f880760e160 1 -1 8 492 26
get: 1496270097.989703 15 7 14 0x7f1ddf8004b0 0x7f880760e158 1 -1 8 492 26
get: 1496270097.989821 15 7 14 0x7f1ddf800770 0x7f880720f108 1 -1 16 1341 53
get: 1496270097.989943 15 7 14 0x7f1ddf800730 0x7f8807214030 1 -1 16 1341 53
get: 1496270097.990068 15 7 14 0x7f1ddf800740 0x7f880720f0c0 1 -1 16 1341 53
get: 1496270097.990152 15 7 14 0x7f1ddf8004a8 0x7f880760e160 1 -1 8 492 26
get: 1496270097.990277 15 7 14 0x7f1ddf8004b0 0x7f880760e158 1 -1 8 492 26
get: 1496270097.990415 15 7 14 0x7f1ddf800770 0x7f880720f108 1 -1 16 1341 53
get: 1496270097.990547 15 7 14 0x7f1ddf800730 0x7f8807214040 1 -1 16 1341 53
get: 1496270097.990669 15 7 14 0x7f1ddf800740 0x7f880720f0c0 1 -1 16 1341 53
get: 1496270097.990815 15 7 14 0x7f1ddf8004a8 0x7f880760e160 1 -1 8 492 26
get: 1496270097.990938 15 7 14 0x7f1ddf8004b0 0x7f880760e158 1 -1 8 492 26
get: 1496270097.991058 15 7 14 0x7f1ddf800770 0x7f880720f108 1 -1 16 1341 53
get: 1496270097.991146 15 7 14 0x7f1ddf800730 0x7f8807214050 1 -1 16 1341 53
get: 1496270097.991265 15 7 14 0x7f1ddf800740 0x7f880720f0c0 1 -1 16 1341 53
get: 1496270097.991390 15 7 14 0x7f1ddf8004a8 0x7f880760e160 1 -1 8 492 26
get: 1496270097.991508 15 7 14 0x7f1ddf8004b0 0x7f880760e158 1 -1 8 492 26
get: 1496270097.991632 15 7 14 0x7f1ddf800770 0x7f880720f108 1 -1 16 1341 53
get: 1496270097.991748 15 7 14 0x7f1ddf800730 0x7f8807214060 1 -1 16 1341 53
get: 1496270097.991873 15 7 14 0x7f1ddf800740 0x7f880720f0c0 1 -1 16 1341 53
get: 1496270097.991969 15 7 14 0x7f1ddf8004a8 0x7f880760e160 1 -1 8 492 26
get: 1496270097.992057 15 7 14 0x7f1ddf8004b0 0x7f880760e158 1 -1 8 492 26
get: 1496270097.992174 15 7 14 0x7f1ddf800770 0x7f880720f108 1 -1 16 1341 53
get: 1496270097.992296 15 7 14 0x7f1ddf800730 0x7f8807214070 1 -1 16 1341 53
get: 1496270097.992413 15 7 14 0x7f1ddf800740 0x7f880720f0c0 1 -1 16 1341 53
get: 1496270097.992539 15 7 14 0x7f1ddf8004a8 0x7f880760e160 1 -1 8 492 26
get: 1496270097.992654 15 7 14 0x7f1ddf8004b0 0x7f880760e158 1 -1 8 492 26
get: 1496270097.992778 15 7 14 0x7f1ddf800770 0x7f880720f108 1 -1 16 1341 53
get: 1496270097.992895 15 7 14 0x7f1ddf800730 0x7f8807214080 1 -1 16 1341 53
get: 1496270097.992982 15 7 14 0x7f1ddf800740 0x7f880720f0c0 1 -1 16 1341 53
get: 1496270097.993107 15 7 14 0x7f1ddf8004a8 0x7f880760e160 1 -1 8 492 26
get: 1496270097.993231 15 7 14 0x7f1ddf8004b0 0x7f880760e158 1 -1 8 492 26
get: 1496270097.993347 15 7 14 0x7f1ddf800770 0x7f880720f108 1 -1 16 1341 53
get: 1496270097.993471 15 7 14 0x7f1ddf800730 0x7f8807214090 1 -1 16 1341 53
get: 1496270097.993588 15 7 14 0x7f1ddf800740 0x7f880720f0c0 1 -1 16 1341 53
get: 1496270097.993712 15 7 14 0x7f1ddf8004a8 0x7f880760e160 1 -1 8 492 26
get: 1496270097.993828 15 7 14 0x7f1ddf8004b0 0x7f880760e158 1 -1 8 492 26
get: 1496270097.993916 15 7 14 0x7f1ddf800770 0x7f880720f108 1 -1 16 1341 53
get: 1496270097.994033 15 7 14 0x7f1ddf800730 0x7f88072140a0 1 -1 16 1341 53
get: 1496270097.994158 15 7 14 0x7f1ddf800740 0x7f880720f0c0 1 -1 16 1341 53
get: 1496270097.994274 15 7 14 0x7f1ddf8004a8 0x7f880760e160 1 -1 8 492 26
get: 1496270097.994397 15 7 14 0x7f1ddf8004b0 0x7f880760e158 1 -1 8 492 26
get: 1496270097.994537 15 7 14 0x7f1ddf800770 0x7f880720f108 1 -1 16 1341 53
get: 1496270097.994660 15 7 14 0x7f1ddf800730 0x7f88072140b0 1 -1 16 1341 53
get: 1496270097.994777 15 7 14 0x7f1ddf800740 0x7f880720f0c0 1 -1 16 1341 53
get: 1496270097.994861 15 7 14 0x7f1ddf8004a8 0x7f880760e160 1 -1 8 492 26
get: 1496270097.994979 15 7 14 0x7f1ddf8004b0 0x7f880760e158 1 -1 8 492 26
get: 1496270097.995098 15 7 14 0x7f1ddf800770 0x7f880720f108 1 -1 16 1341 53
get: 1496270097.995215 15 7 14 0x7f1ddf800730 0x7f88072140c0 1 -1 16 1341 53
get: 1496270097.995339 15 7 14 0x7f1ddf800740 0x7f880720f0c0 1 -1 16 1341 53
get: 1496270097.995429 15 7 14 0x7f1ddf8004a8 0x7f880760e160 1 -1 8 492 26
get: 1496270097.995510 15 7 14 0x7f1ddf8004b0 0x7f880760e158 1 -1 8 492 26
get: 1496270097.995625 15 7 14 0x7f1ddf800770 0x7f880720f108 1 -1 16 1341 53
get: 1496270097.995708 15 7 14 0x7f1ddf800730 0x7f88072140d0 1 -1 16 1341 53
get: 1496270097.995828 15 7 14 0x7f1ddf800740 0x7f880720f0c0 1 -1 16 1341 53
get: 1496270097.995945 15 7 14 0x7f1ddf8004a8 0x7f880760e160 1 -1 8 492 26
get: 1496270097.996060 15 7 14 0x7f1ddf8004b0 0x7f880760e158 1 -1 8 492 26
get: 1496270097.996184 15 7 14 0x7f1ddf800770 0x7f880720f108 1 -1 16 1341 53
get: 1496270097.996298 15 7 14 0x7f1ddf800730 0x7f88072140e0 1 -1 16 1341 53
get: 1496270097.996418 15 7 14 0x7f1ddf800740 0x7f880720f0c0 1 -1 16 1341 53
get: 1496270097.996534 15 7 14 0x7f1ddf8004a8 0x7f880760e160 1 -1 8 492 26
get: 1496270097.996618 15 7 14 0x7f1ddf8004b0 0x7f880760e158 1 -1 8 492 26
get: 1496270097.996736 15 7 14 0x7f1ddf800770 0x7f880720f108 1 -1 16 1341 53
get: 1496270097.996852 15 7 14 0x7f1ddf800730 0x7f88072140f0 1 -1 16 1341 53
task: 1496270097.996993 15 15 14 L 271 28 41
task: 1496270097.997013 15 16 14 L 274 28 43
Btask: 1496270097.997049 15 15
Etask: 1496270097.997075 15 15
Btask: 1496270097.998430 15 16
Etask: 1496270097.998441 15 16
Etask: 1496270097.998467 15 14
task: 1496270098.004701 15 17 1 O 0 -5 158
Btask: 1496270098.006962 15 17
VdbMark: 1496270098.007437 15 17
Tag: 1496270098.007459 0.272000 0.232000 15 17 1
Etask: 1496270098.007518 15 17
task: 1496270098.021954 15 18 1 O 0 -5 129
Btask: 1496270098.022954 15 18
get: 1496270098.023418 15 0 18 0x7f1dd5800930 0x7f559201d4f8 1 -1 16 1002 53
get: 1496270098.023600 15 0 18 0x7f1dd5800650 0x7f55921114c0 1 -1 16 753 53
get: 1496270098.023733 15 0 18 0x7f1dd5800670 0x7f5592111520 1 -1 16 753 53
get: 1496270098.023858 15 0 18 0x7f1dd5800528 0x7f55921104e0 1 -1 8 492 26
get: 1496270098.024006 15 0 18 0x7f1dd5800530 0x7f55921104d8 1 -1 8 492 26
get: 1496270098.024097 15 0 18 0x7f1dd58006a0 0x7f5592111568 1 -1 16 753 53
get: 1496270098.024213 15 0 18 0x7f1dd5800660 0x7f55920515f0 1 -1 16 753 53
get: 1496270098.024304 15 0 18 0x7f1dd5800970 0x7f559201d510 1 -1 16 1003 53
get: 1496270098.024355 15 0 18 0x7f1dd5800980 0x7f55921115c0 1 -1 16 1003 53
get: 1496270098.024403 15 0 18 0x7f1dd5800768 0x7f55921104e0 1 -1 8 492 26
get: 1496270098.024486 15 0 18 0x7f1dd5800770 0x7f55921104d8 1 -1 8 492 26
get: 1496270098.024612 15 0 18 0x7f1dd58009b0 0x7f5592111608 1 -1 16 1003 53
put: 1496270098.024767 15 0 18 0x7f1dd5800a50 0x7f55920516f0 1 -1 16 1003 53
f_executeOn: 1496270098.024901 15 0 -2 18 0x7f1dd5800e70 112 18
Etask: 1496270098.025026 15 18
task: 1496270098.045388 15 19 4 O 0 -5 28
Btask: 1496270098.046448 15 19
get: 1496270098.046517 15 7 19 0x7f1e07800330 0x7f8810431040 1 -1 16 1354 53
get: 1496270098.046672 15 7 19 0x7f1e07800350 0x7f8810438020 1 -1 16 1354 53
get: 1496270098.046841 15 7 19 0x7f1e077fff28 0x7f880760e160 1 -1 8 492 26
get: 1496270098.046931 15 7 19 0x7f1e077fff30 0x7f880760e158 1 -1 8 492 26
get: 1496270098.047049 15 7 19 0x7f1e07800380 0x7f8810438068 1 -1 16 1354 53
get: 1496270098.047171 15 7 19 0x7f1e07800340 0x7f881043d000 1 -1 16 1354 53
get: 1496270098.047302 15 7 19 0x7f1e07800350 0x7f8810438020 1 -1 16 1354 53
get: 1496270098.047415 15 7 19 0x7f1e077fff28 0x7f880760e160 1 -1 8 492 26
get: 1496270098.047537 15 7 19 0x7f1e077fff30 0x7f880760e158 1 -1 8 492 26
get: 1496270098.047682 15 7 19 0x7f1e07800380 0x7f8810438068 1 -1 16 1354 53
get: 1496270098.047809 15 7 19 0x7f1e07800340 0x7f881043d010 1 -1 16 1354 53
get: 1496270098.047886 15 7 19 0x7f1e07800350 0x7f8810438020 1 -1 16 1354 53
get: 1496270098.048061 15 7 19 0x7f1e077fff28 0x7f880760e160 1 -1 8 492 26
get: 1496270098.048181 15 7 19 0x7f1e077fff30 0x7f880760e158 1 -1 8 492 26
get: 1496270098.048304 15 7 19 0x7f1e07800380 0x7f8810438068 1 -1 16 1354 53
get: 1496270098.048419 15 7 19 0x7f1e07800340 0x7f881043d020 1 -1 16 1354 53
get: 1496270098.048546 15 7 19 0x7f1e07800350 0x7f8810438020 1 -1 16 1354 53
get: 1496270098.048658 15 7 19 0x7f1e077fff28 0x7f880760e160 1 -1 8 492 26
get: 1496270098.048778 15 7 19 0x7f1e077fff30 0x7f880760e158 1 -1 8 492 26
get: 1496270098.048856 15 7 19 0x7f1e07800380 0x7f8810438068 1 -1 16 1354 53
get: 1496270098.048972 15 7 19 0x7f1e07800340 0x7f881043d030 1 -1 16 1354 53
get: 1496270098.049096 15 7 19 0x7f1e07800350 0x7f8810438020 1 -1 16 1354 53
get: 1496270098.049214 15 7 19 0x7f1e077fff28 0x7f880760e160 1 -1 8 492 26
get: 1496270098.049335 15 7 19 0x7f1e077fff30 0x7f880760e158 1 -1 8 492 26
get: 1496270098.049453 15 7 19 0x7f1e07800380 0x7f8810438068 1 -1 16 1354 53
get: 1496270098.049566 15 7 19 0x7f1e07800340 0x7f881043d040 1 -1 16 1354 53
get: 1496270098.049685 15 7 19 0x7f1e07800350 0x7f8810438020 1 -1 16 1354 53
get: 1496270098.049760 15 7 19 0x7f1e077fff28 0x7f880760e160 1 -1 8 492 26
get: 1496270098.049883 15 7 19 0x7f1e077fff30 0x7f880760e158 1 -1 8 492 26
get: 1496270098.050016 15 7 19 0x7f1e07800380 0x7f8810438068 1 -1 16 1354 53
get: 1496270098.050140 15 7 19 0x7f1e07800340 0x7f881043d050 1 -1 16 1354 53
get: 1496270098.050258 15 7 19 0x7f1e07800350 0x7f8810438020 1 -1 16 1354 53
get: 1496270098.050380 15 7 19 0x7f1e077fff28 0x7f880760e160 1 -1 8 492 26
get: 1496270098.050504 15 7 19 0x7f1e077fff30 0x7f880760e158 1 -1 8 492 26
get: 1496270098.050632 15 7 19 0x7f1e07800380 0x7f8810438068 1 -1 16 1354 53
get: 1496270098.050690 15 7 19 0x7f1e07800340 0x7f881043d060 1 -1 16 1354 53
get: 1496270098.050777 15 7 19 0x7f1e07800350 0x7f8810438020 1 -1 16 1354 53
get: 1496270098.050911 15 7 19 0x7f1e077fff28 0x7f880760e160 1 -1 8 492 26
get: 1496270098.051046 15 7 19 0x7f1e077fff30 0x7f880760e158 1 -1 8 492 26
get: 1496270098.051166 15 7 19 0x7f1e07800380 0x7f8810438068 1 -1 16 1354 53
get: 1496270098.051293 15 7 19 0x7f1e07800340 0x7f881043d070 1 -1 16 1354 53
get: 1496270098.051393 15 7 19 0x7f1e07800350 0x7f8810438020 1 -1 16 1354 53
get: 1496270098.051470 15 7 19 0x7f1e077fff28 0x7f880760e160 1 -1 8 492 26
get: 1496270098.051570 15 7 19 0x7f1e077fff30 0x7f880760e158 1 -1 8 492 26
get: 1496270098.051706 15 7 19 0x7f1e07800380 0x7f8810438068 1 -1 16 1354 53
get: 1496270098.051840 15 7 19 0x7f1e07800340 0x7f881043d080 1 -1 16 1354 53
get: 1496270098.051964 15 7 19 0x7f1e07800350 0x7f8810438020 1 -1 16 1354 53
get: 1496270098.052098 15 7 19 0x7f1e077fff28 0x7f880760e160 1 -1 8 492 26
get: 1496270098.052230 15 7 19 0x7f1e077fff30 0x7f880760e158 1 -1 8 492 26
get: 1496270098.052340 15 7 19 0x7f1e07800380 0x7f8810438068 1 -1 16 1354 53
get: 1496270098.052486 15 7 19 0x7f1e07800340 0x7f881043d090 1 -1 16 1354 53
get: 1496270098.052609 15 7 19 0x7f1e07800350 0x7f8810438020 1 -1 16 1354 53
get: 1496270098.052754 15 7 19 0x7f1e077fff28 0x7f880760e160 1 -1 8 492 26
get: 1496270098.052888 15 7 19 0x7f1e077fff30 0x7f880760e158 1 -1 8 492 26
get: 1496270098.053022 15 7 19 0x7f1e07800380 0x7f8810438068 1 -1 16 1354 53
get: 1496270098.053122 15 7 19 0x7f1e07800340 0x7f881043d0a0 1 -1 16 1354 53
get: 1496270098.053246 15 7 19 0x7f1e07800350 0x7f8810438020 1 -1 16 1354 53
get: 1496270098.053378 15 7 19 0x7f1e077fff28 0x7f880760e160 1 -1 8 492 26
get: 1496270098.053525 15 7 19 0x7f1e077fff30 0x7f880760e158 1 -1 8 492 26
get: 1496270098.053646 15 7 19 0x7f1e07800380 0x7f8810438068 1 -1 16 1354 53
get: 1496270098.053773 15 7 19 0x7f1e07800340 0x7f881043d0b0 1 -1 16 1354 53
get: 1496270098.053872 15 7 19 0x7f1e07800350 0x7f8810438020 1 -1 16 1354 53
get: 1496270098.053949 15 7 19 0x7f1e077fff28 0x7f880760e160 1 -1 8 492 26
get: 1496270098.054050 15 7 19 0x7f1e077fff30 0x7f880760e158 1 -1 8 492 26
get: 1496270098.054185 15 7 19 0x7f1e07800380 0x7f8810438068 1 -1 16 1354 53
get: 1496270098.054307 15 7 19 0x7f1e07800340 0x7f881043d0c0 1 -1 16 1354 53
get: 1496270098.058526 15 7 19 0x7f1e07800350 0x7f8810438020 1 -1 16 1354 53
get: 1496270098.058731 15 7 19 0x7f1e077fff28 0x7f880760e160 1 -1 8 492 26
get: 1496270098.058960 15 7 19 0x7f1e077fff30 0x7f880760e158 1 -1 8 492 26
get: 1496270098.059194 15 7 19 0x7f1e07800380 0x7f8810438068 1 -1 16 1354 53
get: 1496270098.059434 15 7 19 0x7f1e07800340 0x7f881043d0d0 1 -1 16 1354 53
get: 1496270098.059690 15 7 19 0x7f1e07800350 0x7f8810438020 1 -1 16 1354 53
get: 1496270098.059837 15 7 19 0x7f1e077fff28 0x7f880760e160 1 -1 8 492 26
get: 1496270098.059978 15 7 19 0x7f1e077fff30 0x7f880760e158 1 -1 8 492 26
get: 1496270098.060119 15 7 19 0x7f1e07800380 0x7f8810438068 1 -1 16 1354 53
get: 1496270098.060255 15 7 19 0x7f1e07800340 0x7f881043d0e0 1 -1 16 1354 53
get: 1496270098.060399 15 7 19 0x7f1e07800350 0x7f8810438020 1 -1 16 1354 53
get: 1496270098.060544 15 7 19 0x7f1e077fff28 0x7f880760e160 1 -1 8 492 26
get: 1496270098.060682 15 7 19 0x7f1e077fff30 0x7f880760e158 1 -1 8 492 26
get: 1496270098.060821 15 7 19 0x7f1e07800380 0x7f8810438068 1 -1 16 1354 53
get: 1496270098.060961 15 7 19 0x7f1e07800340 0x7f881043d0f0 1 -1 16 1354 53
task: 1496270098.061124 15 20 19 L 215 28 24
task: 1496270098.061152 15 21 19 L 218 28 31
Btask: 1496270098.061280 15 20
Etask: 1496270098.061299 15 20
Btask: 1496270098.062550 15 21
Etask: 1496270098.062582 15 21
Etask: 1496270098.062634 15 19
task: 1496270098.063532 15 22 4 O 0 -5 129
Btask: 1496270098.063613 15 22
get: 1496270098.063627 15 0 22 0x7f1e08003930 0x7f559201d568 1 -1 16 1002 53
get: 1496270098.063696 15 0 22 0x7f1e08003650 0x7f55921114c0 1 -1 16 753 53
get: 1496270098.063878 15 0 22 0x7f1e08003670 0x7f5592111520 1 -1 16 753 53
get: 1496270098.063990 15 0 22 0x7f1e08003528 0x7f55921104e0 1 -1 8 492 26
get: 1496270098.064121 15 0 22 0x7f1e08003530 0x7f55921104d8 1 -1 8 492 26
get: 1496270098.064181 15 0 22 0x7f1e080036a0 0x7f5592111568 1 -1 16 753 53
get: 1496270098.064305 15 0 22 0x7f1e08003660 0x7f55920515f0 1 -1 16 753 53
get: 1496270098.064445 15 0 22 0x7f1e08003970 0x7f559201d580 1 -1 16 1003 53
get: 1496270098.064641 15 0 22 0x7f1e08003980 0x7f5592111660 1 -1 16 1003 53
get: 1496270098.064783 15 0 22 0x7f1e08003768 0x7f55921104e0 1 -1 8 492 26
get: 1496270098.064934 15 0 22 0x7f1e08003770 0x7f55921104d8 1 -1 8 492 26
get: 1496270098.065097 15 0 22 0x7f1e080039b0 0x7f55921116a8 1 -1 16 1003 53
put: 1496270098.065269 15 0 22 0x7f1e08003a50 0x7f55920517f0 1 -1 16 1003 53
f_executeOn: 1496270098.065366 15 0 -2 18 0x7f1e08003e70 112 22
Etask: 1496270098.065478 15 22
task: 1496270098.097740 15 23 4 O 0 -5 28
Btask: 1496270098.097830 15 23
get: 1496270098.097919 15 7 23 0x7f1e02800330 0x7f8807c11040 1 -1 16 1354 53
get: 1496270098.098116 15 7 23 0x7f1e02800350 0x7f8807c18020 1 -1 16 1354 53
get: 1496270098.098289 15 7 23 0x7f1e027fff28 0x7f880760e160 1 -1 8 492 26
get: 1496270098.098428 15 7 23 0x7f1e027fff30 0x7f880760e158 1 -1 8 492 26
get: 1496270098.098550 15 7 23 0x7f1e02800380 0x7f8807c18068 1 -1 16 1354 53
get: 1496270098.098665 15 7 23 0x7f1e02800340 0x7f8807c1d000 1 -1 16 1354 53
get: 1496270098.098789 15 7 23 0x7f1e02800350 0x7f8807c18020 1 -1 16 1354 53
get: 1496270098.098900 15 7 23 0x7f1e027fff28 0x7f880760e160 1 -1 8 492 26
get: 1496270098.098978 15 7 23 0x7f1e027fff30 0x7f880760e158 1 -1 8 492 26
get: 1496270098.099096 15 7 23 0x7f1e02800380 0x7f8807c18068 1 -1 16 1354 53
get: 1496270098.099212 15 7 23 0x7f1e02800340 0x7f8807c1d010 1 -1 16 1354 53
get: 1496270098.099332 15 7 23 0x7f1e02800350 0x7f8807c18020 1 -1 16 1354 53
get: 1496270098.099452 15 7 23 0x7f1e027fff28 0x7f880760e160 1 -1 8 492 26
get: 1496270098.099571 15 7 23 0x7f1e027fff30 0x7f880760e158 1 -1 8 492 26
get: 1496270098.099689 15 7 23 0x7f1e02800380 0x7f8807c18068 1 -1 16 1354 53
get: 1496270098.099810 15 7 23 0x7f1e02800340 0x7f8807c1d020 1 -1 16 1354 53
get: 1496270098.099892 15 7 23 0x7f1e02800350 0x7f8807c18020 1 -1 16 1354 53
get: 1496270098.100007 15 7 23 0x7f1e027fff28 0x7f880760e160 1 -1 8 492 26
get: 1496270098.100123 15 7 23 0x7f1e027fff30 0x7f880760e158 1 -1 8 492 26
get: 1496270098.100240 15 7 23 0x7f1e02800380 0x7f8807c18068 1 -1 16 1354 53
get: 1496270098.100425 15 7 23 0x7f1e02800340 0x7f8807c1d030 1 -1 16 1354 53
get: 1496270098.100549 15 7 23 0x7f1e02800350 0x7f8807c18020 1 -1 16 1354 53
get: 1496270098.100669 15 7 23 0x7f1e027fff28 0x7f880760e160 1 -1 8 492 26
get: 1496270098.100785 15 7 23 0x7f1e027fff30 0x7f880760e158 1 -1 8 492 26
get: 1496270098.100867 15 7 23 0x7f1e02800380 0x7f8807c18068 1 -1 16 1354 53
get: 1496270098.100985 15 7 23 0x7f1e02800340 0x7f8807c1d040 1 -1 16 1354 53
get: 1496270098.101105 15 7 23 0x7f1e02800350 0x7f8807c18020 1 -1 16 1354 53
get: 1496270098.101246 15 7 23 0x7f1e027fff28 0x7f880760e160 1 -1 8 492 26
get: 1496270098.101373 15 7 23 0x7f1e027fff30 0x7f880760e158 1 -1 8 492 26
get: 1496270098.101482 15 7 23 0x7f1e02800380 0x7f8807c18068 1 -1 16 1354 53
get: 1496270098.101599 15 7 23 0x7f1e02800340 0x7f8807c1d050 1 -1 16 1354 53
get: 1496270098.101717 15 7 23 0x7f1e02800350 0x7f8807c18020 1 -1 16 1354 53
get: 1496270098.101798 15 7 23 0x7f1e027fff28 0x7f880760e160 1 -1 8 492 26
get: 1496270098.101914 15 7 23 0x7f1e027fff30 0x7f880760e158 1 -1 8 492 26
get: 1496270098.102038 15 7 23 0x7f1e02800380 0x7f8807c18068 1 -1 16 1354 53
get: 1496270098.102163 15 7 23 0x7f1e02800340 0x7f8807c1d060 1 -1 16 1354 53
get: 1496270098.102293 15 7 23 0x7f1e02800350 0x7f8807c18020 1 -1 16 1354 53
get: 1496270098.102388 15 7 23 0x7f1e027fff28 0x7f880760e160 1 -1 8 492 26
get: 1496270098.102522 15 7 23 0x7f1e027fff30 0x7f880760e158 1 -1 8 492 26
get: 1496270098.102678 15 7 23 0x7f1e02800380 0x7f8807c18068 1 -1 16 1354 53
get: 1496270098.102807 15 7 23 0x7f1e02800340 0x7f8807c1d070 1 -1 16 1354 53
get: 1496270098.102905 15 7 23 0x7f1e02800350 0x7f8807c18020 1 -1 16 1354 53
get: 1496270098.102995 15 7 23 0x7f1e027fff28 0x7f880760e160 1 -1 8 492 26
get: 1496270098.103113 15 7 23 0x7f1e027fff30 0x7f880760e158 1 -1 8 492 26
get: 1496270098.103250 15 7 23 0x7f1e02800380 0x7f8807c18068 1 -1 16 1354 53
get: 1496270098.103376 15 7 23 0x7f1e02800340 0x7f8807c1d080 1 -1 16 1354 53
get: 1496270098.103502 15 7 23 0x7f1e02800350 0x7f8807c18020 1 -1 16 1354 53
get: 1496270098.103599 15 7 23 0x7f1e027fff28 0x7f880760e160 1 -1 8 492 26
get: 1496270098.103688 15 7 23 0x7f1e027fff30 0x7f880760e158 1 -1 8 492 26
get: 1496270098.103805 15 7 23 0x7f1e02800380 0x7f8807c18068 1 -1 16 1354 53
get: 1496270098.103939 15 7 23 0x7f1e02800340 0x7f8807c1d090 1 -1 16 1354 53
get: 1496270098.104070 15 7 23 0x7f1e02800350 0x7f8807c18020 1 -1 16 1354 53
get: 1496270098.104196 15 7 23 0x7f1e027fff28 0x7f880760e160 1 -1 8 492 26
get: 1496270098.104313 15 7 23 0x7f1e027fff30 0x7f880760e158 1 -1 8 492 26
get: 1496270098.104437 15 7 23 0x7f1e02800380 0x7f8807c18068 1 -1 16 1354 53
get: 1496270098.104555 15 7 23 0x7f1e02800340 0x7f8807c1d0a0 1 -1 16 1354 53
get: 1496270098.104657 15 7 23 0x7f1e02800350 0x7f8807c18020 1 -1 16 1354 53
get: 1496270098.104780 15 7 23 0x7f1e027fff28 0x7f880760e160 1 -1 8 492 26
get: 1496270098.104905 15 7 23 0x7f1e027fff30 0x7f880760e158 1 -1 8 492 26
get: 1496270098.105001 15 7 23 0x7f1e02800380 0x7f8807c18068 1 -1 16 1354 53
get: 1496270098.105092 15 7 23 0x7f1e02800340 0x7f8807c1d0b0 1 -1 16 1354 53
get: 1496270098.105212 15 7 23 0x7f1e02800350 0x7f8807c18020 1 -1 16 1354 53
get: 1496270098.105336 15 7 23 0x7f1e027fff28 0x7f880760e160 1 -1 8 492 26
get: 1496270098.105452 15 7 23 0x7f1e027fff30 0x7f880760e158 1 -1 8 492 26
get: 1496270098.105554 15 7 23 0x7f1e02800380 0x7f8807c18068 1 -1 16 1354 53
get: 1496270098.105680 15 7 23 0x7f1e02800340 0x7f8807c1d0c0 1 -1 16 1354 53
get: 1496270098.105809 15 7 23 0x7f1e02800350 0x7f8807c18020 1 -1 16 1354 53
get: 1496270098.105904 15 7 23 0x7f1e027fff28 0x7f880760e160 1 -1 8 492 26
get: 1496270098.105995 15 7 23 0x7f1e027fff30 0x7f880760e158 1 -1 8 492 26
get: 1496270098.106092 15 7 23 0x7f1e02800380 0x7f8807c18068 1 -1 16 1354 53
get: 1496270098.106179 15 7 23 0x7f1e02800340 0x7f8807c1d0d0 1 -1 16 1354 53
get: 1496270098.106304 15 7 23 0x7f1e02800350 0x7f8807c18020 1 -1 16 1354 53
get: 1496270098.106427 15 7 23 0x7f1e027fff28 0x7f880760e160 1 -1 8 492 26
get: 1496270098.106552 15 7 23 0x7f1e027fff30 0x7f880760e158 1 -1 8 492 26
get: 1496270098.106672 15 7 23 0x7f1e02800380 0x7f8807c18068 1 -1 16 1354 53
get: 1496270098.106787 15 7 23 0x7f1e02800340 0x7f8807c1d0e0 1 -1 16 1354 53
get: 1496270098.106908 15 7 23 0x7f1e02800350 0x7f8807c18020 1 -1 16 1354 53
get: 1496270098.107024 15 7 23 0x7f1e027fff28 0x7f880760e160 1 -1 8 492 26
get: 1496270098.107142 15 7 23 0x7f1e027fff30 0x7f880760e158 1 -1 8 492 26
get: 1496270098.107261 15 7 23 0x7f1e02800380 0x7f8807c18068 1 -1 16 1354 53
get: 1496270098.107343 15 7 23 0x7f1e02800340 0x7f8807c1d0f0 1 -1 16 1354 53
task: 1496270098.107473 15 24 23 L 215 28 24
task: 1496270098.107486 15 25 23 L 218 28 31
Btask: 1496270098.107521 15 25
Etask: 1496270098.107532 15 25
Btask: 1496270098.110467 15 24
Etask: 1496270098.110504 15 24
Etask: 1496270098.110570 15 23
task: 1496270098.111577 15 26 4 O 0 -5 129
Btask: 1496270098.111669 15 26
get: 1496270098.111699 15 0 26 0x7f1dfd800930 0x7f559201d5d8 1 -1 16 1002 53
get: 1496270098.111907 15 0 26 0x7f1dfd800650 0x7f55921114c0 1 -1 16 753 53
get: 1496270098.112044 15 0 26 0x7f1dfd800670 0x7f5592111520 1 -1 16 753 53
get: 1496270098.112172 15 0 26 0x7f1dfd800528 0x7f55921104e0 1 -1 8 492 26
get: 1496270098.112322 15 0 26 0x7f1dfd800530 0x7f55921104d8 1 -1 8 492 26
get: 1496270098.112423 15 0 26 0x7f1dfd8006a0 0x7f5592111568 1 -1 16 753 53
get: 1496270098.112589 15 0 26 0x7f1dfd800660 0x7f55920515f0 1 -1 16 753 53
get: 1496270098.112776 15 0 26 0x7f1dfd800970 0x7f559201d5f0 1 -1 16 1003 53
get: 1496270098.112924 15 0 26 0x7f1dfd800980 0x7f5592111700 1 -1 16 1003 53
get: 1496270098.113052 15 0 26 0x7f1dfd800768 0x7f55921104e0 1 -1 8 492 26
get: 1496270098.113198 15 0 26 0x7f1dfd800770 0x7f55921104d8 1 -1 8 492 26
get: 1496270098.113334 15 0 26 0x7f1dfd8009b0 0x7f5592111748 1 -1 16 1003 53
put: 1496270098.113536 15 0 26 0x7f1dfd800a50 0x7f55920518f0 1 -1 16 1003 53
f_executeOn: 1496270098.113683 15 0 -2 18 0x7f1dfd800e70 112 26
Etask: 1496270098.113826 15 26
task: 1496270098.152337 15 27 4 O 0 -5 28
Btask: 1496270098.154532 15 27
get: 1496270098.154613 15 7 27 0x7f1df8800330 0x7f8807813040 1 -1 16 1354 53
get: 1496270098.158735 15 7 27 0x7f1df8800350 0x7f880781a020 1 -1 16 1354 53
get: 1496270098.158928 15 7 27 0x7f1df87fff28 0x7f880760e160 1 -1 8 492 26
get: 1496270098.159047 15 7 27 0x7f1df87fff30 0x7f880760e158 1 -1 8 492 26
get: 1496270098.159176 15 7 27 0x7f1df8800380 0x7f880781a068 1 -1 16 1354 53
get: 1496270098.159242 15 7 27 0x7f1df8800340 0x7f880781f000 1 -1 16 1354 53
get: 1496270098.159454 15 7 27 0x7f1df8800350 0x7f880781a020 1 -1 16 1354 53
get: 1496270098.159579 15 7 27 0x7f1df87fff28 0x7f880760e160 1 -1 8 492 26
get: 1496270098.159698 15 7 27 0x7f1df87fff30 0x7f880760e158 1 -1 8 492 26
get: 1496270098.159818 15 7 27 0x7f1df8800380 0x7f880781a068 1 -1 16 1354 53
get: 1496270098.159944 15 7 27 0x7f1df8800340 0x7f880781f010 1 -1 16 1354 53
get: 1496270098.160059 15 7 27 0x7f1df8800350 0x7f880781a020 1 -1 16 1354 53
get: 1496270098.160206 15 7 27 0x7f1df87fff28 0x7f880760e160 1 -1 8 492 26
get: 1496270098.160338 15 7 27 0x7f1df87fff30 0x7f880760e158 1 -1 8 492 26
get: 1496270098.160462 15 7 27 0x7f1df8800380 0x7f880781a068 1 -1 16 1354 53
get: 1496270098.160584 15 7 27 0x7f1df8800340 0x7f880781f020 1 -1 16 1354 53
get: 1496270098.160718 15 7 27 0x7f1df8800350 0x7f880781a020 1 -1 16 1354 53
get: 1496270098.166431 15 7 27 0x7f1df87fff28 0x7f880760e160 1 -1 8 492 26
get: 1496270098.166646 15 7 27 0x7f1df87fff30 0x7f880760e158 1 -1 8 492 26
get: 1496270098.166779 15 7 27 0x7f1df8800380 0x7f880781a068 1 -1 16 1354 53
get: 1496270098.170458 15 7 27 0x7f1df8800340 0x7f880781f030 1 -1 16 1354 53
get: 1496270098.170638 15 7 27 0x7f1df8800350 0x7f880781a020 1 -1 16 1354 53
get: 1496270098.170765 15 7 27 0x7f1df87fff28 0x7f880760e160 1 -1 8 492 26
get: 1496270098.170884 15 7 27 0x7f1df87fff30 0x7f880760e158 1 -1 8 492 26
get: 1496270098.171013 15 7 27 0x7f1df8800380 0x7f880781a068 1 -1 16 1354 53
get: 1496270098.171105 15 7 27 0x7f1df8800340 0x7f880781f040 1 -1 16 1354 53
get: 1496270098.171198 15 7 27 0x7f1df8800350 0x7f880781a020 1 -1 16 1354 53
get: 1496270098.171290 15 7 27 0x7f1df87fff28 0x7f880760e160 1 -1 8 492 26
get: 1496270098.171429 15 7 27 0x7f1df87fff30 0x7f880760e158 1 -1 8 492 26
get: 1496270098.171558 15 7 27 0x7f1df8800380 0x7f880781a068 1 -1 16 1354 53
get: 1496270098.171685 15 7 27 0x7f1df8800340 0x7f880781f050 1 -1 16 1354 53
get: 1496270098.171806 15 7 27 0x7f1df8800350 0x7f880781a020 1 -1 16 1354 53
get: 1496270098.171930 15 7 27 0x7f1df87fff28 0x7f880760e160 1 -1 8 492 26
get: 1496270098.172049 15 7 27 0x7f1df87fff30 0x7f880760e158 1 -1 8 492 26
get: 1496270098.172176 15 7 27 0x7f1df8800380 0x7f880781a068 1 -1 16 1354 53
get: 1496270098.172283 15 7 27 0x7f1df8800340 0x7f880781f060 1 -1 16 1354 53
get: 1496270098.172408 15 7 27 0x7f1df8800350 0x7f880781a020 1 -1 16 1354 53
get: 1496270098.172487 15 7 27 0x7f1df87fff28 0x7f880760e160 1 -1 8 492 26
get: 1496270098.172617 15 7 27 0x7f1df87fff30 0x7f880760e158 1 -1 8 492 26
get: 1496270098.172714 15 7 27 0x7f1df8800380 0x7f880781a068 1 -1 16 1354 53
get: 1496270098.172848 15 7 27 0x7f1df8800340 0x7f880781f070 1 -1 16 1354 53
get: 1496270098.172956 15 7 27 0x7f1df8800350 0x7f880781a020 1 -1 16 1354 53
get: 1496270098.173090 15 7 27 0x7f1df87fff28 0x7f880760e160 1 -1 8 492 26
get: 1496270098.173190 15 7 27 0x7f1df87fff30 0x7f880760e158 1 -1 8 492 26
get: 1496270098.173321 15 7 27 0x7f1df8800380 0x7f880781a068 1 -1 16 1354 53
get: 1496270098.173420 15 7 27 0x7f1df8800340 0x7f880781f080 1 -1 16 1354 53
get: 1496270098.173571 15 7 27 0x7f1df8800350 0x7f880781a020 1 -1 16 1354 53
get: 1496270098.173707 15 7 27 0x7f1df87fff28 0x7f880760e160 1 -1 8 492 26
get: 1496270098.173839 15 7 27 0x7f1df87fff30 0x7f880760e158 1 -1 8 492 26
get: 1496270098.173936 15 7 27 0x7f1df8800380 0x7f880781a068 1 -1 16 1354 53
get: 1496270098.178446 15 7 27 0x7f1df8800340 0x7f880781f090 1 -1 16 1354 53
get: 1496270098.178635 15 7 27 0x7f1df8800350 0x7f880781a020 1 -1 16 1354 53
get: 1496270098.178772 15 7 27 0x7f1df87fff28 0x7f880760e160 1 -1 8 492 26
get: 1496270098.178864 15 7 27 0x7f1df87fff30 0x7f880760e158 1 -1 8 492 26
get: 1496270098.178959 15 7 27 0x7f1df8800380 0x7f880781a068 1 -1 16 1354 53
get: 1496270098.179173 15 7 27 0x7f1df8800340 0x7f880781f0a0 1 -1 16 1354 53
get: 1496270098.179381 15 7 27 0x7f1df8800350 0x7f880781a020 1 -1 16 1354 53
get: 1496270098.179570 15 7 27 0x7f1df87fff28 0x7f880760e160 1 -1 8 492 26
get: 1496270098.182450 15 7 27 0x7f1df87fff30 0x7f880760e158 1 -1 8 492 26
get: 1496270098.182704 15 7 27 0x7f1df8800380 0x7f880781a068 1 -1 16 1354 53
get: 1496270098.182918 15 7 27 0x7f1df8800340 0x7f880781f0b0 1 -1 16 1354 53
get: 1496270098.183113 15 7 27 0x7f1df8800350 0x7f880781a020 1 -1 16 1354 53
get: 1496270098.183243 15 7 27 0x7f1df87fff28 0x7f880760e160 1 -1 8 492 26
get: 1496270098.183446 15 7 27 0x7f1df87fff30 0x7f880760e158 1 -1 8 492 26
get: 1496270098.186434 15 7 27 0x7f1df8800380 0x7f880781a068 1 -1 16 1354 53
get: 1496270098.186709 15 7 27 0x7f1df8800340 0x7f880781f0c0 1 -1 16 1354 53
get: 1496270098.186932 15 7 27 0x7f1df8800350 0x7f880781a020 1 -1 16 1354 53
get: 1496270098.187135 15 7 27 0x7f1df87fff28 0x7f880760e160 1 -1 8 492 26
get: 1496270098.187343 15 7 27 0x7f1df87fff30 0x7f880760e158 1 -1 8 492 26
get: 1496270098.187433 15 7 27 0x7f1df8800380 0x7f880781a068 1 -1 16 1354 53
get: 1496270098.187559 15 7 27 0x7f1df8800340 0x7f880781f0d0 1 -1 16 1354 53
get: 1496270098.187678 15 7 27 0x7f1df8800350 0x7f880781a020 1 -1 16 1354 53
get: 1496270098.187806 15 7 27 0x7f1df87fff28 0x7f880760e160 1 -1 8 492 26
get: 1496270098.187921 15 7 27 0x7f1df87fff30 0x7f880760e158 1 -1 8 492 26
get: 1496270098.188047 15 7 27 0x7f1df8800380 0x7f880781a068 1 -1 16 1354 53
get: 1496270098.188161 15 7 27 0x7f1df8800340 0x7f880781f0e0 1 -1 16 1354 53
get: 1496270098.188292 15 7 27 0x7f1df8800350 0x7f880781a020 1 -1 16 1354 53
get: 1496270098.188404 15 7 27 0x7f1df87fff28 0x7f880760e160 1 -1 8 492 26
get: 1496270098.188533 15 7 27 0x7f1df87fff30 0x7f880760e158 1 -1 8 492 26
get: 1496270098.188625 15 7 27 0x7f1df8800380 0x7f880781a068 1 -1 16 1354 53
get: 1496270098.188716 15 7 27 0x7f1df8800340 0x7f880781f0f0 1 -1 16 1354 53
task: 1496270098.188838 15 28 27 L 215 28 24
task: 1496270098.188854 15 29 27 L 218 28 31
Btask: 1496270098.188912 15 28
Btask: 1496270098.188913 15 29
Etask: 1496270098.188928 15 28
Etask: 1496270098.188931 15 29
Etask: 1496270098.188953 15 27
task: 1496270098.189950 15 30 1 O 0 -5 129
Btask: 1496270098.190086 15 30
get: 1496270098.190102 15 0 30 0x7f1df3800930 0x7f559201d648 1 -1 16 1002 53
get: 1496270098.190259 15 0 30 0x7f1df3800650 0x7f55921114c0 1 -1 16 753 53
get: 1496270098.190403 15 0 30 0x7f1df3800670 0x7f5592111520 1 -1 16 753 53
get: 1496270098.190561 15 0 30 0x7f1df3800528 0x7f55921104e0 1 -1 8 492 26
get: 1496270098.190695 15 0 30 0x7f1df3800530 0x7f55921104d8 1 -1 8 492 26
get: 1496270098.190793 15 0 30 0x7f1df38006a0 0x7f5592111568 1 -1 16 753 53
get: 1496270098.190948 15 0 30 0x7f1df3800660 0x7f55920515f0 1 -1 16 753 53
get: 1496270098.191111 15 0 30 0x7f1df3800970 0x7f559201d660 1 -1 16 1003 53
get: 1496270098.191232 15 0 30 0x7f1df3800980 0x7f55921117a0 1 -1 16 1003 53
get: 1496270098.191328 15 0 30 0x7f1df3800768 0x7f55921104e0 1 -1 8 492 26
get: 1496270098.191389 15 0 30 0x7f1df3800770 0x7f55921104d8 1 -1 8 492 26
get: 1496270098.191516 15 0 30 0x7f1df38009b0 0x7f55921117e8 1 -1 16 1003 53
put: 1496270098.191644 15 0 30 0x7f1df3800a50 0x7f55920519f0 1 -1 16 1003 53
f_executeOn: 1496270098.191742 15 0 -2 18 0x7f1df3800e70 112 30
Etask: 1496270098.191903 15 30
task: 1496270098.236085 15 31 1 O 0 -5 28
Btask: 1496270098.236280 15 31
get: 1496270098.236362 15 7 31 0x7f1dee800330 0x7f8807413040 1 -1 16 1354 53
get: 1496270098.236543 15 7 31 0x7f1dee800350 0x7f880741a020 1 -1 16 1354 53
get: 1496270098.236775 15 7 31 0x7f1dee7fff28 0x7f880760e160 1 -1 8 492 26
get: 1496270098.237003 15 7 31 0x7f1dee7fff30 0x7f880760e158 1 -1 8 492 26
get: 1496270098.237264 15 7 31 0x7f1dee800380 0x7f880741a068 1 -1 16 1354 53
get: 1496270098.237495 15 7 31 0x7f1dee800340 0x7f880741f000 1 -1 16 1354 53
get: 1496270098.237750 15 7 31 0x7f1dee800350 0x7f880741a020 1 -1 16 1354 53
get: 1496270098.238016 15 7 31 0x7f1dee7fff28 0x7f880760e160 1 -1 8 492 26
get: 1496270098.238252 15 7 31 0x7f1dee7fff30 0x7f880760e158 1 -1 8 492 26
get: 1496270098.238483 15 7 31 0x7f1dee800380 0x7f880741a068 1 -1 16 1354 53
get: 1496270098.238704 15 7 31 0x7f1dee800340 0x7f880741f010 1 -1 16 1354 53
get: 1496270098.238855 15 7 31 0x7f1dee800350 0x7f880741a020 1 -1 16 1354 53
get: 1496270098.238994 15 7 31 0x7f1dee7fff28 0x7f880760e160 1 -1 8 492 26
get: 1496270098.239125 15 7 31 0x7f1dee7fff30 0x7f880760e158 1 -1 8 492 26
get: 1496270098.239265 15 7 31 0x7f1dee800380 0x7f880741a068 1 -1 16 1354 53
get: 1496270098.239422 15 7 31 0x7f1dee800340 0x7f880741f020 1 -1 16 1354 53
get: 1496270098.239562 15 7 31 0x7f1dee800350 0x7f880741a020 1 -1 16 1354 53
get: 1496270098.242476 15 7 31 0x7f1dee7fff28 0x7f880760e160 1 -1 8 492 26
get: 1496270098.242711 15 7 31 0x7f1dee7fff30 0x7f880760e158 1 -1 8 492 26
get: 1496270098.242862 15 7 31 0x7f1dee800380 0x7f880741a068 1 -1 16 1354 53
get: 1496270098.242991 15 7 31 0x7f1dee800340 0x7f880741f030 1 -1 16 1354 53
get: 1496270098.243126 15 7 31 0x7f1dee800350 0x7f880741a020 1 -1 16 1354 53
get: 1496270098.243259 15 7 31 0x7f1dee7fff28 0x7f880760e160 1 -1 8 492 26
get: 1496270098.243359 15 7 31 0x7f1dee7fff30 0x7f880760e158 1 -1 8 492 26
get: 1496270098.243491 15 7 31 0x7f1dee800380 0x7f880741a068 1 -1 16 1354 53
get: 1496270098.243591 15 7 31 0x7f1dee800340 0x7f880741f040 1 -1 16 1354 53
get: 1496270098.243683 15 7 31 0x7f1dee800350 0x7f880741a020 1 -1 16 1354 53
get: 1496270098.243810 15 7 31 0x7f1dee7fff28 0x7f880760e160 1 -1 8 492 26
get: 1496270098.244008 15 7 31 0x7f1dee7fff30 0x7f880760e158 1 -1 8 492 26
get: 1496270098.244222 15 7 31 0x7f1dee800380 0x7f880741a068 1 -1 16 1354 53
get: 1496270098.244426 15 7 31 0x7f1dee800340 0x7f880741f050 1 -1 16 1354 53
get: 1496270098.244639 15 7 31 0x7f1dee800350 0x7f880741a020 1 -1 16 1354 53
get: 1496270098.244803 15 7 31 0x7f1dee7fff28 0x7f880760e160 1 -1 8 492 26
get: 1496270098.244958 15 7 31 0x7f1dee7fff30 0x7f880760e158 1 -1 8 492 26
get: 1496270098.245111 15 7 31 0x7f1dee800380 0x7f880741a068 1 -1 16 1354 53
get: 1496270098.245269 15 7 31 0x7f1dee800340 0x7f880741f060 1 -1 16 1354 53
get: 1496270098.245420 15 7 31 0x7f1dee800350 0x7f880741a020 1 -1 16 1354 53
get: 1496270098.245560 15 7 31 0x7f1dee7fff28 0x7f880760e160 1 -1 8 492 26
get: 1496270098.245701 15 7 31 0x7f1dee7fff30 0x7f880760e158 1 -1 8 492 26
get: 1496270098.245850 15 7 31 0x7f1dee800380 0x7f880741a068 1 -1 16 1354 53
get: 1496270098.245996 15 7 31 0x7f1dee800340 0x7f880741f070 1 -1 16 1354 53
get: 1496270098.246143 15 7 31 0x7f1dee800350 0x7f880741a020 1 -1 16 1354 53
get: 1496270098.246306 15 7 31 0x7f1dee7fff28 0x7f880760e160 1 -1 8 492 26
get: 1496270098.246448 15 7 31 0x7f1dee7fff30 0x7f880760e158 1 -1 8 492 26
get: 1496270098.246611 15 7 31 0x7f1dee800380 0x7f880741a068 1 -1 16 1354 53
get: 1496270098.246779 15 7 31 0x7f1dee800340 0x7f880741f080 1 -1 16 1354 53
get: 1496270098.246942 15 7 31 0x7f1dee800350 0x7f880741a020 1 -1 16 1354 53
get: 1496270098.247095 15 7 31 0x7f1dee7fff28 0x7f880760e160 1 -1 8 492 26
get: 1496270098.247250 15 7 31 0x7f1dee7fff30 0x7f880760e158 1 -1 8 492 26
get: 1496270098.247401 15 7 31 0x7f1dee800380 0x7f880741a068 1 -1 16 1354 53
get: 1496270098.247555 15 7 31 0x7f1dee800340 0x7f880741f090 1 -1 16 1354 53
get: 1496270098.247757 15 7 31 0x7f1dee800350 0x7f880741a020 1 -1 16 1354 53
get: 1496270098.247920 15 7 31 0x7f1dee7fff28 0x7f880760e160 1 -1 8 492 26
get: 1496270098.248105 15 7 31 0x7f1dee7fff30 0x7f880760e158 1 -1 8 492 26
get: 1496270098.248261 15 7 31 0x7f1dee800380 0x7f880741a068 1 -1 16 1354 53
get: 1496270098.248416 15 7 31 0x7f1dee800340 0x7f880741f0a0 1 -1 16 1354 53
get: 1496270098.248573 15 7 31 0x7f1dee800350 0x7f880741a020 1 -1 16 1354 53
get: 1496270098.248735 15 7 31 0x7f1dee7fff28 0x7f880760e160 1 -1 8 492 26
get: 1496270098.254430 15 7 31 0x7f1dee7fff30 0x7f880760e158 1 -1 8 492 26
get: 1496270098.262447 15 7 31 0x7f1dee800380 0x7f880741a068 1 -1 16 1354 53
get: 1496270098.262877 15 7 31 0x7f1dee800340 0x7f880741f0b0 1 -1 16 1354 53
get: 1496270098.263024 15 7 31 0x7f1dee800350 0x7f880741a020 1 -1 16 1354 53
get: 1496270098.266456 15 7 31 0x7f1dee7fff28 0x7f880760e160 1 -1 8 492 26
get: 1496270098.266777 15 7 31 0x7f1dee7fff30 0x7f880760e158 1 -1 8 492 26
get: 1496270098.266974 15 7 31 0x7f1dee800380 0x7f880741a068 1 -1 16 1354 53
get: 1496270098.267174 15 7 31 0x7f1dee800340 0x7f880741f0c0 1 -1 16 1354 53
get: 1496270098.267384 15 7 31 0x7f1dee800350 0x7f880741a020 1 -1 16 1354 53
get: 1496270098.267603 15 7 31 0x7f1dee7fff28 0x7f880760e160 1 -1 8 492 26
get: 1496270098.267813 15 7 31 0x7f1dee7fff30 0x7f880760e158 1 -1 8 492 26
get: 1496270098.267913 15 7 31 0x7f1dee800380 0x7f880741a068 1 -1 16 1354 53
get: 1496270098.268002 15 7 31 0x7f1dee800340 0x7f880741f0d0 1 -1 16 1354 53
get: 1496270098.268134 15 7 31 0x7f1dee800350 0x7f880741a020 1 -1 16 1354 53
get: 1496270098.268270 15 7 31 0x7f1dee7fff28 0x7f880760e160 1 -1 8 492 26
get: 1496270098.268411 15 7 31 0x7f1dee7fff30 0x7f880760e158 1 -1 8 492 26
get: 1496270098.268549 15 7 31 0x7f1dee800380 0x7f880741a068 1 -1 16 1354 53
get: 1496270098.268745 15 7 31 0x7f1dee800340 0x7f880741f0e0 1 -1 16 1354 53
get: 1496270098.268969 15 7 31 0x7f1dee800350 0x7f880741a020 1 -1 16 1354 53
get: 1496270098.269176 15 7 31 0x7f1dee7fff28 0x7f880760e160 1 -1 8 492 26
get: 1496270098.269380 15 7 31 0x7f1dee7fff30 0x7f880760e158 1 -1 8 492 26
get: 1496270098.269590 15 7 31 0x7f1dee800380 0x7f880741a068 1 -1 16 1354 53
get: 1496270098.269736 15 7 31 0x7f1dee800340 0x7f880741f0f0 1 -1 16 1354 53
task: 1496270098.269899 15 32 31 L 215 28 24
task: 1496270098.269926 15 33 31 L 218 28 31
Btask: 1496270098.270487 15 32
Btask: 1496270098.270491 15 33
Etask: 1496270098.270525 15 32
Etask: 1496270098.270531 15 33
Etask: 1496270098.270616 15 31
task: 1496270098.448781 15 34 1 O 0 -5 129
Btask: 1496270098.450542 15 34
get: 1496270098.450580 15 0 34 0x7f1de9800930 0x7f559201d6b8 1 -1 16 1002 53
get: 1496270098.450770 15 0 34 0x7f1de9800650 0x7f55921114c0 1 -1 16 753 53
get: 1496270098.450900 15 0 34 0x7f1de9800670 0x7f5592111520 1 -1 16 753 53
get: 1496270098.451029 15 0 34 0x7f1de9800528 0x7f55921104e0 1 -1 8 492 26
get: 1496270098.451149 15 0 34 0x7f1de9800530 0x7f55921104d8 1 -1 8 492 26
get: 1496270098.451197 15 0 34 0x7f1de98006a0 0x7f5592111568 1 -1 16 753 53
get: 1496270098.451350 15 0 34 0x7f1de9800660 0x7f55920515f0 1 -1 16 753 53
get: 1496270098.451467 15 0 34 0x7f1de9800970 0x7f559201d6d0 1 -1 16 1003 53
get: 1496270098.451630 15 0 34 0x7f1de9800980 0x7f5592111840 1 -1 16 1003 53
get: 1496270098.451747 15 0 34 0x7f1de9800768 0x7f55921104e0 1 -1 8 492 26
get: 1496270098.451863 15 0 34 0x7f1de9800770 0x7f55921104d8 1 -1 8 492 26
get: 1496270098.451980 15 0 34 0x7f1de98009b0 0x7f5592111888 1 -1 16 1003 53
put: 1496270098.452129 15 0 34 0x7f1de9800a50 0x7f5592051af0 1 -1 16 1003 53
f_executeOn: 1496270098.452255 15 0 -2 18 0x7f1de9800e70 112 34
Etask: 1496270098.452375 15 34
task: 1496270098.469682 15 35 4 O 0 -5 28
Btask: 1496270098.470532 15 35
get: 1496270098.470591 15 7 35 0x7f1de4800330 0x7f8807010040 1 -1 16 1354 53
get: 1496270098.470813 15 7 35 0x7f1de4800350 0x7f8807017020 1 -1 16 1354 53
get: 1496270098.471008 15 7 35 0x7f1de47fff28 0x7f880760e160 1 -1 8 492 26
get: 1496270098.471299 15 7 35 0x7f1de47fff30 0x7f880760e158 1 -1 8 492 26
get: 1496270098.471510 15 7 35 0x7f1de4800380 0x7f8807017068 1 -1 16 1354 53
get: 1496270098.471734 15 7 35 0x7f1de4800340 0x7f880701c000 1 -1 16 1354 53
get: 1496270098.471896 15 7 35 0x7f1de4800350 0x7f8807017020 1 -1 16 1354 53
get: 1496270098.472579 15 7 35 0x7f1de47fff28 0x7f880760e160 1 -1 8 492 26
get: 1496270098.472865 15 7 35 0x7f1de47fff30 0x7f880760e158 1 -1 8 492 26
get: 1496270098.472993 15 7 35 0x7f1de4800380 0x7f8807017068 1 -1 16 1354 53
get: 1496270098.473126 15 7 35 0x7f1de4800340 0x7f880701c010 1 -1 16 1354 53
get: 1496270098.473370 15 7 35 0x7f1de4800350 0x7f8807017020 1 -1 16 1354 53
get: 1496270098.473540 15 7 35 0x7f1de47fff28 0x7f880760e160 1 -1 8 492 26
get: 1496270098.473663 15 7 35 0x7f1de47fff30 0x7f880760e158 1 -1 8 492 26
get: 1496270098.474154 15 7 35 0x7f1de4800380 0x7f8807017068 1 -1 16 1354 53
get: 1496270098.474245 15 7 35 0x7f1de4800340 0x7f880701c020 1 -1 16 1354 53
get: 1496270098.474394 15 7 35 0x7f1de4800350 0x7f8807017020 1 -1 16 1354 53
get: 1496270098.474557 15 7 35 0x7f1de47fff28 0x7f880760e160 1 -1 8 492 26
get: 1496270098.474738 15 7 35 0x7f1de47fff30 0x7f880760e158 1 -1 8 492 26
get: 1496270098.474885 15 7 35 0x7f1de4800380 0x7f8807017068 1 -1 16 1354 53
get: 1496270098.475075 15 7 35 0x7f1de4800340 0x7f880701c030 1 -1 16 1354 53
get: 1496270098.475210 15 7 35 0x7f1de4800350 0x7f8807017020 1 -1 16 1354 53
get: 1496270098.475464 15 7 35 0x7f1de47fff28 0x7f880760e160 1 -1 8 492 26
get: 1496270098.475603 15 7 35 0x7f1de47fff30 0x7f880760e158 1 -1 8 492 26
get: 1496270098.475741 15 7 35 0x7f1de4800380 0x7f8807017068 1 -1 16 1354 53
get: 1496270098.475882 15 7 35 0x7f1de4800340 0x7f880701c040 1 -1 16 1354 53
get: 1496270098.476029 15 7 35 0x7f1de4800350 0x7f8807017020 1 -1 16 1354 53
get: 1496270098.476169 15 7 35 0x7f1de47fff28 0x7f880760e160 1 -1 8 492 26
get: 1496270098.476343 15 7 35 0x7f1de47fff30 0x7f880760e158 1 -1 8 492 26
get: 1496270098.476566 15 7 35 0x7f1de4800380 0x7f8807017068 1 -1 16 1354 53
get: 1496270098.476744 15 7 35 0x7f1de4800340 0x7f880701c050 1 -1 16 1354 53
get: 1496270098.476883 15 7 35 0x7f1de4800350 0x7f8807017020 1 -1 16 1354 53
get: 1496270098.477017 15 7 35 0x7f1de47fff28 0x7f880760e160 1 -1 8 492 26
get: 1496270098.477138 15 7 35 0x7f1de47fff30 0x7f880760e158 1 -1 8 492 26
get: 1496270098.477273 15 7 35 0x7f1de4800380 0x7f8807017068 1 -1 16 1354 53
get: 1496270098.477339 15 7 35 0x7f1de4800340 0x7f880701c060 1 -1 16 1354 53
get: 1496270098.477478 15 7 35 0x7f1de4800350 0x7f8807017020 1 -1 16 1354 53
get: 1496270098.477675 15 7 35 0x7f1de47fff28 0x7f880760e160 1 -1 8 492 26
get: 1496270098.477828 15 7 35 0x7f1de47fff30 0x7f880760e158 1 -1 8 492 26
get: 1496270098.477984 15 7 35 0x7f1de4800380 0x7f8807017068 1 -1 16 1354 53
get: 1496270098.478121 15 7 35 0x7f1de4800340 0x7f880701c070 1 -1 16 1354 53
get: 1496270098.478218 15 7 35 0x7f1de4800350 0x7f8807017020 1 -1 16 1354 53
get: 1496270098.478303 15 7 35 0x7f1de47fff28 0x7f880760e160 1 -1 8 492 26
get: 1496270098.478388 15 7 35 0x7f1de47fff30 0x7f880760e158 1 -1 8 492 26
get: 1496270098.478527 15 7 35 0x7f1de4800380 0x7f8807017068 1 -1 16 1354 53
get: 1496270098.478669 15 7 35 0x7f1de4800340 0x7f880701c080 1 -1 16 1354 53
get: 1496270098.478845 15 7 35 0x7f1de4800350 0x7f8807017020 1 -1 16 1354 53
get: 1496270098.478944 15 7 35 0x7f1de47fff28 0x7f880760e160 1 -1 8 492 26
get: 1496270098.479042 15 7 35 0x7f1de47fff30 0x7f880760e158 1 -1 8 492 26
get: 1496270098.479161 15 7 35 0x7f1de4800380 0x7f8807017068 1 -1 16 1354 53
get: 1496270098.479288 15 7 35 0x7f1de4800340 0x7f880701c090 1 -1 16 1354 53
get: 1496270098.479359 15 7 35 0x7f1de4800350 0x7f8807017020 1 -1 16 1354 53
get: 1496270098.479447 15 7 35 0x7f1de47fff28 0x7f880760e160 1 -1 8 492 26
get: 1496270098.479563 15 7 35 0x7f1de47fff30 0x7f880760e158 1 -1 8 492 26
get: 1496270098.479714 15 7 35 0x7f1de4800380 0x7f8807017068 1 -1 16 1354 53
get: 1496270098.479852 15 7 35 0x7f1de4800340 0x7f880701c0a0 1 -1 16 1354 53
get: 1496270098.479989 15 7 35 0x7f1de4800350 0x7f8807017020 1 -1 16 1354 53
get: 1496270098.480081 15 7 35 0x7f1de47fff28 0x7f880760e160 1 -1 8 492 26
get: 1496270098.480379 15 7 35 0x7f1de47fff30 0x7f880760e158 1 -1 8 492 26
get: 1496270098.480516 15 7 35 0x7f1de4800380 0x7f8807017068 1 -1 16 1354 53
get: 1496270098.480732 15 7 35 0x7f1de4800340 0x7f880701c0b0 1 -1 16 1354 53
get: 1496270098.480881 15 7 35 0x7f1de4800350 0x7f8807017020 1 -1 16 1354 53
get: 1496270098.481013 15 7 35 0x7f1de47fff28 0x7f880760e160 1 -1 8 492 26
get: 1496270098.481133 15 7 35 0x7f1de47fff30 0x7f880760e158 1 -1 8 492 26
get: 1496270098.481265 15 7 35 0x7f1de4800380 0x7f8807017068 1 -1 16 1354 53
get: 1496270098.481465 15 7 35 0x7f1de4800340 0x7f880701c0c0 1 -1 16 1354 53
get: 1496270098.481649 15 7 35 0x7f1de4800350 0x7f8807017020 1 -1 16 1354 53
get: 1496270098.481789 15 7 35 0x7f1de47fff28 0x7f880760e160 1 -1 8 492 26
get: 1496270098.481925 15 7 35 0x7f1de47fff30 0x7f880760e158 1 -1 8 492 26
get: 1496270098.482057 15 7 35 0x7f1de4800380 0x7f8807017068 1 -1 16 1354 53
get: 1496270098.482293 15 7 35 0x7f1de4800340 0x7f880701c0d0 1 -1 16 1354 53
get: 1496270098.486430 15 7 35 0x7f1de4800350 0x7f8807017020 1 -1 16 1354 53
get: 1496270098.486831 15 7 35 0x7f1de47fff28 0x7f880760e160 1 -1 8 492 26
get: 1496270098.487081 15 7 35 0x7f1de47fff30 0x7f880760e158 1 -1 8 492 26
get: 1496270098.487213 15 7 35 0x7f1de4800380 0x7f8807017068 1 -1 16 1354 53
get: 1496270098.487354 15 7 35 0x7f1de4800340 0x7f880701c0e0 1 -1 16 1354 53
get: 1496270098.487497 15 7 35 0x7f1de4800350 0x7f8807017020 1 -1 16 1354 53
get: 1496270098.487872 15 7 35 0x7f1de47fff28 0x7f880760e160 1 -1 8 492 26
get: 1496270098.488050 15 7 35 0x7f1de47fff30 0x7f880760e158 1 -1 8 492 26
get: 1496270098.488177 15 7 35 0x7f1de4800380 0x7f8807017068 1 -1 16 1354 53
get: 1496270098.488346 15 7 35 0x7f1de4800340 0x7f880701c0f0 1 -1 16 1354 53
task: 1496270098.488487 15 36 35 L 215 28 24
task: 1496270098.488501 15 37 35 L 218 28 31
Btask: 1496270098.488544 15 36
Etask: 1496270098.488572 15 36
Btask: 1496270098.490438 15 37
Etask: 1496270098.490451 15 37
Etask: 1496270098.490489 15 35
task: 1496270098.523979 15 38 1 O 0 -5 158
Btask: 1496270098.524146 15 38
VdbMark: 1496270098.524178 15 38
Tag: 1496270098.524201 0.700000 0.524000 15 38 2
Etask: 1496270098.524276 15 38
task: 1496270098.525116 15 39 4 O 0 -5 164
Btask: 1496270098.525250 15 39
f_executeOn: 1496270098.525317 15 0 -2 18 0x7f1dda800e20 112 39
Etask: 1496270098.525477 15 39
task: 1496270098.543819 15 40 4 O 0 -5 158
Btask: 1496270098.546556 15 40
VdbMark: 1496270098.546590 15 40
Tag: 1496270098.546620 0.716000 0.540000 15 40 3
Etask: 1496270098.546695 15 40
task: 1496270098.579984 15 41 1 O 0 -5 158
Btask: 1496270098.580070 15 41
VdbMark: 1496270098.580087 15 41
Tag: 1496270098.580112 0.728000 0.576000 15 41 4
Etask: 1496270098.580164 15 41
task: 1496270098.586026 15 42 4 O 0 -5 160
Btask: 1496270098.586118 15 42
get: 1496270098.586159 15 7 42 0x7f1e08003a80 0x7f881001d020 1 -1 8 31 51
get: 1496270098.586370 15 7 42 0x7f1e08003a90 0x7f881001d028 1 -1 16 31 51
get: 1496270098.586549 15 3 42 0x7f1e080039c0 0x7f987481f020 1 -1 8 31 51
get: 1496270098.586672 15 3 42 0x7f1e080039d0 0x7f987481f028 1 -1 16 31 51
get: 1496270098.586845 15 1 42 0x7f1e08003900 0x7f51dac1d020 1 -1 8 31 51
get: 1496270098.587033 15 1 42 0x7f1e08003910 0x7f51dac1d028 1 -1 16 31 51
task: 1496270098.587600 15 43 42 L 30 51 159
task: 1496270098.587622 15 44 42 L 32 51 161
Btask: 1496270098.587670 15 44
Etask: 1496270098.587681 15 44
Btask: 1496270098.590454 15 43
Etask: 1496270098.590483 15 43
Etask: 1496270098.590587 15 42
task: 1496270098.595973 15 45 4 O 0 -5 158
Btask: 1496270098.598457 15 45
VdbMark: 1496270098.598485 15 45
Tag: 1496270098.598510 0.748000 0.596000 15 45 5
Etask: 1496270098.598625 15 45
task: 1496270098.603950 15 46 4 O 0 -5 158
Btask: 1496270098.606465 15 46
VdbMark: 1496270098.606495 15 46
Tag: 1496270098.606516 0.752000 0.604000 15 46 6
Etask: 1496270098.606571 15 46
task: 1496270098.607783 15 47 4 O 0 -5 166
Btask: 1496270098.610492 15 47
task: 1496270098.610576 15 48 47 L 76 51 165
task: 1496270098.610603 15 49 47 L 78 51 167
task: 1496270098.610617 15 50 47 L 80 51 169
Btask: 1496270098.610667 15 50
Etask: 1496270098.610689 15 50
Btask: 1496270098.614467 15 48
Etask: 1496270098.614508 15 48
Btask: 1496270098.618454 15 49
Etask: 1496270098.618501 15 49
Etask: 1496270098.618560 15 47
task: 1496270098.631814 15 51 4 O 0 -5 158
Btask: 1496270098.634462 15 51
VdbMark: 1496270098.634494 15 51
Tag: 1496270098.634518 0.776000 0.628000 15 51 7
Etask: 1496270098.642480 15 51
task: 1496270098.675886 15 52 4 O 0 -5 158
Btask: 1496270098.675997 15 52
VdbMark: 1496270098.676011 15 52
Tag: 1496270098.676033 0.796000 0.660000 15 52 8
Etask: 1496270098.676077 15 52
task: 1496270098.678454 15 53 1 O 0 -5 171
Btask: 1496270098.682476 15 53
Etask: 1496270098.682625 15 53
task: 1496270098.695817 15 54 1 O 0 -5 158
Btask: 1496270098.695917 15 54
VdbMark: 1496270098.695947 15 54
Tag: 1496270098.695972 0.816000 0.660000 15 54 9
Etask: 1496270098.696047 15 54
task: 1496270098.721567 15 55 4 O 0 -5 158
Btask: 1496270098.722479 15 55
VdbMark: 1496270098.722520 15 55
Pause: 1496270098.722549 0.820000 0.684000 15 55 9
VdbMark: 1496270098.728026 15 56
Tag: 1496270098.728082 0.820000 0.692000 15 56 10
Etask: 1496270098.728133 15 56
task: 1496270098.732798 15 57 4 O 0 -5 172
Btask: 1496270098.734468 15 57
get: 1496270098.734506 15 14 57 0x7f1dd5800e80 0x7f2060003a98 1 -1 8 157 51
get: 1496270098.742446 15 14 57 0x7f1dd5800e88 0x7f2060003a98 1 -1 8 157 51
get: 1496270098.742807 15 14 57 0x7f1dd5800930 0x7f20a443f000 1 -1 8 157 51
get: 1496270098.743053 15 14 57 0x7f1dd5800940 0x7f20a443f008 1 -1 16 157 51
get: 1496270098.743245 15 12 57 0x7f1dd5800870 0x7f30f423f000 1 -1 8 157 51
get: 1496270098.743466 15 12 57 0x7f1dd5800880 0x7f30f423f008 1 -1 16 157 51
get: 1496270098.743643 15 8 57 0x7f1dd58007b0 0x7f71c9a19180 1 -1 8 157 51
get: 1496270098.743879 15 8 57 0x7f1dd58007c0 0x7f71c9a19188 1 -1 16 157 51
Etask: 1496270098.744105 15 57
task: 1496270098.758281 15 58 1 O 0 -5 158
Btask: 1496270098.758463 15 58
VdbMark: 1496270098.758476 15 58
Tag: 1496270098.758497 0.840000 0.716000 15 58 11
Etask: 1496270098.758532 15 58
task: 1496270098.782066 15 59 1 O 0 -5 158
Btask: 1496270098.782451 15 59
VdbMark: 1496270098.782465 15 59
Pause: 1496270098.782487 0.848000 0.740000 15 59 11
VdbMark: 1496270098.790458 15 60
Tag: 1496270098.790506 0.848000 0.748000 15 60 12
Etask: 1496270098.790562 15 60
task: 1496270098.792960 15 61 1 O 0 -5 174
Btask: 1496270098.794447 15 61
get: 1496270098.794470 15 14 61 0x7f1dfd800a90 0x7f209a80f000 1 -1 8 204 51
get: 1496270098.798688 15 14 61 0x7f1dfd800aa0 0x7f209a80f008 1 -1 16 204 51
get: 1496270098.802429 15 12 61 0x7f1dfd8009d0 0x7f30e9e0f000 1 -1 8 204 51
get: 1496270098.802636 15 12 61 0x7f1dfd8009e0 0x7f30e9e0f008 1 -1 16 204 51
get: 1496270098.802762 15 8 61 0x7f1dfd800910 0x7f71be40f000 1 -1 8 204 51
get: 1496270098.802895 15 8 61 0x7f1dfd800920 0x7f71be40f008 1 -1 16 204 51
Etask: 1496270098.803047 15 61
task: 1496270098.807999 15 62 4 O 0 -5 158
Btask: 1496270098.810452 15 62
VdbMark: 1496270098.810478 15 62
End: 1496270098.810500 0.860000 0.760000 15 62
