ChplVdebug: ver 1.2 nodes 16 nid 8 tid 2 seq 56097699490.000 1496270097.725295 0.356000 0.176000 
Etask: 1496270097.726763 8 2
task: 1496270097.731064 8 3 1 O 0 -5 158
Btask: 1496270097.731553 8 3
VdbMark: 1496270097.731972 8 3
task: 1496270097.731986 8 4 3 L 98 52 157
task: 1496270097.731995 8 5 3 L 98 52 157
task: 1496270097.732001 8 6 3 L 98 52 157
Btask: 1496270097.732007 8 4
fork: 1496270097.732482 8 12 -2 158 0x7f7186800dd0 168 4 
Btask: 1496270097.732463 8 5
fork: 1496270097.732535 8 10 -2 158 0x7f7187003dd0 168 5 
Btask: 1496270097.732528 8 6
fork: 1496270097.732960 8 9 -2 158 0x7f7181800dd0 168 6 
Etask: 1496270097.734713 8 6
Etask: 1496270097.736983 8 5
Etask: 1496270097.753336 8 4
Tag: 1496270097.753342 0.432000 0.196000 8 3 0
Etask: 1496270097.753375 8 3
task: 1496270097.756061 8 7 1 O 0 -5 123
Btask: 1496270097.756652 8 7
get: 1496270097.757094 8 0 7 0x7f716a800c50 0x7f5592184348 1 -1 16 451 53
get: 1496270097.757343 8 0 7 0x7f716a800c60 0x7f55921113e0 1 -1 16 451 53
get: 1496270097.757664 8 0 7 0x7f716a800b08 0x7f55921104e0 1 -1 8 492 26
get: 1496270097.757900 8 0 7 0x7f716a800b10 0x7f55921104d8 1 -1 8 492 26
get: 1496270097.758000 8 0 7 0x7f716a800c90 0x7f5592111428 1 -1 16 451 53
put: 1496270097.758185 8 0 7 0x7f716a800cb0 0x7f5592051480 1 -1 16 451 53
f_executeOn: 1496270097.758505 8 0 -2 18 0x7f716a800df0 112 7
Etask: 1496270097.758772 8 7
task: 1496270097.791274 8 8 1 O 0 -5 33
Btask: 1496270097.791837 8 8
get: 1496270097.792441 8 3 8 0x7f71657fff30 0x7f987400f0a8 1 -1 16 1295 53
get: 1496270097.792641 8 3 8 0x7f71657ffe30 0x7f987400f088 1 -1 16 1294 53
get: 1496270097.792798 8 3 8 0x7f71657ffe50 0x7f9874017020 1 -1 16 1294 53
get: 1496270097.792945 8 3 8 0x7f71657ff9a8 0x7f987400e160 1 -1 8 492 26
get: 1496270097.793090 8 3 8 0x7f71657ff9b0 0x7f987400e158 1 -1 8 492 26
get: 1496270097.793250 8 3 8 0x7f71657ffe80 0x7f9874017068 1 -1 16 1294 53
get: 1496270097.793423 8 3 8 0x7f71657ffe40 0x7f9874020000 1 -1 16 1294 53
get: 1496270097.793576 8 3 8 0x7f71657fff50 0x7f98740170c0 1 -1 16 1295 53
get: 1496270097.793666 8 3 8 0x7f71657ff9a8 0x7f987400e160 1 -1 8 492 26
get: 1496270097.793714 8 3 8 0x7f71657ff9b0 0x7f987400e158 1 -1 8 492 26
get: 1496270097.793768 8 3 8 0x7f71657fff80 0x7f9874017108 1 -1 16 1295 53
get: 1496270097.793861 8 3 8 0x7f71657fff40 0x7f9874020100 1 -1 16 1295 53
get: 1496270097.793960 8 3 8 0x7f71657ffe50 0x7f9874017020 1 -1 16 1294 53
get: 1496270097.794053 8 3 8 0x7f71657ff9a8 0x7f987400e160 1 -1 8 492 26
get: 1496270097.794103 8 3 8 0x7f71657ff9b0 0x7f987400e158 1 -1 8 492 26
get: 1496270097.794157 8 3 8 0x7f71657ffe80 0x7f9874017068 1 -1 16 1294 53
get: 1496270097.794223 8 3 8 0x7f71657ffe40 0x7f9874020010 1 -1 16 1294 53
get: 1496270097.794332 8 3 8 0x7f71657fff50 0x7f98740170c0 1 -1 16 1295 53
get: 1496270097.794423 8 3 8 0x7f71657ff9a8 0x7f987400e160 1 -1 8 492 26
get: 1496270097.794592 8 3 8 0x7f71657ff9b0 0x7f987400e158 1 -1 8 492 26
get: 1496270097.794738 8 3 8 0x7f71657fff80 0x7f9874017108 1 -1 16 1295 53
get: 1496270097.794879 8 3 8 0x7f71657fff40 0x7f9874020110 1 -1 16 1295 53
get: 1496270097.794971 8 3 8 0x7f71657ffe50 0x7f9874017020 1 -1 16 1294 53
get: 1496270097.795038 8 3 8 0x7f71657ff9a8 0x7f987400e160 1 -1 8 492 26
get: 1496270097.795125 8 3 8 0x7f71657ff9b0 0x7f987400e158 1 -1 8 492 26
get: 1496270097.795179 8 3 8 0x7f71657ffe80 0x7f9874017068 1 -1 16 1294 53
get: 1496270097.795230 8 3 8 0x7f71657ffe40 0x7f9874020020 1 -1 16 1294 53
get: 1496270097.795281 8 3 8 0x7f71657fff50 0x7f98740170c0 1 -1 16 1295 53
get: 1496270097.795362 8 3 8 0x7f71657ff9a8 0x7f987400e160 1 -1 8 492 26
get: 1496270097.795450 8 3 8 0x7f71657ff9b0 0x7f987400e158 1 -1 8 492 26
get: 1496270097.795499 8 3 8 0x7f71657fff80 0x7f9874017108 1 -1 16 1295 53
get: 1496270097.795549 8 3 8 0x7f71657fff40 0x7f9874020120 1 -1 16 1295 53
get: 1496270097.795597 8 3 8 0x7f71657ffe50 0x7f9874017020 1 -1 16 1294 53
get: 1496270097.795666 8 3 8 0x7f71657ff9a8 0x7f987400e160 1 -1 8 492 26
get: 1496270097.795758 8 3 8 0x7f71657ff9b0 0x7f987400e158 1 -1 8 492 26
get: 1496270097.795810 8 3 8 0x7f71657ffe80 0x7f9874017068 1 -1 16 1294 53
get: 1496270097.795906 8 3 8 0x7f71657ffe40 0x7f9874020030 1 -1 16 1294 53
get: 1496270097.795960 8 3 8 0x7f71657fff50 0x7f98740170c0 1 -1 16 1295 53
get: 1496270097.796009 8 3 8 0x7f71657ff9a8 0x7f987400e160 1 -1 8 492 26
get: 1496270097.796057 8 3 8 0x7f71657ff9b0 0x7f987400e158 1 -1 8 492 26
get: 1496270097.796107 8 3 8 0x7f71657fff80 0x7f9874017108 1 -1 16 1295 53
get: 1496270097.796171 8 3 8 0x7f71657fff40 0x7f9874020130 1 -1 16 1295 53
get: 1496270097.796263 8 3 8 0x7f71657ffe50 0x7f9874017020 1 -1 16 1294 53
get: 1496270097.796332 8 3 8 0x7f71657ff9a8 0x7f987400e160 1 -1 8 492 26
get: 1496270097.796430 8 3 8 0x7f71657ff9b0 0x7f987400e158 1 -1 8 492 26
get: 1496270097.796489 8 3 8 0x7f71657ffe80 0x7f9874017068 1 -1 16 1294 53
get: 1496270097.796586 8 3 8 0x7f71657ffe40 0x7f9874020040 1 -1 16 1294 53
get: 1496270097.796690 8 3 8 0x7f71657fff50 0x7f98740170c0 1 -1 16 1295 53
get: 1496270097.796781 8 3 8 0x7f71657ff9a8 0x7f987400e160 1 -1 8 492 26
get: 1496270097.796901 8 3 8 0x7f71657ff9b0 0x7f987400e158 1 -1 8 492 26
get: 1496270097.796956 8 3 8 0x7f71657fff80 0x7f9874017108 1 -1 16 1295 53
get: 1496270097.797006 8 3 8 0x7f71657fff40 0x7f9874020140 1 -1 16 1295 53
get: 1496270097.797057 8 3 8 0x7f71657ffe50 0x7f9874017020 1 -1 16 1294 53
get: 1496270097.797108 8 3 8 0x7f71657ff9a8 0x7f987400e160 1 -1 8 492 26
get: 1496270097.797173 8 3 8 0x7f71657ff9b0 0x7f987400e158 1 -1 8 492 26
get: 1496270097.797262 8 3 8 0x7f71657ffe80 0x7f9874017068 1 -1 16 1294 53
get: 1496270097.797324 8 3 8 0x7f71657ffe40 0x7f9874020050 1 -1 16 1294 53
get: 1496270097.797518 8 3 8 0x7f71657fff50 0x7f98740170c0 1 -1 16 1295 53
get: 1496270097.797607 8 3 8 0x7f71657ff9a8 0x7f987400e160 1 -1 8 492 26
get: 1496270097.797659 8 3 8 0x7f71657ff9b0 0x7f987400e158 1 -1 8 492 26
get: 1496270097.797738 8 3 8 0x7f71657fff80 0x7f9874017108 1 -1 16 1295 53
get: 1496270097.797855 8 3 8 0x7f71657fff40 0x7f9874020150 1 -1 16 1295 53
get: 1496270097.797943 8 3 8 0x7f71657ffe50 0x7f9874017020 1 -1 16 1294 53
get: 1496270097.797998 8 3 8 0x7f71657ff9a8 0x7f987400e160 1 -1 8 492 26
get: 1496270097.798047 8 3 8 0x7f71657ff9b0 0x7f987400e158 1 -1 8 492 26
get: 1496270097.798129 8 3 8 0x7f71657ffe80 0x7f9874017068 1 -1 16 1294 53
get: 1496270097.798224 8 3 8 0x7f71657ffe40 0x7f9874020060 1 -1 16 1294 53
get: 1496270097.798281 8 3 8 0x7f71657fff50 0x7f98740170c0 1 -1 16 1295 53
get: 1496270097.798346 8 3 8 0x7f71657ff9a8 0x7f987400e160 1 -1 8 492 26
get: 1496270097.798582 8 3 8 0x7f71657ff9b0 0x7f987400e158 1 -1 8 492 26
get: 1496270097.798696 8 3 8 0x7f71657fff80 0x7f9874017108 1 -1 16 1295 53
get: 1496270097.798785 8 3 8 0x7f71657fff40 0x7f9874020160 1 -1 16 1295 53
get: 1496270097.798837 8 3 8 0x7f71657ffe50 0x7f9874017020 1 -1 16 1294 53
get: 1496270097.798892 8 3 8 0x7f71657ff9a8 0x7f987400e160 1 -1 8 492 26
get: 1496270097.798957 8 3 8 0x7f71657ff9b0 0x7f987400e158 1 -1 8 492 26
get: 1496270097.799082 8 3 8 0x7f71657ffe80 0x7f9874017068 1 -1 16 1294 53
get: 1496270097.799138 8 3 8 0x7f71657ffe40 0x7f9874020070 1 -1 16 1294 53
get: 1496270097.799189 8 3 8 0x7f71657fff50 0x7f98740170c0 1 -1 16 1295 53
get: 1496270097.799245 8 3 8 0x7f71657ff9a8 0x7f987400e160 1 -1 8 492 26
get: 1496270097.799295 8 3 8 0x7f71657ff9b0 0x7f987400e158 1 -1 8 492 26
get: 1496270097.799342 8 3 8 0x7f71657fff80 0x7f9874017108 1 -1 16 1295 53
get: 1496270097.799398 8 3 8 0x7f71657fff40 0x7f9874020170 1 -1 16 1295 53
get: 1496270097.799451 8 3 8 0x7f71657ffe50 0x7f9874017020 1 -1 16 1294 53
get: 1496270097.799505 8 3 8 0x7f71657ff9a8 0x7f987400e160 1 -1 8 492 26
get: 1496270097.799552 8 3 8 0x7f71657ff9b0 0x7f987400e158 1 -1 8 492 26
get: 1496270097.799604 8 3 8 0x7f71657ffe80 0x7f9874017068 1 -1 16 1294 53
get: 1496270097.799652 8 3 8 0x7f71657ffe40 0x7f9874020080 1 -1 16 1294 53
get: 1496270097.799705 8 3 8 0x7f71657fff50 0x7f98740170c0 1 -1 16 1295 53
get: 1496270097.799753 8 3 8 0x7f71657ff9a8 0x7f987400e160 1 -1 8 492 26
get: 1496270097.799806 8 3 8 0x7f71657ff9b0 0x7f987400e158 1 -1 8 492 26
get: 1496270097.799856 8 3 8 0x7f71657fff80 0x7f9874017108 1 -1 16 1295 53
get: 1496270097.799954 8 3 8 0x7f71657fff40 0x7f9874020180 1 -1 16 1295 53
get: 1496270097.800055 8 3 8 0x7f71657ffe50 0x7f9874017020 1 -1 16 1294 53
get: 1496270097.800176 8 3 8 0x7f71657ff9a8 0x7f987400e160 1 -1 8 492 26
get: 1496270097.800249 8 3 8 0x7f71657ff9b0 0x7f987400e158 1 -1 8 492 26
get: 1496270097.800368 8 3 8 0x7f71657ffe80 0x7f9874017068 1 -1 16 1294 53
get: 1496270097.800454 8 3 8 0x7f71657ffe40 0x7f9874020090 1 -1 16 1294 53
get: 1496270097.800506 8 3 8 0x7f71657fff50 0x7f98740170c0 1 -1 16 1295 53
get: 1496270097.800573 8 3 8 0x7f71657ff9a8 0x7f987400e160 1 -1 8 492 26
get: 1496270097.800679 8 3 8 0x7f71657ff9b0 0x7f987400e158 1 -1 8 492 26
get: 1496270097.800732 8 3 8 0x7f71657fff80 0x7f9874017108 1 -1 16 1295 53
get: 1496270097.800790 8 3 8 0x7f71657fff40 0x7f9874020190 1 -1 16 1295 53
get: 1496270097.800879 8 3 8 0x7f71657ffe50 0x7f9874017020 1 -1 16 1294 53
get: 1496270097.800981 8 3 8 0x7f71657ff9a8 0x7f987400e160 1 -1 8 492 26
get: 1496270097.801070 8 3 8 0x7f71657ff9b0 0x7f987400e158 1 -1 8 492 26
get: 1496270097.801123 8 3 8 0x7f71657ffe80 0x7f9874017068 1 -1 16 1294 53
get: 1496270097.801182 8 3 8 0x7f71657ffe40 0x7f98740200a0 1 -1 16 1294 53
get: 1496270097.801233 8 3 8 0x7f71657fff50 0x7f98740170c0 1 -1 16 1295 53
get: 1496270097.801288 8 3 8 0x7f71657ff9a8 0x7f987400e160 1 -1 8 492 26
get: 1496270097.801339 8 3 8 0x7f71657ff9b0 0x7f987400e158 1 -1 8 492 26
get: 1496270097.801440 8 3 8 0x7f71657fff80 0x7f9874017108 1 -1 16 1295 53
get: 1496270097.801518 8 3 8 0x7f71657fff40 0x7f98740201a0 1 -1 16 1295 53
get: 1496270097.801608 8 3 8 0x7f71657ffe50 0x7f9874017020 1 -1 16 1294 53
get: 1496270097.801701 8 3 8 0x7f71657ff9a8 0x7f987400e160 1 -1 8 492 26
get: 1496270097.801756 8 3 8 0x7f71657ff9b0 0x7f987400e158 1 -1 8 492 26
get: 1496270097.801804 8 3 8 0x7f71657ffe80 0x7f9874017068 1 -1 16 1294 53
get: 1496270097.801854 8 3 8 0x7f71657ffe40 0x7f98740200b0 1 -1 16 1294 53
get: 1496270097.801905 8 3 8 0x7f71657fff50 0x7f98740170c0 1 -1 16 1295 53
get: 1496270097.801982 8 3 8 0x7f71657ff9a8 0x7f987400e160 1 -1 8 492 26
get: 1496270097.802067 8 3 8 0x7f71657ff9b0 0x7f987400e158 1 -1 8 492 26
get: 1496270097.802118 8 3 8 0x7f71657fff80 0x7f9874017108 1 -1 16 1295 53
get: 1496270097.802169 8 3 8 0x7f71657fff40 0x7f98740201b0 1 -1 16 1295 53
get: 1496270097.802223 8 3 8 0x7f71657ffe50 0x7f9874017020 1 -1 16 1294 53
get: 1496270097.802274 8 3 8 0x7f71657ff9a8 0x7f987400e160 1 -1 8 492 26
get: 1496270097.802327 8 3 8 0x7f71657ff9b0 0x7f987400e158 1 -1 8 492 26
get: 1496270097.802386 8 3 8 0x7f71657ffe80 0x7f9874017068 1 -1 16 1294 53
get: 1496270097.802446 8 3 8 0x7f71657ffe40 0x7f98740200c0 1 -1 16 1294 53
get: 1496270097.802493 8 3 8 0x7f71657fff50 0x7f98740170c0 1 -1 16 1295 53
get: 1496270097.802545 8 3 8 0x7f71657ff9a8 0x7f987400e160 1 -1 8 492 26
get: 1496270097.802592 8 3 8 0x7f71657ff9b0 0x7f987400e158 1 -1 8 492 26
get: 1496270097.802642 8 3 8 0x7f71657fff80 0x7f9874017108 1 -1 16 1295 53
get: 1496270097.802732 8 3 8 0x7f71657fff40 0x7f98740201c0 1 -1 16 1295 53
get: 1496270097.802826 8 3 8 0x7f71657ffe50 0x7f9874017020 1 -1 16 1294 53
get: 1496270097.802882 8 3 8 0x7f71657ff9a8 0x7f987400e160 1 -1 8 492 26
get: 1496270097.802933 8 3 8 0x7f71657ff9b0 0x7f987400e158 1 -1 8 492 26
get: 1496270097.803040 8 3 8 0x7f71657ffe80 0x7f9874017068 1 -1 16 1294 53
get: 1496270097.803124 8 3 8 0x7f71657ffe40 0x7f98740200d0 1 -1 16 1294 53
get: 1496270097.803175 8 3 8 0x7f71657fff50 0x7f98740170c0 1 -1 16 1295 53
get: 1496270097.803228 8 3 8 0x7f71657ff9a8 0x7f987400e160 1 -1 8 492 26
get: 1496270097.803277 8 3 8 0x7f71657ff9b0 0x7f987400e158 1 -1 8 492 26
get: 1496270097.803323 8 3 8 0x7f71657fff80 0x7f9874017108 1 -1 16 1295 53
get: 1496270097.803378 8 3 8 0x7f71657fff40 0x7f98740201d0 1 -1 16 1295 53
get: 1496270097.803427 8 3 8 0x7f71657ffe50 0x7f9874017020 1 -1 16 1294 53
get: 1496270097.803480 8 3 8 0x7f71657ff9a8 0x7f987400e160 1 -1 8 492 26
get: 1496270097.803529 8 3 8 0x7f71657ff9b0 0x7f987400e158 1 -1 8 492 26
get: 1496270097.803578 8 3 8 0x7f71657ffe80 0x7f9874017068 1 -1 16 1294 53
get: 1496270097.803625 8 3 8 0x7f71657ffe40 0x7f98740200e0 1 -1 16 1294 53
get: 1496270097.803680 8 3 8 0x7f71657fff50 0x7f98740170c0 1 -1 16 1295 53
get: 1496270097.803778 8 3 8 0x7f71657ff9a8 0x7f987400e160 1 -1 8 492 26
get: 1496270097.803832 8 3 8 0x7f71657ff9b0 0x7f987400e158 1 -1 8 492 26
get: 1496270097.803882 8 3 8 0x7f71657fff80 0x7f9874017108 1 -1 16 1295 53
get: 1496270097.803932 8 3 8 0x7f71657fff40 0x7f98740201e0 1 -1 16 1295 53
get: 1496270097.803981 8 3 8 0x7f71657ffe50 0x7f9874017020 1 -1 16 1294 53
get: 1496270097.804034 8 3 8 0x7f71657ff9a8 0x7f987400e160 1 -1 8 492 26
get: 1496270097.804103 8 3 8 0x7f71657ff9b0 0x7f987400e158 1 -1 8 492 26
get: 1496270097.804187 8 3 8 0x7f71657ffe80 0x7f9874017068 1 -1 16 1294 53
get: 1496270097.804241 8 3 8 0x7f71657ffe40 0x7f98740200f0 1 -1 16 1294 53
get: 1496270097.804338 8 3 8 0x7f71657fff50 0x7f98740170c0 1 -1 16 1295 53
get: 1496270097.804424 8 3 8 0x7f71657ff9a8 0x7f987400e160 1 -1 8 492 26
get: 1496270097.804476 8 3 8 0x7f71657ff9b0 0x7f987400e158 1 -1 8 492 26
get: 1496270097.804523 8 3 8 0x7f71657fff80 0x7f9874017108 1 -1 16 1295 53
get: 1496270097.804579 8 3 8 0x7f71657fff40 0x7f98740201f0 1 -1 16 1295 53
task: 1496270097.804651 8 9 8 L 215 28 23
task: 1496270097.804666 8 10 8 L 218 28 30
Btask: 1496270097.804734 8 9
Btask: 1496270097.804745 8 10
Etask: 1496270097.804755 8 9
Etask: 1496270097.804762 8 10
Etask: 1496270097.804783 8 8
task: 1496270097.901745 8 11 1 O 0 -5 125
Btask: 1496270097.902297 8 11
get: 1496270097.902707 8 0 11 0x7f7160800b50 0x7f55921114c0 1 -1 16 933 53
get: 1496270097.902977 8 0 11 0x7f7160800b60 0x7f5592111520 1 -1 16 933 53
get: 1496270097.903100 8 0 11 0x7f71608009c8 0x7f55921104e0 1 -1 8 492 26
get: 1496270097.903215 8 0 11 0x7f71608009d0 0x7f55921104d8 1 -1 8 492 26
get: 1496270097.903338 8 0 11 0x7f7160800b90 0x7f5592111568 1 -1 16 933 53
get: 1496270097.903463 8 0 11 0x7f7160800be0 0x7f55921114a8 1 -1 16 934 53
get: 1496270097.903586 8 0 11 0x7f7160800770 0x7f5592184348 1 -1 16 588 53
get: 1496270097.903707 8 0 11 0x7f7160800790 0x7f55921113e0 1 -1 16 588 53
get: 1496270097.903788 8 0 11 0x7f7160800628 0x7f55921104e0 1 -1 8 492 26
get: 1496270097.903850 8 0 11 0x7f7160800630 0x7f55921104d8 1 -1 8 492 26
get: 1496270097.903975 8 0 11 0x7f71608007c0 0x7f5592111428 1 -1 16 588 53
get: 1496270097.904160 8 0 11 0x7f7160800780 0x7f5592051480 1 -1 16 588 53
get: 1496270097.904240 8 0 11 0x7f7160800640 0x7f55921114e0 1 -1 16 1609 28
get: 1496270097.904289 8 0 11 0x7f71608005b0 0x7f5592110558 1 -1 32 145 26
put: 1496270097.904406 8 0 11 0x7f7160800c20 0x7f5592051580 1 -1 16 933 53
f_executeOn: 1496270097.904548 8 0 -2 18 0x7f7160800e70 112 11
Etask: 1496270097.904652 8 11
task: 1496270097.930998 8 12 13 O 0 -5 34
Btask: 1496270097.931558 8 12
get: 1496270097.932027 8 3 12 0x7f715b800400 0x7f981fc0f060 1 -1 16 1332 53
get: 1496270097.932209 8 3 12 0x7f715b800420 0x7f981fc0f0c0 1 -1 16 1332 53
get: 1496270097.932324 8 3 12 0x7f715b800048 0x7f987400e160 1 -1 8 492 26
get: 1496270097.932463 8 3 12 0x7f715b800050 0x7f987400e158 1 -1 8 492 26
get: 1496270097.932602 8 3 12 0x7f715b800450 0x7f981fc0f108 1 -1 16 1332 53
get: 1496270097.932726 8 3 12 0x7f715b800410 0x7f981fc14000 1 -1 16 1332 53
get: 1496270097.932844 8 3 12 0x7f715b800420 0x7f981fc0f0c0 1 -1 16 1332 53
get: 1496270097.932974 8 3 12 0x7f715b800048 0x7f987400e160 1 -1 8 492 26
get: 1496270097.933097 8 3 12 0x7f715b800050 0x7f987400e158 1 -1 8 492 26
get: 1496270097.933222 8 3 12 0x7f715b800450 0x7f981fc0f108 1 -1 16 1332 53
get: 1496270097.933307 8 3 12 0x7f715b800410 0x7f981fc14010 1 -1 16 1332 53
get: 1496270097.933360 8 3 12 0x7f715b800420 0x7f981fc0f0c0 1 -1 16 1332 53
get: 1496270097.933405 8 3 12 0x7f715b800048 0x7f987400e160 1 -1 8 492 26
get: 1496270097.933454 8 3 12 0x7f715b800050 0x7f987400e158 1 -1 8 492 26
get: 1496270097.933507 8 3 12 0x7f715b800450 0x7f981fc0f108 1 -1 16 1332 53
get: 1496270097.933555 8 3 12 0x7f715b800410 0x7f981fc14020 1 -1 16 1332 53
get: 1496270097.933603 8 3 12 0x7f715b800420 0x7f981fc0f0c0 1 -1 16 1332 53
get: 1496270097.933653 8 3 12 0x7f715b800048 0x7f987400e160 1 -1 8 492 26
get: 1496270097.933706 8 3 12 0x7f715b800050 0x7f987400e158 1 -1 8 492 26
get: 1496270097.933764 8 3 12 0x7f715b800450 0x7f981fc0f108 1 -1 16 1332 53
get: 1496270097.933878 8 3 12 0x7f715b800410 0x7f981fc14030 1 -1 16 1332 53
get: 1496270097.933969 8 3 12 0x7f715b800420 0x7f981fc0f0c0 1 -1 16 1332 53
get: 1496270097.934016 8 3 12 0x7f715b800048 0x7f987400e160 1 -1 8 492 26
get: 1496270097.934064 8 3 12 0x7f715b800050 0x7f987400e158 1 -1 8 492 26
get: 1496270097.934114 8 3 12 0x7f715b800450 0x7f981fc0f108 1 -1 16 1332 53
get: 1496270097.934162 8 3 12 0x7f715b800410 0x7f981fc14040 1 -1 16 1332 53
get: 1496270097.934212 8 3 12 0x7f715b800420 0x7f981fc0f0c0 1 -1 16 1332 53
get: 1496270097.934261 8 3 12 0x7f715b800048 0x7f987400e160 1 -1 8 492 26
get: 1496270097.934309 8 3 12 0x7f715b800050 0x7f987400e158 1 -1 8 492 26
get: 1496270097.934359 8 3 12 0x7f715b800450 0x7f981fc0f108 1 -1 16 1332 53
get: 1496270097.934407 8 3 12 0x7f715b800410 0x7f981fc14050 1 -1 16 1332 53
get: 1496270097.934460 8 3 12 0x7f715b800420 0x7f981fc0f0c0 1 -1 16 1332 53
get: 1496270097.934561 8 3 12 0x7f715b800048 0x7f987400e160 1 -1 8 492 26
get: 1496270097.934653 8 3 12 0x7f715b800050 0x7f987400e158 1 -1 8 492 26
get: 1496270097.934703 8 3 12 0x7f715b800450 0x7f981fc0f108 1 -1 16 1332 53
get: 1496270097.934756 8 3 12 0x7f715b800410 0x7f981fc14060 1 -1 16 1332 53
get: 1496270097.934813 8 3 12 0x7f715b800420 0x7f981fc0f0c0 1 -1 16 1332 53
get: 1496270097.934861 8 3 12 0x7f715b800048 0x7f987400e160 1 -1 8 492 26
get: 1496270097.934912 8 3 12 0x7f715b800050 0x7f987400e158 1 -1 8 492 26
get: 1496270097.934963 8 3 12 0x7f715b800450 0x7f981fc0f108 1 -1 16 1332 53
get: 1496270097.935008 8 3 12 0x7f715b800410 0x7f981fc14070 1 -1 16 1332 53
get: 1496270097.935062 8 3 12 0x7f715b800420 0x7f981fc0f0c0 1 -1 16 1332 53
get: 1496270097.935109 8 3 12 0x7f715b800048 0x7f987400e160 1 -1 8 492 26
get: 1496270097.935156 8 3 12 0x7f715b800050 0x7f987400e158 1 -1 8 492 26
get: 1496270097.935226 8 3 12 0x7f715b800450 0x7f981fc0f108 1 -1 16 1332 53
get: 1496270097.935334 8 3 12 0x7f715b800410 0x7f981fc14080 1 -1 16 1332 53
get: 1496270097.935414 8 3 12 0x7f715b800420 0x7f981fc0f0c0 1 -1 16 1332 53
get: 1496270097.935475 8 3 12 0x7f715b800048 0x7f987400e160 1 -1 8 492 26
get: 1496270097.935522 8 3 12 0x7f715b800050 0x7f987400e158 1 -1 8 492 26
get: 1496270097.935572 8 3 12 0x7f715b800450 0x7f981fc0f108 1 -1 16 1332 53
get: 1496270097.935624 8 3 12 0x7f715b800410 0x7f981fc14090 1 -1 16 1332 53
get: 1496270097.935687 8 3 12 0x7f715b800420 0x7f981fc0f0c0 1 -1 16 1332 53
get: 1496270097.935769 8 3 12 0x7f715b800048 0x7f987400e160 1 -1 8 492 26
get: 1496270097.935850 8 3 12 0x7f715b800050 0x7f987400e158 1 -1 8 492 26
get: 1496270097.935932 8 3 12 0x7f715b800450 0x7f981fc0f108 1 -1 16 1332 53
get: 1496270097.936000 8 3 12 0x7f715b800410 0x7f981fc140a0 1 -1 16 1332 53
get: 1496270097.936080 8 3 12 0x7f715b800420 0x7f981fc0f0c0 1 -1 16 1332 53
get: 1496270097.936129 8 3 12 0x7f715b800048 0x7f987400e160 1 -1 8 492 26
get: 1496270097.936182 8 3 12 0x7f715b800050 0x7f987400e158 1 -1 8 492 26
get: 1496270097.936261 8 3 12 0x7f715b800450 0x7f981fc0f108 1 -1 16 1332 53
get: 1496270097.936379 8 3 12 0x7f715b800410 0x7f981fc140b0 1 -1 16 1332 53
get: 1496270097.936464 8 3 12 0x7f715b800420 0x7f981fc0f0c0 1 -1 16 1332 53
get: 1496270097.936514 8 3 12 0x7f715b800048 0x7f987400e160 1 -1 8 492 26
get: 1496270097.936567 8 3 12 0x7f715b800050 0x7f987400e158 1 -1 8 492 26
get: 1496270097.936613 8 3 12 0x7f715b800450 0x7f981fc0f108 1 -1 16 1332 53
get: 1496270097.936665 8 3 12 0x7f715b800410 0x7f981fc140c0 1 -1 16 1332 53
get: 1496270097.936711 8 3 12 0x7f715b800420 0x7f981fc0f0c0 1 -1 16 1332 53
get: 1496270097.936761 8 3 12 0x7f715b800048 0x7f987400e160 1 -1 8 492 26
get: 1496270097.936817 8 3 12 0x7f715b800050 0x7f987400e158 1 -1 8 492 26
get: 1496270097.936929 8 3 12 0x7f715b800450 0x7f981fc0f108 1 -1 16 1332 53
get: 1496270097.936981 8 3 12 0x7f715b800410 0x7f981fc140d0 1 -1 16 1332 53
get: 1496270097.937027 8 3 12 0x7f715b800420 0x7f981fc0f0c0 1 -1 16 1332 53
get: 1496270097.937076 8 3 12 0x7f715b800048 0x7f987400e160 1 -1 8 492 26
get: 1496270097.937149 8 3 12 0x7f715b800050 0x7f987400e158 1 -1 8 492 26
get: 1496270097.937229 8 3 12 0x7f715b800450 0x7f981fc0f108 1 -1 16 1332 53
get: 1496270097.937290 8 3 12 0x7f715b800410 0x7f981fc140e0 1 -1 16 1332 53
get: 1496270097.937333 8 3 12 0x7f715b800420 0x7f981fc0f0c0 1 -1 16 1332 53
get: 1496270097.937389 8 3 12 0x7f715b800048 0x7f987400e160 1 -1 8 492 26
get: 1496270097.937441 8 3 12 0x7f715b800050 0x7f987400e158 1 -1 8 492 26
get: 1496270097.937483 8 3 12 0x7f715b800450 0x7f981fc0f108 1 -1 16 1332 53
get: 1496270097.937540 8 3 12 0x7f715b800410 0x7f981fc140f0 1 -1 16 1332 53
task: 1496270097.937610 8 14 12 L 215 28 25
task: 1496270097.937622 8 15 12 L 218 28 29
Btask: 1496270097.937685 8 15
Btask: 1496270097.937684 8 14
Etask: 1496270097.937713 8 15
Etask: 1496270097.937719 8 14
Etask: 1496270097.937734 8 12
task: 1496270097.953597 8 16 1 O 0 -5 126
Btask: 1496270097.954112 8 16
get: 1496270097.954535 8 0 16 0x7f7156800c60 0x7f55921114c0 1 -1 16 939 53
get: 1496270097.954743 8 0 16 0x7f7156800c80 0x7f5592111520 1 -1 16 939 53
get: 1496270097.954859 8 0 16 0x7f7156800b18 0x7f55921104e0 1 -1 8 492 26
get: 1496270097.955056 8 0 16 0x7f7156800b20 0x7f55921104d8 1 -1 8 492 26
get: 1496270097.955280 8 0 16 0x7f7156800cb0 0x7f5592111568 1 -1 16 939 53
get: 1496270097.955405 8 0 16 0x7f7156800c70 0x7f5592051580 1 -1 16 939 53
get: 1496270097.955528 8 0 16 0x7f7156800d20 0x7f55921114a8 1 -1 16 939 53
get: 1496270097.955658 8 0 16 0x7f71568008c0 0x7f5592184348 1 -1 16 588 53
get: 1496270097.955891 8 0 16 0x7f71568008e0 0x7f55921113e0 1 -1 16 588 53
get: 1496270097.956059 8 0 16 0x7f7156800778 0x7f55921104e0 1 -1 8 492 26
get: 1496270097.956187 8 0 16 0x7f7156800780 0x7f55921104d8 1 -1 8 492 26
get: 1496270097.956302 8 0 16 0x7f7156800910 0x7f5592111428 1 -1 16 588 53
get: 1496270097.956432 8 0 16 0x7f71568008d0 0x7f5592051480 1 -1 16 588 53
get: 1496270097.956594 8 0 16 0x7f7156800790 0x7f55921114e0 1 -1 16 1609 28
get: 1496270097.956735 8 0 16 0x7f7156800700 0x7f5592110558 1 -1 32 145 26
f_executeOn: 1496270097.956920 8 0 -2 18 0x7f7156800e70 112 16
Etask: 1496270097.957008 8 16
task: 1496270097.984347 8 17 13 O 0 -5 44
Btask: 1496270097.984868 8 17
get: 1496270097.985319 8 3 17 0x7f7151800720 0x7f981fc0f060 1 -1 16 1341 53
get: 1496270097.985433 8 3 17 0x7f7151800740 0x7f981fc0f0c0 1 -1 16 1341 53
get: 1496270097.985568 8 3 17 0x7f71518004a8 0x7f987400e160 1 -1 8 492 26
get: 1496270097.985693 8 3 17 0x7f71518004b0 0x7f987400e158 1 -1 8 492 26
get: 1496270097.985819 8 3 17 0x7f7151800770 0x7f981fc0f108 1 -1 16 1341 53
get: 1496270097.985941 8 3 17 0x7f7151800730 0x7f981fc14000 1 -1 16 1341 53
get: 1496270097.986116 8 3 17 0x7f7151800740 0x7f981fc0f0c0 1 -1 16 1341 53
get: 1496270097.986248 8 3 17 0x7f71518004a8 0x7f987400e160 1 -1 8 492 26
get: 1496270097.986399 8 3 17 0x7f71518004b0 0x7f987400e158 1 -1 8 492 26
get: 1496270097.986533 8 3 17 0x7f7151800770 0x7f981fc0f108 1 -1 16 1341 53
get: 1496270097.986606 8 3 17 0x7f7151800730 0x7f981fc14010 1 -1 16 1341 53
get: 1496270097.986751 8 3 17 0x7f7151800740 0x7f981fc0f0c0 1 -1 16 1341 53
get: 1496270097.986899 8 3 17 0x7f71518004a8 0x7f987400e160 1 -1 8 492 26
get: 1496270097.987029 8 3 17 0x7f71518004b0 0x7f987400e158 1 -1 8 492 26
get: 1496270097.987132 8 3 17 0x7f7151800770 0x7f981fc0f108 1 -1 16 1341 53
get: 1496270097.987211 8 3 17 0x7f7151800730 0x7f981fc14020 1 -1 16 1341 53
get: 1496270097.987261 8 3 17 0x7f7151800740 0x7f981fc0f0c0 1 -1 16 1341 53
get: 1496270097.987311 8 3 17 0x7f71518004a8 0x7f987400e160 1 -1 8 492 26
get: 1496270097.987359 8 3 17 0x7f71518004b0 0x7f987400e158 1 -1 8 492 26
get: 1496270097.987414 8 3 17 0x7f7151800770 0x7f981fc0f108 1 -1 16 1341 53
get: 1496270097.987475 8 3 17 0x7f7151800730 0x7f981fc14030 1 -1 16 1341 53
get: 1496270097.987520 8 3 17 0x7f7151800740 0x7f981fc0f0c0 1 -1 16 1341 53
get: 1496270097.987572 8 3 17 0x7f71518004a8 0x7f987400e160 1 -1 8 492 26
get: 1496270097.987621 8 3 17 0x7f71518004b0 0x7f987400e158 1 -1 8 492 26
get: 1496270097.987677 8 3 17 0x7f7151800770 0x7f981fc0f108 1 -1 16 1341 53
get: 1496270097.987768 8 3 17 0x7f7151800730 0x7f981fc14040 1 -1 16 1341 53
get: 1496270097.987816 8 3 17 0x7f7151800740 0x7f981fc0f0c0 1 -1 16 1341 53
get: 1496270097.987865 8 3 17 0x7f71518004a8 0x7f987400e160 1 -1 8 492 26
get: 1496270097.987930 8 3 17 0x7f71518004b0 0x7f987400e158 1 -1 8 492 26
get: 1496270097.988030 8 3 17 0x7f7151800770 0x7f981fc0f108 1 -1 16 1341 53
get: 1496270097.988075 8 3 17 0x7f7151800730 0x7f981fc14050 1 -1 16 1341 53
get: 1496270097.988130 8 3 17 0x7f7151800740 0x7f981fc0f0c0 1 -1 16 1341 53
get: 1496270097.988177 8 3 17 0x7f71518004a8 0x7f987400e160 1 -1 8 492 26
get: 1496270097.988224 8 3 17 0x7f71518004b0 0x7f987400e158 1 -1 8 492 26
get: 1496270097.988273 8 3 17 0x7f7151800770 0x7f981fc0f108 1 -1 16 1341 53
get: 1496270097.988321 8 3 17 0x7f7151800730 0x7f981fc14060 1 -1 16 1341 53
get: 1496270097.988373 8 3 17 0x7f7151800740 0x7f981fc0f0c0 1 -1 16 1341 53
get: 1496270097.988421 8 3 17 0x7f71518004a8 0x7f987400e160 1 -1 8 492 26
get: 1496270097.988523 8 3 17 0x7f71518004b0 0x7f987400e158 1 -1 8 492 26
get: 1496270097.988573 8 3 17 0x7f7151800770 0x7f981fc0f108 1 -1 16 1341 53
get: 1496270097.988628 8 3 17 0x7f7151800730 0x7f981fc14070 1 -1 16 1341 53
get: 1496270097.988673 8 3 17 0x7f7151800740 0x7f981fc0f0c0 1 -1 16 1341 53
get: 1496270097.988745 8 3 17 0x7f71518004a8 0x7f987400e160 1 -1 8 492 26
get: 1496270097.988859 8 3 17 0x7f71518004b0 0x7f987400e158 1 -1 8 492 26
get: 1496270097.988943 8 3 17 0x7f7151800770 0x7f981fc0f108 1 -1 16 1341 53
get: 1496270097.989004 8 3 17 0x7f7151800730 0x7f981fc14080 1 -1 16 1341 53
get: 1496270097.989090 8 3 17 0x7f7151800740 0x7f981fc0f0c0 1 -1 16 1341 53
get: 1496270097.989153 8 3 17 0x7f71518004a8 0x7f987400e160 1 -1 8 492 26
get: 1496270097.989196 8 3 17 0x7f71518004b0 0x7f987400e158 1 -1 8 492 26
get: 1496270097.989249 8 3 17 0x7f7151800770 0x7f981fc0f108 1 -1 16 1341 53
get: 1496270097.989309 8 3 17 0x7f7151800730 0x7f981fc14090 1 -1 16 1341 53
get: 1496270097.989391 8 3 17 0x7f7151800740 0x7f981fc0f0c0 1 -1 16 1341 53
get: 1496270097.989442 8 3 17 0x7f71518004a8 0x7f987400e160 1 -1 8 492 26
get: 1496270097.989491 8 3 17 0x7f71518004b0 0x7f987400e158 1 -1 8 492 26
get: 1496270097.989539 8 3 17 0x7f7151800770 0x7f981fc0f108 1 -1 16 1341 53
get: 1496270097.989592 8 3 17 0x7f7151800730 0x7f981fc140a0 1 -1 16 1341 53
get: 1496270097.989638 8 3 17 0x7f7151800740 0x7f981fc0f0c0 1 -1 16 1341 53
get: 1496270097.989698 8 3 17 0x7f71518004a8 0x7f987400e160 1 -1 8 492 26
get: 1496270097.989746 8 3 17 0x7f71518004b0 0x7f987400e158 1 -1 8 492 26
get: 1496270097.989795 8 3 17 0x7f7151800770 0x7f981fc0f108 1 -1 16 1341 53
get: 1496270097.989843 8 3 17 0x7f7151800730 0x7f981fc140b0 1 -1 16 1341 53
get: 1496270097.989892 8 3 17 0x7f7151800740 0x7f981fc0f0c0 1 -1 16 1341 53
get: 1496270097.989941 8 3 17 0x7f71518004a8 0x7f987400e160 1 -1 8 492 26
get: 1496270097.989993 8 3 17 0x7f71518004b0 0x7f987400e158 1 -1 8 492 26
get: 1496270097.990039 8 3 17 0x7f7151800770 0x7f981fc0f108 1 -1 16 1341 53
get: 1496270097.990087 8 3 17 0x7f7151800730 0x7f981fc140c0 1 -1 16 1341 53
get: 1496270097.990151 8 3 17 0x7f7151800740 0x7f981fc0f0c0 1 -1 16 1341 53
get: 1496270097.990229 8 3 17 0x7f71518004a8 0x7f987400e160 1 -1 8 492 26
get: 1496270097.990317 8 3 17 0x7f71518004b0 0x7f987400e158 1 -1 8 492 26
get: 1496270097.990367 8 3 17 0x7f7151800770 0x7f981fc0f108 1 -1 16 1341 53
get: 1496270097.990418 8 3 17 0x7f7151800730 0x7f981fc140d0 1 -1 16 1341 53
get: 1496270097.990464 8 3 17 0x7f7151800740 0x7f981fc0f0c0 1 -1 16 1341 53
get: 1496270097.990540 8 3 17 0x7f71518004a8 0x7f987400e160 1 -1 8 492 26
get: 1496270097.990624 8 3 17 0x7f71518004b0 0x7f987400e158 1 -1 8 492 26
get: 1496270097.990671 8 3 17 0x7f7151800770 0x7f981fc0f108 1 -1 16 1341 53
get: 1496270097.990757 8 3 17 0x7f7151800730 0x7f981fc140e0 1 -1 16 1341 53
get: 1496270097.990841 8 3 17 0x7f7151800740 0x7f981fc0f0c0 1 -1 16 1341 53
get: 1496270097.990886 8 3 17 0x7f71518004a8 0x7f987400e160 1 -1 8 492 26
get: 1496270097.990940 8 3 17 0x7f71518004b0 0x7f987400e158 1 -1 8 492 26
get: 1496270097.991003 8 3 17 0x7f7151800770 0x7f981fc0f108 1 -1 16 1341 53
get: 1496270097.991105 8 3 17 0x7f7151800730 0x7f981fc140f0 1 -1 16 1341 53
task: 1496270097.991234 8 18 17 L 271 28 41
task: 1496270097.991246 8 19 17 L 274 28 43
Btask: 1496270097.991302 8 18
Btask: 1496270097.991303 8 19
Etask: 1496270097.991330 8 18
Etask: 1496270097.991335 8 19
Etask: 1496270097.991351 8 17
task: 1496270098.008174 8 20 1 O 0 -5 158
Btask: 1496270098.008720 8 20
VdbMark: 1496270098.009163 8 20
task: 1496270098.009183 8 21 20 L 98 52 157
task: 1496270098.009197 8 22 20 L 98 52 157
task: 1496270098.009208 8 23 20 L 98 52 157
Btask: 1496270098.009239 8 22
Btask: 1496270098.009251 8 21
fork: 1496270098.009256 8 10 -2 158 0x7f7187003dd0 168 22 
fork: 1496270098.009264 8 12 -2 158 0x7f7186800dd0 168 21 
Btask: 1496270098.009270 8 23
fork: 1496270098.009293 8 9 -2 158 0x7f7181800dd0 168 23 
Etask: 1496270098.009898 8 23
Etask: 1496270098.012157 8 22
Etask: 1496270098.013480 8 21
Tag: 1496270098.013484 0.776000 0.444000 8 20 1
Etask: 1496270098.013549 8 20
task: 1496270098.027149 8 24 1 O 0 -5 129
Btask: 1496270098.027211 8 24
get: 1496270098.027228 8 0 24 0x7f7186800930 0x7f559201d4f8 1 -1 16 1002 53
get: 1496270098.027525 8 0 24 0x7f7186800650 0x7f55921114c0 1 -1 16 753 53
get: 1496270098.027757 8 0 24 0x7f7186800670 0x7f5592111520 1 -1 16 753 53
get: 1496270098.027905 8 0 24 0x7f7186800528 0x7f55921104e0 1 -1 8 492 26
get: 1496270098.028050 8 0 24 0x7f7186800530 0x7f55921104d8 1 -1 8 492 26
get: 1496270098.028183 8 0 24 0x7f71868006a0 0x7f5592111568 1 -1 16 753 53
get: 1496270098.028299 8 0 24 0x7f7186800660 0x7f5592051580 1 -1 16 753 53
get: 1496270098.028382 8 0 24 0x7f7186800970 0x7f559201d510 1 -1 16 1003 53
get: 1496270098.028430 8 0 24 0x7f7186800980 0x7f55921115c0 1 -1 16 1003 53
get: 1496270098.028504 8 0 24 0x7f7186800768 0x7f55921104e0 1 -1 8 492 26
get: 1496270098.028705 8 0 24 0x7f7186800770 0x7f55921104d8 1 -1 8 492 26
get: 1496270098.028875 8 0 24 0x7f71868009b0 0x7f5592111608 1 -1 16 1003 53
put: 1496270098.028994 8 0 24 0x7f7186800a50 0x7f5592051680 1 -1 16 1003 53
f_executeOn: 1496270098.029142 8 0 -2 18 0x7f7186800e70 112 24
Etask: 1496270098.029295 8 24
task: 1496270098.045011 8 25 13 O 0 -5 32
Btask: 1496270098.045058 8 25
get: 1496270098.045104 8 3 25 0x7f7187003330 0x7f9874c31040 1 -1 16 1354 53
get: 1496270098.045275 8 3 25 0x7f7187003350 0x7f9874c38020 1 -1 16 1354 53
get: 1496270098.045417 8 3 25 0x7f7187002f28 0x7f987400e160 1 -1 8 492 26
get: 1496270098.045473 8 3 25 0x7f7187002f30 0x7f987400e158 1 -1 8 492 26
get: 1496270098.045545 8 3 25 0x7f7187003380 0x7f9874c38068 1 -1 16 1354 53
get: 1496270098.045694 8 3 25 0x7f7187003340 0x7f9874c3d000 1 -1 16 1354 53
get: 1496270098.045814 8 3 25 0x7f7187003350 0x7f9874c38020 1 -1 16 1354 53
get: 1496270098.045926 8 3 25 0x7f7187002f28 0x7f987400e160 1 -1 8 492 26
get: 1496270098.046044 8 3 25 0x7f7187002f30 0x7f987400e158 1 -1 8 492 26
get: 1496270098.046170 8 3 25 0x7f7187003380 0x7f9874c38068 1 -1 16 1354 53
get: 1496270098.046271 8 3 25 0x7f7187003340 0x7f9874c3d010 1 -1 16 1354 53
get: 1496270098.046395 8 3 25 0x7f7187003350 0x7f9874c38020 1 -1 16 1354 53
get: 1496270098.046477 8 3 25 0x7f7187002f28 0x7f987400e160 1 -1 8 492 26
get: 1496270098.046547 8 3 25 0x7f7187002f30 0x7f987400e158 1 -1 8 492 26
get: 1496270098.046656 8 3 25 0x7f7187003380 0x7f9874c38068 1 -1 16 1354 53
get: 1496270098.046775 8 3 25 0x7f7187003340 0x7f9874c3d020 1 -1 16 1354 53
get: 1496270098.046859 8 3 25 0x7f7187003350 0x7f9874c38020 1 -1 16 1354 53
get: 1496270098.046905 8 3 25 0x7f7187002f28 0x7f987400e160 1 -1 8 492 26
get: 1496270098.046961 8 3 25 0x7f7187002f30 0x7f987400e158 1 -1 8 492 26
get: 1496270098.047004 8 3 25 0x7f7187003380 0x7f9874c38068 1 -1 16 1354 53
get: 1496270098.047117 8 3 25 0x7f7187003340 0x7f9874c3d030 1 -1 16 1354 53
get: 1496270098.047199 8 3 25 0x7f7187003350 0x7f9874c38020 1 -1 16 1354 53
get: 1496270098.047270 8 3 25 0x7f7187002f28 0x7f987400e160 1 -1 8 492 26
get: 1496270098.047347 8 3 25 0x7f7187002f30 0x7f987400e158 1 -1 8 492 26
get: 1496270098.047403 8 3 25 0x7f7187003380 0x7f9874c38068 1 -1 16 1354 53
get: 1496270098.047456 8 3 25 0x7f7187003340 0x7f9874c3d040 1 -1 16 1354 53
get: 1496270098.047515 8 3 25 0x7f7187003350 0x7f9874c38020 1 -1 16 1354 53
get: 1496270098.047563 8 3 25 0x7f7187002f28 0x7f987400e160 1 -1 8 492 26
get: 1496270098.047611 8 3 25 0x7f7187002f30 0x7f987400e158 1 -1 8 492 26
get: 1496270098.047660 8 3 25 0x7f7187003380 0x7f9874c38068 1 -1 16 1354 53
get: 1496270098.047715 8 3 25 0x7f7187003340 0x7f9874c3d050 1 -1 16 1354 53
get: 1496270098.047762 8 3 25 0x7f7187003350 0x7f9874c38020 1 -1 16 1354 53
get: 1496270098.047810 8 3 25 0x7f7187002f28 0x7f987400e160 1 -1 8 492 26
get: 1496270098.047877 8 3 25 0x7f7187002f30 0x7f987400e158 1 -1 8 492 26
get: 1496270098.047957 8 3 25 0x7f7187003380 0x7f9874c38068 1 -1 16 1354 53
get: 1496270098.048015 8 3 25 0x7f7187003340 0x7f9874c3d060 1 -1 16 1354 53
get: 1496270098.048070 8 3 25 0x7f7187003350 0x7f9874c38020 1 -1 16 1354 53
get: 1496270098.048118 8 3 25 0x7f7187002f28 0x7f987400e160 1 -1 8 492 26
get: 1496270098.048170 8 3 25 0x7f7187002f30 0x7f987400e158 1 -1 8 492 26
get: 1496270098.048229 8 3 25 0x7f7187003380 0x7f9874c38068 1 -1 16 1354 53
get: 1496270098.048272 8 3 25 0x7f7187003340 0x7f9874c3d070 1 -1 16 1354 53
get: 1496270098.048369 8 3 25 0x7f7187003350 0x7f9874c38020 1 -1 16 1354 53
get: 1496270098.048456 8 3 25 0x7f7187002f28 0x7f987400e160 1 -1 8 492 26
get: 1496270098.048502 8 3 25 0x7f7187002f30 0x7f987400e158 1 -1 8 492 26
get: 1496270098.048558 8 3 25 0x7f7187003380 0x7f9874c38068 1 -1 16 1354 53
get: 1496270098.048602 8 3 25 0x7f7187003340 0x7f9874c3d080 1 -1 16 1354 53
get: 1496270098.048698 8 3 25 0x7f7187003350 0x7f9874c38020 1 -1 16 1354 53
get: 1496270098.048796 8 3 25 0x7f7187002f28 0x7f987400e160 1 -1 8 492 26
get: 1496270098.048848 8 3 25 0x7f7187002f30 0x7f987400e158 1 -1 8 492 26
get: 1496270098.048895 8 3 25 0x7f7187003380 0x7f9874c38068 1 -1 16 1354 53
get: 1496270098.048961 8 3 25 0x7f7187003340 0x7f9874c3d090 1 -1 16 1354 53
get: 1496270098.049057 8 3 25 0x7f7187003350 0x7f9874c38020 1 -1 16 1354 53
get: 1496270098.049129 8 3 25 0x7f7187002f28 0x7f987400e160 1 -1 8 492 26
get: 1496270098.049173 8 3 25 0x7f7187002f30 0x7f987400e158 1 -1 8 492 26
get: 1496270098.049221 8 3 25 0x7f7187003380 0x7f9874c38068 1 -1 16 1354 53
get: 1496270098.049269 8 3 25 0x7f7187003340 0x7f9874c3d0a0 1 -1 16 1354 53
get: 1496270098.049339 8 3 25 0x7f7187003350 0x7f9874c38020 1 -1 16 1354 53
get: 1496270098.049428 8 3 25 0x7f7187002f28 0x7f987400e160 1 -1 8 492 26
get: 1496270098.049481 8 3 25 0x7f7187002f30 0x7f987400e158 1 -1 8 492 26
get: 1496270098.049525 8 3 25 0x7f7187003380 0x7f9874c38068 1 -1 16 1354 53
get: 1496270098.049573 8 3 25 0x7f7187003340 0x7f9874c3d0b0 1 -1 16 1354 53
get: 1496270098.049659 8 3 25 0x7f7187003350 0x7f9874c38020 1 -1 16 1354 53
get: 1496270098.049743 8 3 25 0x7f7187002f28 0x7f987400e160 1 -1 8 492 26
get: 1496270098.049791 8 3 25 0x7f7187002f30 0x7f987400e158 1 -1 8 492 26
get: 1496270098.049840 8 3 25 0x7f7187003380 0x7f9874c38068 1 -1 16 1354 53
get: 1496270098.049889 8 3 25 0x7f7187003340 0x7f9874c3d0c0 1 -1 16 1354 53
get: 1496270098.049939 8 3 25 0x7f7187003350 0x7f9874c38020 1 -1 16 1354 53
get: 1496270098.050007 8 3 25 0x7f7187002f28 0x7f987400e160 1 -1 8 492 26
get: 1496270098.050100 8 3 25 0x7f7187002f30 0x7f987400e158 1 -1 8 492 26
get: 1496270098.050156 8 3 25 0x7f7187003380 0x7f9874c38068 1 -1 16 1354 53
get: 1496270098.050198 8 3 25 0x7f7187003340 0x7f9874c3d0d0 1 -1 16 1354 53
get: 1496270098.050250 8 3 25 0x7f7187003350 0x7f9874c38020 1 -1 16 1354 53
get: 1496270098.050320 8 3 25 0x7f7187002f28 0x7f987400e160 1 -1 8 492 26
get: 1496270098.050368 8 3 25 0x7f7187002f30 0x7f987400e158 1 -1 8 492 26
get: 1496270098.050444 8 3 25 0x7f7187003380 0x7f9874c38068 1 -1 16 1354 53
get: 1496270098.050525 8 3 25 0x7f7187003340 0x7f9874c3d0e0 1 -1 16 1354 53
get: 1496270098.050582 8 3 25 0x7f7187003350 0x7f9874c38020 1 -1 16 1354 53
get: 1496270098.050629 8 3 25 0x7f7187002f28 0x7f987400e160 1 -1 8 492 26
get: 1496270098.050676 8 3 25 0x7f7187002f30 0x7f987400e158 1 -1 8 492 26
get: 1496270098.050735 8 3 25 0x7f7187003380 0x7f9874c38068 1 -1 16 1354 53
get: 1496270098.050780 8 3 25 0x7f7187003340 0x7f9874c3d0f0 1 -1 16 1354 53
task: 1496270098.050841 8 26 25 L 215 28 24
task: 1496270098.050850 8 27 25 L 218 28 31
Btask: 1496270098.050882 8 27
Etask: 1496270098.050888 8 27
Btask: 1496270098.050899 8 26
Etask: 1496270098.050912 8 26
Etask: 1496270098.050927 8 25
task: 1496270098.068798 8 28 13 O 0 -5 129
Btask: 1496270098.068840 8 28
get: 1496270098.068852 8 0 28 0x7f7181800930 0x7f559201d568 1 -1 16 1002 53
get: 1496270098.068969 8 0 28 0x7f7181800650 0x7f55921114c0 1 -1 16 753 53
get: 1496270098.069272 8 0 28 0x7f7181800670 0x7f5592111520 1 -1 16 753 53
get: 1496270098.069544 8 0 28 0x7f7181800528 0x7f55921104e0 1 -1 8 492 26
get: 1496270098.069836 8 0 28 0x7f7181800530 0x7f55921104d8 1 -1 8 492 26
get: 1496270098.070001 8 0 28 0x7f71818006a0 0x7f5592111568 1 -1 16 753 53
get: 1496270098.070169 8 0 28 0x7f7181800660 0x7f5592051580 1 -1 16 753 53
get: 1496270098.070310 8 0 28 0x7f7181800970 0x7f559201d580 1 -1 16 1003 53
get: 1496270098.070464 8 0 28 0x7f7181800980 0x7f5592111660 1 -1 16 1003 53
get: 1496270098.070589 8 0 28 0x7f7181800768 0x7f55921104e0 1 -1 8 492 26
get: 1496270098.070741 8 0 28 0x7f7181800770 0x7f55921104d8 1 -1 8 492 26
get: 1496270098.070958 8 0 28 0x7f71818009b0 0x7f55921116a8 1 -1 16 1003 53
put: 1496270098.071111 8 0 28 0x7f7181800a50 0x7f5592051780 1 -1 16 1003 53
f_executeOn: 1496270098.071303 8 0 -2 18 0x7f7181800e70 112 28
Etask: 1496270098.071456 8 28
task: 1496270098.096429 8 29 13 O 0 -5 32
Btask: 1496270098.096542 8 29
get: 1496270098.096594 8 3 29 0x7f717c800330 0x7f9874611040 1 -1 16 1354 53
get: 1496270098.096730 8 3 29 0x7f717c800350 0x7f9874618020 1 -1 16 1354 53
get: 1496270098.096845 8 3 29 0x7f717c7fff28 0x7f987400e160 1 -1 8 492 26
get: 1496270098.096966 8 3 29 0x7f717c7fff30 0x7f987400e158 1 -1 8 492 26
get: 1496270098.097065 8 3 29 0x7f717c800380 0x7f9874618068 1 -1 16 1354 53
get: 1496270098.097149 8 3 29 0x7f717c800340 0x7f987461d000 1 -1 16 1354 53
get: 1496270098.097198 8 3 29 0x7f717c800350 0x7f9874618020 1 -1 16 1354 53
get: 1496270098.097243 8 3 29 0x7f717c7fff28 0x7f987400e160 1 -1 8 492 26
get: 1496270098.097305 8 3 29 0x7f717c7fff30 0x7f987400e158 1 -1 8 492 26
get: 1496270098.097362 8 3 29 0x7f717c800380 0x7f9874618068 1 -1 16 1354 53
get: 1496270098.097412 8 3 29 0x7f717c800340 0x7f987461d010 1 -1 16 1354 53
get: 1496270098.097581 8 3 29 0x7f717c800350 0x7f9874618020 1 -1 16 1354 53
get: 1496270098.097673 8 3 29 0x7f717c7fff28 0x7f987400e160 1 -1 8 492 26
get: 1496270098.097724 8 3 29 0x7f717c7fff30 0x7f987400e158 1 -1 8 492 26
get: 1496270098.097770 8 3 29 0x7f717c800380 0x7f9874618068 1 -1 16 1354 53
get: 1496270098.097829 8 3 29 0x7f717c800340 0x7f987461d020 1 -1 16 1354 53
get: 1496270098.097905 8 3 29 0x7f717c800350 0x7f9874618020 1 -1 16 1354 53
get: 1496270098.097994 8 3 29 0x7f717c7fff28 0x7f987400e160 1 -1 8 492 26
get: 1496270098.098040 8 3 29 0x7f717c7fff30 0x7f987400e158 1 -1 8 492 26
get: 1496270098.098090 8 3 29 0x7f717c800380 0x7f9874618068 1 -1 16 1354 53
get: 1496270098.098145 8 3 29 0x7f717c800340 0x7f987461d030 1 -1 16 1354 53
get: 1496270098.098199 8 3 29 0x7f717c800350 0x7f9874618020 1 -1 16 1354 53
get: 1496270098.098253 8 3 29 0x7f717c7fff28 0x7f987400e160 1 -1 8 492 26
get: 1496270098.098420 8 3 29 0x7f717c7fff30 0x7f987400e158 1 -1 8 492 26
get: 1496270098.098611 8 3 29 0x7f717c800380 0x7f9874618068 1 -1 16 1354 53
get: 1496270098.098671 8 3 29 0x7f717c800340 0x7f987461d040 1 -1 16 1354 53
get: 1496270098.098718 8 3 29 0x7f717c800350 0x7f9874618020 1 -1 16 1354 53
get: 1496270098.098771 8 3 29 0x7f717c7fff28 0x7f987400e160 1 -1 8 492 26
get: 1496270098.098828 8 3 29 0x7f717c7fff30 0x7f987400e158 1 -1 8 492 26
get: 1496270098.098879 8 3 29 0x7f717c800380 0x7f9874618068 1 -1 16 1354 53
get: 1496270098.098928 8 3 29 0x7f717c800340 0x7f987461d050 1 -1 16 1354 53
get: 1496270098.098993 8 3 29 0x7f717c800350 0x7f9874618020 1 -1 16 1354 53
get: 1496270098.099133 8 3 29 0x7f717c7fff28 0x7f987400e160 1 -1 8 492 26
get: 1496270098.099319 8 3 29 0x7f717c7fff30 0x7f987400e158 1 -1 8 492 26
get: 1496270098.099404 8 3 29 0x7f717c800380 0x7f9874618068 1 -1 16 1354 53
get: 1496270098.099459 8 3 29 0x7f717c800340 0x7f987461d060 1 -1 16 1354 53
get: 1496270098.099514 8 3 29 0x7f717c800350 0x7f9874618020 1 -1 16 1354 53
get: 1496270098.099615 8 3 29 0x7f717c7fff28 0x7f987400e160 1 -1 8 492 26
get: 1496270098.099701 8 3 29 0x7f717c7fff30 0x7f987400e158 1 -1 8 492 26
get: 1496270098.099831 8 3 29 0x7f717c800380 0x7f9874618068 1 -1 16 1354 53
get: 1496270098.099919 8 3 29 0x7f717c800340 0x7f987461d070 1 -1 16 1354 53
get: 1496270098.099977 8 3 29 0x7f717c800350 0x7f9874618020 1 -1 16 1354 53
get: 1496270098.100024 8 3 29 0x7f717c7fff28 0x7f987400e160 1 -1 8 492 26
get: 1496270098.100161 8 3 29 0x7f717c7fff30 0x7f987400e158 1 -1 8 492 26
get: 1496270098.100300 8 3 29 0x7f717c800380 0x7f9874618068 1 -1 16 1354 53
get: 1496270098.100351 8 3 29 0x7f717c800340 0x7f987461d080 1 -1 16 1354 53
get: 1496270098.100404 8 3 29 0x7f717c800350 0x7f9874618020 1 -1 16 1354 53
get: 1496270098.100452 8 3 29 0x7f717c7fff28 0x7f987400e160 1 -1 8 492 26
get: 1496270098.100500 8 3 29 0x7f717c7fff30 0x7f987400e158 1 -1 8 492 26
get: 1496270098.100548 8 3 29 0x7f717c800380 0x7f9874618068 1 -1 16 1354 53
get: 1496270098.100601 8 3 29 0x7f717c800340 0x7f987461d090 1 -1 16 1354 53
get: 1496270098.100722 8 3 29 0x7f717c800350 0x7f9874618020 1 -1 16 1354 53
get: 1496270098.100860 8 3 29 0x7f717c7fff28 0x7f987400e160 1 -1 8 492 26
get: 1496270098.100959 8 3 29 0x7f717c7fff30 0x7f987400e158 1 -1 8 492 26
get: 1496270098.101072 8 3 29 0x7f717c800380 0x7f9874618068 1 -1 16 1354 53
get: 1496270098.101128 8 3 29 0x7f717c800340 0x7f987461d0a0 1 -1 16 1354 53
get: 1496270098.101297 8 3 29 0x7f717c800350 0x7f9874618020 1 -1 16 1354 53
get: 1496270098.101530 8 3 29 0x7f717c7fff28 0x7f987400e160 1 -1 8 492 26
get: 1496270098.101769 8 3 29 0x7f717c7fff30 0x7f987400e158 1 -1 8 492 26
get: 1496270098.101868 8 3 29 0x7f717c800380 0x7f9874618068 1 -1 16 1354 53
get: 1496270098.101915 8 3 29 0x7f717c800340 0x7f987461d0b0 1 -1 16 1354 53
get: 1496270098.101965 8 3 29 0x7f717c800350 0x7f9874618020 1 -1 16 1354 53
get: 1496270098.102012 8 3 29 0x7f717c7fff28 0x7f987400e160 1 -1 8 492 26
get: 1496270098.102205 8 3 29 0x7f717c7fff30 0x7f987400e158 1 -1 8 492 26
get: 1496270098.102296 8 3 29 0x7f717c800380 0x7f9874618068 1 -1 16 1354 53
get: 1496270098.102344 8 3 29 0x7f717c800340 0x7f987461d0c0 1 -1 16 1354 53
get: 1496270098.102638 8 3 29 0x7f717c800350 0x7f9874618020 1 -1 16 1354 53
get: 1496270098.102804 8 3 29 0x7f717c7fff28 0x7f987400e160 1 -1 8 492 26
get: 1496270098.103056 8 3 29 0x7f717c7fff30 0x7f987400e158 1 -1 8 492 26
get: 1496270098.103110 8 3 29 0x7f717c800380 0x7f9874618068 1 -1 16 1354 53
get: 1496270098.103165 8 3 29 0x7f717c800340 0x7f987461d0d0 1 -1 16 1354 53
get: 1496270098.103214 8 3 29 0x7f717c800350 0x7f9874618020 1 -1 16 1354 53
get: 1496270098.103261 8 3 29 0x7f717c7fff28 0x7f987400e160 1 -1 8 492 26
get: 1496270098.103311 8 3 29 0x7f717c7fff30 0x7f987400e158 1 -1 8 492 26
get: 1496270098.103425 8 3 29 0x7f717c800380 0x7f9874618068 1 -1 16 1354 53
get: 1496270098.103587 8 3 29 0x7f717c800340 0x7f987461d0e0 1 -1 16 1354 53
get: 1496270098.103705 8 3 29 0x7f717c800350 0x7f9874618020 1 -1 16 1354 53
get: 1496270098.103821 8 3 29 0x7f717c7fff28 0x7f987400e160 1 -1 8 492 26
get: 1496270098.103897 8 3 29 0x7f717c7fff30 0x7f987400e158 1 -1 8 492 26
get: 1496270098.103981 8 3 29 0x7f717c800380 0x7f9874618068 1 -1 16 1354 53
get: 1496270098.104112 8 3 29 0x7f717c800340 0x7f987461d0f0 1 -1 16 1354 53
task: 1496270098.104300 8 30 29 L 215 28 24
task: 1496270098.104306 8 31 29 L 218 28 31
Btask: 1496270098.104398 8 31
Btask: 1496270098.104408 8 30
Etask: 1496270098.104411 8 31
Etask: 1496270098.104415 8 30
Etask: 1496270098.105350 8 29
task: 1496270098.116865 8 32 13 O 0 -5 129
Btask: 1496270098.116910 8 32
get: 1496270098.116920 8 0 32 0x7f716f800930 0x7f559201d5d8 1 -1 16 1002 53
get: 1496270098.117237 8 0 32 0x7f716f800650 0x7f55921114c0 1 -1 16 753 53
get: 1496270098.117366 8 0 32 0x7f716f800670 0x7f5592111520 1 -1 16 753 53
get: 1496270098.117585 8 0 32 0x7f716f800528 0x7f55921104e0 1 -1 8 492 26
get: 1496270098.117726 8 0 32 0x7f716f800530 0x7f55921104d8 1 -1 8 492 26
get: 1496270098.117854 8 0 32 0x7f716f8006a0 0x7f5592111568 1 -1 16 753 53
get: 1496270098.117983 8 0 32 0x7f716f800660 0x7f5592051580 1 -1 16 753 53
get: 1496270098.118198 8 0 32 0x7f716f800970 0x7f559201d5f0 1 -1 16 1003 53
get: 1496270098.118283 8 0 32 0x7f716f800980 0x7f5592111700 1 -1 16 1003 53
get: 1496270098.118368 8 0 32 0x7f716f800768 0x7f55921104e0 1 -1 8 492 26
get: 1496270098.118507 8 0 32 0x7f716f800770 0x7f55921104d8 1 -1 8 492 26
get: 1496270098.118632 8 0 32 0x7f716f8009b0 0x7f5592111748 1 -1 16 1003 53
put: 1496270098.118802 8 0 32 0x7f716f800a50 0x7f5592051880 1 -1 16 1003 53
f_executeOn: 1496270098.118941 8 0 -2 18 0x7f716f800e70 112 32
Etask: 1496270098.119139 8 32
task: 1496270098.147264 8 33 13 O 0 -5 32
Btask: 1496270098.147406 8 33
get: 1496270098.147461 8 3 33 0x7f716a800330 0x7f9874213040 1 -1 16 1354 53
get: 1496270098.147576 8 3 33 0x7f716a800350 0x7f987421a020 1 -1 16 1354 53
get: 1496270098.147630 8 3 33 0x7f716a7fff28 0x7f987400e160 1 -1 8 492 26
get: 1496270098.147741 8 3 33 0x7f716a7fff30 0x7f987400e158 1 -1 8 492 26
get: 1496270098.147906 8 3 33 0x7f716a800380 0x7f987421a068 1 -1 16 1354 53
get: 1496270098.148055 8 3 33 0x7f716a800340 0x7f987421f000 1 -1 16 1354 53
get: 1496270098.148132 8 3 33 0x7f716a800350 0x7f987421a020 1 -1 16 1354 53
get: 1496270098.148383 8 3 33 0x7f716a7fff28 0x7f987400e160 1 -1 8 492 26
get: 1496270098.148463 8 3 33 0x7f716a7fff30 0x7f987400e158 1 -1 8 492 26
get: 1496270098.148558 8 3 33 0x7f716a800380 0x7f987421a068 1 -1 16 1354 53
get: 1496270098.148710 8 3 33 0x7f716a800340 0x7f987421f010 1 -1 16 1354 53
get: 1496270098.148843 8 3 33 0x7f716a800350 0x7f987421a020 1 -1 16 1354 53
get: 1496270098.148939 8 3 33 0x7f716a7fff28 0x7f987400e160 1 -1 8 492 26
get: 1496270098.148993 8 3 33 0x7f716a7fff30 0x7f987400e158 1 -1 8 492 26
get: 1496270098.149054 8 3 33 0x7f716a800380 0x7f987421a068 1 -1 16 1354 53
get: 1496270098.149191 8 3 33 0x7f716a800340 0x7f987421f020 1 -1 16 1354 53
get: 1496270098.149300 8 3 33 0x7f716a800350 0x7f987421a020 1 -1 16 1354 53
get: 1496270098.149395 8 3 33 0x7f716a7fff28 0x7f987400e160 1 -1 8 492 26
get: 1496270098.149567 8 3 33 0x7f716a7fff30 0x7f987400e158 1 -1 8 492 26
get: 1496270098.149693 8 3 33 0x7f716a800380 0x7f987421a068 1 -1 16 1354 53
get: 1496270098.149906 8 3 33 0x7f716a800340 0x7f987421f030 1 -1 16 1354 53
get: 1496270098.150005 8 3 33 0x7f716a800350 0x7f987421a020 1 -1 16 1354 53
get: 1496270098.150228 8 3 33 0x7f716a7fff28 0x7f987400e160 1 -1 8 492 26
get: 1496270098.150494 8 3 33 0x7f716a7fff30 0x7f987400e158 1 -1 8 492 26
get: 1496270098.150631 8 3 33 0x7f716a800380 0x7f987421a068 1 -1 16 1354 53
get: 1496270098.150831 8 3 33 0x7f716a800340 0x7f987421f040 1 -1 16 1354 53
get: 1496270098.150925 8 3 33 0x7f716a800350 0x7f987421a020 1 -1 16 1354 53
get: 1496270098.151020 8 3 33 0x7f716a7fff28 0x7f987400e160 1 -1 8 492 26
get: 1496270098.151254 8 3 33 0x7f716a7fff30 0x7f987400e158 1 -1 8 492 26
get: 1496270098.151354 8 3 33 0x7f716a800380 0x7f987421a068 1 -1 16 1354 53
get: 1496270098.151446 8 3 33 0x7f716a800340 0x7f987421f050 1 -1 16 1354 53
get: 1496270098.151562 8 3 33 0x7f716a800350 0x7f987421a020 1 -1 16 1354 53
get: 1496270098.151697 8 3 33 0x7f716a7fff28 0x7f987400e160 1 -1 8 492 26
get: 1496270098.151763 8 3 33 0x7f716a7fff30 0x7f987400e158 1 -1 8 492 26
get: 1496270098.151853 8 3 33 0x7f716a800380 0x7f987421a068 1 -1 16 1354 53
get: 1496270098.152000 8 3 33 0x7f716a800340 0x7f987421f060 1 -1 16 1354 53
get: 1496270098.152168 8 3 33 0x7f716a800350 0x7f987421a020 1 -1 16 1354 53
get: 1496270098.152227 8 3 33 0x7f716a7fff28 0x7f987400e160 1 -1 8 492 26
get: 1496270098.152385 8 3 33 0x7f716a7fff30 0x7f987400e158 1 -1 8 492 26
get: 1496270098.152477 8 3 33 0x7f716a800380 0x7f987421a068 1 -1 16 1354 53
get: 1496270098.152531 8 3 33 0x7f716a800340 0x7f987421f070 1 -1 16 1354 53
get: 1496270098.152676 8 3 33 0x7f716a800350 0x7f987421a020 1 -1 16 1354 53
get: 1496270098.152811 8 3 33 0x7f716a7fff28 0x7f987400e160 1 -1 8 492 26
get: 1496270098.152909 8 3 33 0x7f716a7fff30 0x7f987400e158 1 -1 8 492 26
get: 1496270098.153079 8 3 33 0x7f716a800380 0x7f987421a068 1 -1 16 1354 53
get: 1496270098.153192 8 3 33 0x7f716a800340 0x7f987421f080 1 -1 16 1354 53
get: 1496270098.153314 8 3 33 0x7f716a800350 0x7f987421a020 1 -1 16 1354 53
get: 1496270098.153407 8 3 33 0x7f716a7fff28 0x7f987400e160 1 -1 8 492 26
get: 1496270098.153458 8 3 33 0x7f716a7fff30 0x7f987400e158 1 -1 8 492 26
get: 1496270098.153516 8 3 33 0x7f716a800380 0x7f987421a068 1 -1 16 1354 53
get: 1496270098.153570 8 3 33 0x7f716a800340 0x7f987421f090 1 -1 16 1354 53
get: 1496270098.153623 8 3 33 0x7f716a800350 0x7f987421a020 1 -1 16 1354 53
get: 1496270098.153676 8 3 33 0x7f716a7fff28 0x7f987400e160 1 -1 8 492 26
get: 1496270098.153732 8 3 33 0x7f716a7fff30 0x7f987400e158 1 -1 8 492 26
get: 1496270098.153921 8 3 33 0x7f716a800380 0x7f987421a068 1 -1 16 1354 53
get: 1496270098.154132 8 3 33 0x7f716a800340 0x7f987421f0a0 1 -1 16 1354 53
get: 1496270098.154280 8 3 33 0x7f716a800350 0x7f987421a020 1 -1 16 1354 53
get: 1496270098.154403 8 3 33 0x7f716a7fff28 0x7f987400e160 1 -1 8 492 26
get: 1496270098.154568 8 3 33 0x7f716a7fff30 0x7f987400e158 1 -1 8 492 26
get: 1496270098.154623 8 3 33 0x7f716a800380 0x7f987421a068 1 -1 16 1354 53
get: 1496270098.154746 8 3 33 0x7f716a800340 0x7f987421f0b0 1 -1 16 1354 53
get: 1496270098.154872 8 3 33 0x7f716a800350 0x7f987421a020 1 -1 16 1354 53
get: 1496270098.155107 8 3 33 0x7f716a7fff28 0x7f987400e160 1 -1 8 492 26
get: 1496270098.155356 8 3 33 0x7f716a7fff30 0x7f987400e158 1 -1 8 492 26
get: 1496270098.155523 8 3 33 0x7f716a800380 0x7f987421a068 1 -1 16 1354 53
get: 1496270098.155620 8 3 33 0x7f716a800340 0x7f987421f0c0 1 -1 16 1354 53
get: 1496270098.155679 8 3 33 0x7f716a800350 0x7f987421a020 1 -1 16 1354 53
get: 1496270098.155735 8 3 33 0x7f716a7fff28 0x7f987400e160 1 -1 8 492 26
get: 1496270098.155881 8 3 33 0x7f716a7fff30 0x7f987400e158 1 -1 8 492 26
get: 1496270098.156036 8 3 33 0x7f716a800380 0x7f987421a068 1 -1 16 1354 53
get: 1496270098.156225 8 3 33 0x7f716a800340 0x7f987421f0d0 1 -1 16 1354 53
get: 1496270098.156384 8 3 33 0x7f716a800350 0x7f987421a020 1 -1 16 1354 53
get: 1496270098.156451 8 3 33 0x7f716a7fff28 0x7f987400e160 1 -1 8 492 26
get: 1496270098.156545 8 3 33 0x7f716a7fff30 0x7f987400e158 1 -1 8 492 26
get: 1496270098.156597 8 3 33 0x7f716a800380 0x7f987421a068 1 -1 16 1354 53
get: 1496270098.156661 8 3 33 0x7f716a800340 0x7f987421f0e0 1 -1 16 1354 53
get: 1496270098.156757 8 3 33 0x7f716a800350 0x7f987421a020 1 -1 16 1354 53
get: 1496270098.156892 8 3 33 0x7f716a7fff28 0x7f987400e160 1 -1 8 492 26
get: 1496270098.157056 8 3 33 0x7f716a7fff30 0x7f987400e158 1 -1 8 492 26
get: 1496270098.157230 8 3 33 0x7f716a800380 0x7f987421a068 1 -1 16 1354 53
get: 1496270098.157285 8 3 33 0x7f716a800340 0x7f987421f0f0 1 -1 16 1354 53
task: 1496270098.157453 8 34 33 L 215 28 24
task: 1496270098.157467 8 35 33 L 218 28 31
Btask: 1496270098.157499 8 35
Btask: 1496270098.157511 8 34
Etask: 1496270098.157515 8 35
Etask: 1496270098.157524 8 34
Etask: 1496270098.157544 8 33
task: 1496270098.195251 8 36 1 O 0 -5 129
Btask: 1496270098.195423 8 36
get: 1496270098.195449 8 0 36 0x7f7165800930 0x7f559201d648 1 -1 16 1002 53
get: 1496270098.195702 8 0 36 0x7f7165800650 0x7f55921114c0 1 -1 16 753 53
get: 1496270098.195945 8 0 36 0x7f7165800670 0x7f5592111520 1 -1 16 753 53
get: 1496270098.196078 8 0 36 0x7f7165800528 0x7f55921104e0 1 -1 8 492 26
get: 1496270098.196221 8 0 36 0x7f7165800530 0x7f55921104d8 1 -1 8 492 26
get: 1496270098.196361 8 0 36 0x7f71658006a0 0x7f5592111568 1 -1 16 753 53
get: 1496270098.196521 8 0 36 0x7f7165800660 0x7f5592051580 1 -1 16 753 53
get: 1496270098.196695 8 0 36 0x7f7165800970 0x7f559201d660 1 -1 16 1003 53
get: 1496270098.196825 8 0 36 0x7f7165800980 0x7f55921117a0 1 -1 16 1003 53
get: 1496270098.196983 8 0 36 0x7f7165800768 0x7f55921104e0 1 -1 8 492 26
get: 1496270098.197125 8 0 36 0x7f7165800770 0x7f55921104d8 1 -1 8 492 26
get: 1496270098.197268 8 0 36 0x7f71658009b0 0x7f55921117e8 1 -1 16 1003 53
put: 1496270098.197461 8 0 36 0x7f7165800a50 0x7f5592051980 1 -1 16 1003 53
f_executeOn: 1496270098.197564 8 0 -2 18 0x7f7165800e70 112 36
Etask: 1496270098.197705 8 36
task: 1496270098.235783 8 37 1 O 0 -5 32
Btask: 1496270098.235915 8 37
get: 1496270098.235963 8 3 37 0x7f7160800330 0x7f9824e13040 1 -1 16 1354 53
get: 1496270098.236087 8 3 37 0x7f7160800350 0x7f9824e1a020 1 -1 16 1354 53
get: 1496270098.236205 8 3 37 0x7f71607fff28 0x7f987400e160 1 -1 8 492 26
get: 1496270098.236299 8 3 37 0x7f71607fff30 0x7f987400e158 1 -1 8 492 26
get: 1496270098.236345 8 3 37 0x7f7160800380 0x7f9824e1a068 1 -1 16 1354 53
get: 1496270098.236420 8 3 37 0x7f7160800340 0x7f9824e1f000 1 -1 16 1354 53
get: 1496270098.236508 8 3 37 0x7f7160800350 0x7f9824e1a020 1 -1 16 1354 53
get: 1496270098.236563 8 3 37 0x7f71607fff28 0x7f987400e160 1 -1 8 492 26
get: 1496270098.236609 8 3 37 0x7f71607fff30 0x7f987400e158 1 -1 8 492 26
get: 1496270098.236704 8 3 37 0x7f7160800380 0x7f9824e1a068 1 -1 16 1354 53
get: 1496270098.236805 8 3 37 0x7f7160800340 0x7f9824e1f010 1 -1 16 1354 53
get: 1496270098.236912 8 3 37 0x7f7160800350 0x7f9824e1a020 1 -1 16 1354 53
get: 1496270098.237001 8 3 37 0x7f71607fff28 0x7f987400e160 1 -1 8 492 26
get: 1496270098.237107 8 3 37 0x7f71607fff30 0x7f987400e158 1 -1 8 492 26
get: 1496270098.237159 8 3 37 0x7f7160800380 0x7f9824e1a068 1 -1 16 1354 53
get: 1496270098.237299 8 3 37 0x7f7160800340 0x7f9824e1f020 1 -1 16 1354 53
get: 1496270098.237390 8 3 37 0x7f7160800350 0x7f9824e1a020 1 -1 16 1354 53
get: 1496270098.237482 8 3 37 0x7f71607fff28 0x7f987400e160 1 -1 8 492 26
get: 1496270098.237530 8 3 37 0x7f71607fff30 0x7f987400e158 1 -1 8 492 26
get: 1496270098.237579 8 3 37 0x7f7160800380 0x7f9824e1a068 1 -1 16 1354 53
get: 1496270098.237627 8 3 37 0x7f7160800340 0x7f9824e1f030 1 -1 16 1354 53
get: 1496270098.237678 8 3 37 0x7f7160800350 0x7f9824e1a020 1 -1 16 1354 53
get: 1496270098.237725 8 3 37 0x7f71607fff28 0x7f987400e160 1 -1 8 492 26
get: 1496270098.237778 8 3 37 0x7f71607fff30 0x7f987400e158 1 -1 8 492 26
get: 1496270098.237823 8 3 37 0x7f7160800380 0x7f9824e1a068 1 -1 16 1354 53
get: 1496270098.237875 8 3 37 0x7f7160800340 0x7f9824e1f040 1 -1 16 1354 53
get: 1496270098.237927 8 3 37 0x7f7160800350 0x7f9824e1a020 1 -1 16 1354 53
get: 1496270098.238002 8 3 37 0x7f71607fff28 0x7f987400e160 1 -1 8 492 26
get: 1496270098.238083 8 3 37 0x7f71607fff30 0x7f987400e158 1 -1 8 492 26
get: 1496270098.238130 8 3 37 0x7f7160800380 0x7f9824e1a068 1 -1 16 1354 53
get: 1496270098.238184 8 3 37 0x7f7160800340 0x7f9824e1f050 1 -1 16 1354 53
get: 1496270098.238258 8 3 37 0x7f7160800350 0x7f9824e1a020 1 -1 16 1354 53
get: 1496270098.238364 8 3 37 0x7f71607fff28 0x7f987400e160 1 -1 8 492 26
get: 1496270098.238448 8 3 37 0x7f71607fff30 0x7f987400e158 1 -1 8 492 26
get: 1496270098.238501 8 3 37 0x7f7160800380 0x7f9824e1a068 1 -1 16 1354 53
get: 1496270098.238600 8 3 37 0x7f7160800340 0x7f9824e1f060 1 -1 16 1354 53
get: 1496270098.238650 8 3 37 0x7f7160800350 0x7f9824e1a020 1 -1 16 1354 53
get: 1496270098.238703 8 3 37 0x7f71607fff28 0x7f987400e160 1 -1 8 492 26
get: 1496270098.238752 8 3 37 0x7f71607fff30 0x7f987400e158 1 -1 8 492 26
get: 1496270098.238816 8 3 37 0x7f7160800380 0x7f9824e1a068 1 -1 16 1354 53
get: 1496270098.238906 8 3 37 0x7f7160800340 0x7f9824e1f070 1 -1 16 1354 53
get: 1496270098.239010 8 3 37 0x7f7160800350 0x7f9824e1a020 1 -1 16 1354 53
get: 1496270098.239074 8 3 37 0x7f71607fff28 0x7f987400e160 1 -1 8 492 26
get: 1496270098.239172 8 3 37 0x7f71607fff30 0x7f987400e158 1 -1 8 492 26
get: 1496270098.239230 8 3 37 0x7f7160800380 0x7f9824e1a068 1 -1 16 1354 53
get: 1496270098.239277 8 3 37 0x7f7160800340 0x7f9824e1f080 1 -1 16 1354 53
get: 1496270098.239325 8 3 37 0x7f7160800350 0x7f9824e1a020 1 -1 16 1354 53
get: 1496270098.239373 8 3 37 0x7f71607fff28 0x7f987400e160 1 -1 8 492 26
get: 1496270098.239424 8 3 37 0x7f71607fff30 0x7f987400e158 1 -1 8 492 26
get: 1496270098.239472 8 3 37 0x7f7160800380 0x7f9824e1a068 1 -1 16 1354 53
get: 1496270098.239531 8 3 37 0x7f7160800340 0x7f9824e1f090 1 -1 16 1354 53
get: 1496270098.239580 8 3 37 0x7f7160800350 0x7f9824e1a020 1 -1 16 1354 53
get: 1496270098.239628 8 3 37 0x7f71607fff28 0x7f987400e160 1 -1 8 492 26
get: 1496270098.239678 8 3 37 0x7f71607fff30 0x7f987400e158 1 -1 8 492 26
get: 1496270098.239727 8 3 37 0x7f7160800380 0x7f9824e1a068 1 -1 16 1354 53
get: 1496270098.239776 8 3 37 0x7f7160800340 0x7f9824e1f0a0 1 -1 16 1354 53
get: 1496270098.239849 8 3 37 0x7f7160800350 0x7f9824e1a020 1 -1 16 1354 53
get: 1496270098.239933 8 3 37 0x7f71607fff28 0x7f987400e160 1 -1 8 492 26
get: 1496270098.240006 8 3 37 0x7f71607fff30 0x7f987400e158 1 -1 8 492 26
get: 1496270098.240087 8 3 37 0x7f7160800380 0x7f9824e1a068 1 -1 16 1354 53
get: 1496270098.240136 8 3 37 0x7f7160800340 0x7f9824e1f0b0 1 -1 16 1354 53
get: 1496270098.240186 8 3 37 0x7f7160800350 0x7f9824e1a020 1 -1 16 1354 53
get: 1496270098.240241 8 3 37 0x7f71607fff28 0x7f987400e160 1 -1 8 492 26
get: 1496270098.240292 8 3 37 0x7f71607fff30 0x7f987400e158 1 -1 8 492 26
get: 1496270098.240340 8 3 37 0x7f7160800380 0x7f9824e1a068 1 -1 16 1354 53
get: 1496270098.240428 8 3 37 0x7f7160800340 0x7f9824e1f0c0 1 -1 16 1354 53
get: 1496270098.240527 8 3 37 0x7f7160800350 0x7f9824e1a020 1 -1 16 1354 53
get: 1496270098.240590 8 3 37 0x7f71607fff28 0x7f987400e160 1 -1 8 492 26
get: 1496270098.240672 8 3 37 0x7f71607fff30 0x7f987400e158 1 -1 8 492 26
get: 1496270098.240736 8 3 37 0x7f7160800380 0x7f9824e1a068 1 -1 16 1354 53
get: 1496270098.240817 8 3 37 0x7f7160800340 0x7f9824e1f0d0 1 -1 16 1354 53
get: 1496270098.240907 8 3 37 0x7f7160800350 0x7f9824e1a020 1 -1 16 1354 53
get: 1496270098.240997 8 3 37 0x7f71607fff28 0x7f987400e160 1 -1 8 492 26
get: 1496270098.241074 8 3 37 0x7f71607fff30 0x7f987400e158 1 -1 8 492 26
get: 1496270098.241159 8 3 37 0x7f7160800380 0x7f9824e1a068 1 -1 16 1354 53
get: 1496270098.241214 8 3 37 0x7f7160800340 0x7f9824e1f0e0 1 -1 16 1354 53
get: 1496270098.241268 8 3 37 0x7f7160800350 0x7f9824e1a020 1 -1 16 1354 53
get: 1496270098.241326 8 3 37 0x7f71607fff28 0x7f987400e160 1 -1 8 492 26
get: 1496270098.241378 8 3 37 0x7f71607fff30 0x7f987400e158 1 -1 8 492 26
get: 1496270098.241424 8 3 37 0x7f7160800380 0x7f9824e1a068 1 -1 16 1354 53
get: 1496270098.241474 8 3 37 0x7f7160800340 0x7f9824e1f0f0 1 -1 16 1354 53
task: 1496270098.241535 8 38 37 L 215 28 24
task: 1496270098.241542 8 39 37 L 218 28 31
Btask: 1496270098.241614 8 38
Btask: 1496270098.241626 8 39
Etask: 1496270098.241645 8 38
Etask: 1496270098.241651 8 39
Etask: 1496270098.241665 8 37
task: 1496270098.454085 8 40 1 O 0 -5 129
Btask: 1496270098.454232 8 40
get: 1496270098.454241 8 0 40 0x7f715b800930 0x7f559201d6b8 1 -1 16 1002 53
get: 1496270098.454352 8 0 40 0x7f715b800650 0x7f55921114c0 1 -1 16 753 53
get: 1496270098.454610 8 0 40 0x7f715b800670 0x7f5592111520 1 -1 16 753 53
get: 1496270098.454743 8 0 40 0x7f715b800528 0x7f55921104e0 1 -1 8 492 26
get: 1496270098.454914 8 0 40 0x7f715b800530 0x7f55921104d8 1 -1 8 492 26
get: 1496270098.455018 8 0 40 0x7f715b8006a0 0x7f5592111568 1 -1 16 753 53
get: 1496270098.455164 8 0 40 0x7f715b800660 0x7f5592051580 1 -1 16 753 53
get: 1496270098.455335 8 0 40 0x7f715b800970 0x7f559201d6d0 1 -1 16 1003 53
get: 1496270098.455465 8 0 40 0x7f715b800980 0x7f5592111840 1 -1 16 1003 53
get: 1496270098.455631 8 0 40 0x7f715b800768 0x7f55921104e0 1 -1 8 492 26
get: 1496270098.455749 8 0 40 0x7f715b800770 0x7f55921104d8 1 -1 8 492 26
get: 1496270098.455840 8 0 40 0x7f715b8009b0 0x7f5592111888 1 -1 16 1003 53
put: 1496270098.455984 8 0 40 0x7f715b800a50 0x7f5592051a80 1 -1 16 1003 53
f_executeOn: 1496270098.456085 8 0 -2 18 0x7f715b800e70 112 40
Etask: 1496270098.456232 8 40
task: 1496270098.469539 8 41 13 O 0 -5 32
Btask: 1496270098.469638 8 41
get: 1496270098.469684 8 3 41 0x7f7156800330 0x7f981aa10040 1 -1 16 1354 53
get: 1496270098.469796 8 3 41 0x7f7156800350 0x7f981aa17020 1 -1 16 1354 53
get: 1496270098.469966 8 3 41 0x7f71567fff28 0x7f987400e160 1 -1 8 492 26
get: 1496270098.470096 8 3 41 0x7f71567fff30 0x7f987400e158 1 -1 8 492 26
get: 1496270098.470232 8 3 41 0x7f7156800380 0x7f981aa17068 1 -1 16 1354 53
get: 1496270098.470411 8 3 41 0x7f7156800340 0x7f981aa1c000 1 -1 16 1354 53
get: 1496270098.470532 8 3 41 0x7f7156800350 0x7f981aa17020 1 -1 16 1354 53
get: 1496270098.470653 8 3 41 0x7f71567fff28 0x7f987400e160 1 -1 8 492 26
get: 1496270098.470783 8 3 41 0x7f71567fff30 0x7f987400e158 1 -1 8 492 26
get: 1496270098.470870 8 3 41 0x7f7156800380 0x7f981aa17068 1 -1 16 1354 53
get: 1496270098.470918 8 3 41 0x7f7156800340 0x7f981aa1c010 1 -1 16 1354 53
get: 1496270098.470973 8 3 41 0x7f7156800350 0x7f981aa17020 1 -1 16 1354 53
get: 1496270098.471018 8 3 41 0x7f71567fff28 0x7f987400e160 1 -1 8 492 26
get: 1496270098.471068 8 3 41 0x7f71567fff30 0x7f987400e158 1 -1 8 492 26
get: 1496270098.471138 8 3 41 0x7f7156800380 0x7f981aa17068 1 -1 16 1354 53
get: 1496270098.471220 8 3 41 0x7f7156800340 0x7f981aa1c020 1 -1 16 1354 53
get: 1496270098.471269 8 3 41 0x7f7156800350 0x7f981aa17020 1 -1 16 1354 53
get: 1496270098.471318 8 3 41 0x7f71567fff28 0x7f987400e160 1 -1 8 492 26
get: 1496270098.471387 8 3 41 0x7f71567fff30 0x7f987400e158 1 -1 8 492 26
get: 1496270098.471468 8 3 41 0x7f7156800380 0x7f981aa17068 1 -1 16 1354 53
get: 1496270098.471521 8 3 41 0x7f7156800340 0x7f981aa1c030 1 -1 16 1354 53
get: 1496270098.471575 8 3 41 0x7f7156800350 0x7f981aa17020 1 -1 16 1354 53
get: 1496270098.471627 8 3 41 0x7f71567fff28 0x7f987400e160 1 -1 8 492 26
get: 1496270098.471682 8 3 41 0x7f71567fff30 0x7f987400e158 1 -1 8 492 26
get: 1496270098.471727 8 3 41 0x7f7156800380 0x7f981aa17068 1 -1 16 1354 53
get: 1496270098.471780 8 3 41 0x7f7156800340 0x7f981aa1c040 1 -1 16 1354 53
get: 1496270098.471828 8 3 41 0x7f7156800350 0x7f981aa17020 1 -1 16 1354 53
get: 1496270098.471876 8 3 41 0x7f71567fff28 0x7f987400e160 1 -1 8 492 26
get: 1496270098.471924 8 3 41 0x7f71567fff30 0x7f987400e158 1 -1 8 492 26
get: 1496270098.471982 8 3 41 0x7f7156800380 0x7f981aa17068 1 -1 16 1354 53
get: 1496270098.472027 8 3 41 0x7f7156800340 0x7f981aa1c050 1 -1 16 1354 53
get: 1496270098.472077 8 3 41 0x7f7156800350 0x7f981aa17020 1 -1 16 1354 53
get: 1496270098.472154 8 3 41 0x7f71567fff28 0x7f987400e160 1 -1 8 492 26
get: 1496270098.472242 8 3 41 0x7f71567fff30 0x7f987400e158 1 -1 8 492 26
get: 1496270098.472297 8 3 41 0x7f7156800380 0x7f981aa17068 1 -1 16 1354 53
get: 1496270098.472358 8 3 41 0x7f7156800340 0x7f981aa1c060 1 -1 16 1354 53
get: 1496270098.472411 8 3 41 0x7f7156800350 0x7f981aa17020 1 -1 16 1354 53
get: 1496270098.472457 8 3 41 0x7f71567fff28 0x7f987400e160 1 -1 8 492 26
get: 1496270098.472506 8 3 41 0x7f71567fff30 0x7f987400e158 1 -1 8 492 26
get: 1496270098.472555 8 3 41 0x7f7156800380 0x7f981aa17068 1 -1 16 1354 53
get: 1496270098.472603 8 3 41 0x7f7156800340 0x7f981aa1c070 1 -1 16 1354 53
get: 1496270098.472654 8 3 41 0x7f7156800350 0x7f981aa17020 1 -1 16 1354 53
get: 1496270098.472701 8 3 41 0x7f71567fff28 0x7f987400e160 1 -1 8 492 26
get: 1496270098.472749 8 3 41 0x7f71567fff30 0x7f987400e158 1 -1 8 492 26
get: 1496270098.472853 8 3 41 0x7f7156800380 0x7f981aa17068 1 -1 16 1354 53
get: 1496270098.472903 8 3 41 0x7f7156800340 0x7f981aa1c080 1 -1 16 1354 53
get: 1496270098.472964 8 3 41 0x7f7156800350 0x7f981aa17020 1 -1 16 1354 53
get: 1496270098.473014 8 3 41 0x7f71567fff28 0x7f987400e160 1 -1 8 492 26
get: 1496270098.473099 8 3 41 0x7f71567fff30 0x7f987400e158 1 -1 8 492 26
get: 1496270098.473188 8 3 41 0x7f7156800380 0x7f981aa17068 1 -1 16 1354 53
get: 1496270098.473240 8 3 41 0x7f7156800340 0x7f981aa1c090 1 -1 16 1354 53
get: 1496270098.473289 8 3 41 0x7f7156800350 0x7f981aa17020 1 -1 16 1354 53
get: 1496270098.473349 8 3 41 0x7f71567fff28 0x7f987400e160 1 -1 8 492 26
get: 1496270098.473393 8 3 41 0x7f71567fff30 0x7f987400e158 1 -1 8 492 26
get: 1496270098.473496 8 3 41 0x7f7156800380 0x7f981aa17068 1 -1 16 1354 53
get: 1496270098.473549 8 3 41 0x7f7156800340 0x7f981aa1c0a0 1 -1 16 1354 53
get: 1496270098.473597 8 3 41 0x7f7156800350 0x7f981aa17020 1 -1 16 1354 53
get: 1496270098.473648 8 3 41 0x7f71567fff28 0x7f987400e160 1 -1 8 492 26
get: 1496270098.473705 8 3 41 0x7f71567fff30 0x7f987400e158 1 -1 8 492 26
get: 1496270098.473801 8 3 41 0x7f7156800380 0x7f981aa17068 1 -1 16 1354 53
get: 1496270098.473850 8 3 41 0x7f7156800340 0x7f981aa1c0b0 1 -1 16 1354 53
get: 1496270098.473901 8 3 41 0x7f7156800350 0x7f981aa17020 1 -1 16 1354 53
get: 1496270098.473950 8 3 41 0x7f71567fff28 0x7f987400e160 1 -1 8 492 26
get: 1496270098.473999 8 3 41 0x7f71567fff30 0x7f987400e158 1 -1 8 492 26
get: 1496270098.474059 8 3 41 0x7f7156800380 0x7f981aa17068 1 -1 16 1354 53
get: 1496270098.474105 8 3 41 0x7f7156800340 0x7f981aa1c0c0 1 -1 16 1354 53
get: 1496270098.474154 8 3 41 0x7f7156800350 0x7f981aa17020 1 -1 16 1354 53
get: 1496270098.474205 8 3 41 0x7f71567fff28 0x7f987400e160 1 -1 8 492 26
get: 1496270098.474251 8 3 41 0x7f71567fff30 0x7f987400e158 1 -1 8 492 26
get: 1496270098.474315 8 3 41 0x7f7156800380 0x7f981aa17068 1 -1 16 1354 53
get: 1496270098.474360 8 3 41 0x7f7156800340 0x7f981aa1c0d0 1 -1 16 1354 53
get: 1496270098.474411 8 3 41 0x7f7156800350 0x7f981aa17020 1 -1 16 1354 53
get: 1496270098.474462 8 3 41 0x7f71567fff28 0x7f987400e160 1 -1 8 492 26
get: 1496270098.474526 8 3 41 0x7f71567fff30 0x7f987400e158 1 -1 8 492 26
get: 1496270098.474607 8 3 41 0x7f7156800380 0x7f981aa17068 1 -1 16 1354 53
get: 1496270098.474655 8 3 41 0x7f7156800340 0x7f981aa1c0e0 1 -1 16 1354 53
get: 1496270098.474716 8 3 41 0x7f7156800350 0x7f981aa17020 1 -1 16 1354 53
get: 1496270098.474759 8 3 41 0x7f71567fff28 0x7f987400e160 1 -1 8 492 26
get: 1496270098.474819 8 3 41 0x7f71567fff30 0x7f987400e158 1 -1 8 492 26
get: 1496270098.474868 8 3 41 0x7f7156800380 0x7f981aa17068 1 -1 16 1354 53
get: 1496270098.474914 8 3 41 0x7f7156800340 0x7f981aa1c0f0 1 -1 16 1354 53
task: 1496270098.474978 8 42 41 L 215 28 24
task: 1496270098.474988 8 43 41 L 218 28 31
Btask: 1496270098.475045 8 43
Btask: 1496270098.475043 8 42
Etask: 1496270098.475073 8 43
Etask: 1496270098.475079 8 42
Etask: 1496270098.475094 8 41
task: 1496270098.522153 8 44 13 O 0 -5 158
Btask: 1496270098.522289 8 44
VdbMark: 1496270098.522300 8 44
task: 1496270098.522323 8 45 44 L 98 52 157
task: 1496270098.522331 8 46 44 L 98 52 157
task: 1496270098.522337 8 47 44 L 98 52 157
Btask: 1496270098.522376 8 45
Btask: 1496270098.522375 8 46
fork: 1496270098.522396 8 12 -2 158 0x7f7181800dd0 168 45 
fork: 1496270098.522398 8 10 -2 158 0x7f717c800dd0 168 46 
Btask: 1496270098.522415 8 47
fork: 1496270098.522429 8 9 -2 158 0x7f716f800dd0 168 47 
Etask: 1496270098.522852 8 47
Etask: 1496270098.527776 8 46
Etask: 1496270098.530050 8 45
Tag: 1496270098.530054 1.380000 0.964000 8 44 2
Etask: 1496270098.530097 8 44
task: 1496270098.530389 8 48 13 O 0 -5 164
Btask: 1496270098.530520 8 48
f_executeOn: 1496270098.530598 8 0 -2 18 0x7f714c800e20 112 48
Etask: 1496270098.530848 8 48
task: 1496270098.537671 8 49 1 O 0 -5 158
Btask: 1496270098.537732 8 49
VdbMark: 1496270098.537764 8 49
task: 1496270098.537778 8 50 49 L 98 52 157
task: 1496270098.537787 8 51 49 L 98 52 157
task: 1496270098.537794 8 52 49 L 98 52 157
Btask: 1496270098.537804 8 51
fork: 1496270098.537811 8 10 -2 158 0x7f7181800dd0 168 51 
Btask: 1496270098.537812 8 52
fork: 1496270098.537820 8 9 -2 158 0x7f717c800dd0 168 52 
Btask: 1496270098.537827 8 50
fork: 1496270098.537840 8 12 -2 158 0x7f7187003dd0 168 50 
Etask: 1496270098.538270 8 52
Etask: 1496270098.538727 8 51
Etask: 1496270098.557426 8 50
Tag: 1496270098.557431 1.440000 1.008000 8 49 3
Etask: 1496270098.557486 8 49
task: 1496270098.581965 8 53 1 O 0 -5 158
Btask: 1496270098.582022 8 53
VdbMark: 1496270098.582041 8 53
task: 1496270098.582055 8 54 53 L 98 52 157
task: 1496270098.582065 8 55 53 L 98 52 157
task: 1496270098.582071 8 56 53 L 98 52 157
Btask: 1496270098.582079 8 54
Btask: 1496270098.582098 8 55
fork: 1496270098.582100 8 12 -2 158 0x7f7181800dd0 168 54 
fork: 1496270098.582105 8 10 -2 158 0x7f717c800dd0 168 55 
Btask: 1496270098.582130 8 56
fork: 1496270098.582143 8 9 -2 158 0x7f716f800dd0 168 56 
Etask: 1496270098.582585 8 56
Etask: 1496270098.583030 8 55
Etask: 1496270098.589401 8 54
Tag: 1496270098.589404 1.480000 1.052000 8 53 4
Etask: 1496270098.589440 8 53
task: 1496270098.590577 8 57 13 O 0 -5 162
Btask: 1496270098.590631 8 57
get: 1496270098.590647 8 3 57 0x7f7181800a80 0x7f987481f020 1 -1 8 31 51
get: 1496270098.590790 8 3 57 0x7f7181800a90 0x7f987481f028 1 -1 16 31 51
get: 1496270098.590924 8 1 57 0x7f71818009c0 0x7f51dac1d020 1 -1 8 31 51
get: 1496270098.591106 8 1 57 0x7f71818009d0 0x7f51dac1d028 1 -1 16 31 51
task: 1496270098.591214 8 58 57 L 30 51 159
task: 1496270098.591225 8 59 57 L 32 51 161
Btask: 1496270098.591235 8 59
Etask: 1496270098.591241 8 59
Btask: 1496270098.591245 8 58
Etask: 1496270098.591257 8 58
Etask: 1496270098.591269 8 57
task: 1496270098.597590 8 60 13 O 0 -5 158
Btask: 1496270098.597615 8 60
VdbMark: 1496270098.597620 8 60
task: 1496270098.597628 8 61 60 L 98 52 157
task: 1496270098.597636 8 62 60 L 98 52 157
task: 1496270098.597641 8 63 60 L 98 52 157
Btask: 1496270098.597659 8 61
fork: 1496270098.597671 8 12 -2 158 0x7f716a800dd0 168 61 
Btask: 1496270098.597689 8 62
Btask: 1496270098.597691 8 63
fork: 1496270098.597705 8 9 -2 158 0x7f7160800dd0 168 63 
fork: 1496270098.597705 8 10 -2 158 0x7f7165800dd0 168 62 
Etask: 1496270098.598059 8 63
Etask: 1496270098.598684 8 62
Etask: 1496270098.604361 8 61
Tag: 1496270098.604363 1.520000 1.068000 8 60 5
Etask: 1496270098.604419 8 60
task: 1496270098.608029 8 64 1 O 0 -5 158
Btask: 1496270098.608085 8 64
VdbMark: 1496270098.608097 8 64
task: 1496270098.608104 8 65 64 L 98 52 157
task: 1496270098.608113 8 66 64 L 98 52 157
task: 1496270098.608117 8 67 64 L 98 52 157
Btask: 1496270098.608163 8 67
fork: 1496270098.608172 8 9 -2 158 0x7f716a800dd0 168 67 
Btask: 1496270098.608281 8 65
fork: 1496270098.608293 8 12 -2 158 0x7f717c800dd0 168 65 
Btask: 1496270098.608238 8 66
fork: 1496270098.608321 8 10 -2 158 0x7f7170003dd0 168 66 
Etask: 1496270098.608497 8 67
Etask: 1496270098.609428 8 66
Etask: 1496270098.612250 8 65
Tag: 1496270098.612253 1.552000 1.068000 8 64 6
Etask: 1496270098.612298 8 64
task: 1496270098.612890 8 68 1 O 0 -5 168
Btask: 1496270098.612917 8 68
task: 1496270098.612932 8 69 68 L 76 51 165
task: 1496270098.612941 8 70 68 L 78 51 167
task: 1496270098.612952 8 71 68 L 80 51 169
Btask: 1496270098.612954 8 69
Etask: 1496270098.612960 8 69
Btask: 1496270098.612960 8 70
Etask: 1496270098.612965 8 70
Btask: 1496270098.612976 8 71
Etask: 1496270098.612986 8 71
Etask: 1496270098.613008 8 68
task: 1496270098.624613 8 72 1 O 0 -5 158
Btask: 1496270098.624657 8 72
VdbMark: 1496270098.624675 8 72
task: 1496270098.624690 8 73 72 L 98 52 157
task: 1496270098.624701 8 74 72 L 98 52 157
task: 1496270098.624710 8 75 72 L 98 52 157
Btask: 1496270098.624723 8 74
Btask: 1496270098.624731 8 75
fork: 1496270098.624731 8 10 -2 158 0x7f717c800dd0 168 74 
fork: 1496270098.624738 8 9 -2 158 0x7f716f800dd0 168 75 
Btask: 1496270098.624744 8 73
fork: 1496270098.624757 8 12 -2 158 0x7f7181800dd0 168 73 
Etask: 1496270098.625153 8 75
Etask: 1496270098.625831 8 74
Etask: 1496270098.649355 8 73
Tag: 1496270098.649362 1.648000 1.104000 8 72 7
Etask: 1496270098.649410 8 72
task: 1496270098.672671 8 76 1 O 0 -5 158
Btask: 1496270098.672712 8 76
VdbMark: 1496270098.672726 8 76
task: 1496270098.672739 8 77 76 L 98 52 157
task: 1496270098.672747 8 78 76 L 98 52 157
task: 1496270098.672753 8 79 76 L 98 52 157
Btask: 1496270098.672774 8 78
Btask: 1496270098.672774 8 77
Btask: 1496270098.672783 8 79
fork: 1496270098.672784 8 10 -2 158 0x7f717c800dd0 168 78 
fork: 1496270098.672786 8 12 -2 158 0x7f7181800dd0 168 77 
fork: 1496270098.672791 8 9 -2 158 0x7f716f800dd0 168 79 
Etask: 1496270098.673221 8 79
Etask: 1496270098.673619 8 78
Etask: 1496270098.681964 8 77
Tag: 1496270098.681967 1.716000 1.124000 8 76 8
Etask: 1496270098.682196 8 76
task: 1496270098.682475 8 80 1 O 0 -5 171
Btask: 1496270098.682543 8 80
task: 1496270098.682566 8 81 80 L 113 51 170
task: 1496270098.682571 8 82 80 L 113 51 170
Btask: 1496270098.682579 8 81
task: 1496270098.682580 8 83 80 L 113 51 170
fork: 1496270098.682584 8 12 -2 171 0x7f7181800e60 96 81 
Btask: 1496270098.682592 8 82
fork: 1496270098.682597 8 10 -2 171 0x7f717c800e60 96 82 
Btask: 1496270098.682605 8 83
fork: 1496270098.682623 8 9 -2 171 0x7f716f800e60 96 83 
Etask: 1496270098.683099 8 83
Etask: 1496270098.683148 8 82
Etask: 1496270098.689335 8 81
Etask: 1496270098.689368 8 80
task: 1496270098.689625 8 84 13 O 0 -5 158
Btask: 1496270098.689697 8 84
VdbMark: 1496270098.689711 8 84
task: 1496270098.689719 8 85 84 L 98 52 157
task: 1496270098.689724 8 86 84 L 98 52 157
Btask: 1496270098.689731 8 85
task: 1496270098.689733 8 87 84 L 98 52 157
fork: 1496270098.689736 8 12 -2 158 0x7f7181800dd0 168 85 
Btask: 1496270098.689745 8 86
fork: 1496270098.689750 8 10 -2 158 0x7f717c800dd0 168 86 
Btask: 1496270098.689755 8 87
fork: 1496270098.689761 8 9 -2 158 0x7f716f800dd0 168 87 
Etask: 1496270098.690077 8 87
Etask: 1496270098.690329 8 86
Etask: 1496270098.701846 8 85
Tag: 1496270098.701849 1.776000 1.152000 8 84 9
Etask: 1496270098.701901 8 84
task: 1496270098.725880 8 88 13 O 0 -5 158
Btask: 1496270098.725967 8 88
VdbMark: 1496270098.725984 8 88
task: 1496270098.725998 8 89 88 L 98 52 157
task: 1496270098.726007 8 90 88 L 98 52 157
task: 1496270098.726014 8 91 88 L 98 52 157
Btask: 1496270098.726042 8 89
Btask: 1496270098.726052 8 91
fork: 1496270098.726064 8 12 -2 158 0x7f716a800dd0 168 89 
Btask: 1496270098.726066 8 90
fork: 1496270098.726067 8 9 -2 158 0x7f7160800dd0 168 91 
fork: 1496270098.726079 8 10 -2 158 0x7f7165800dd0 168 90 
Etask: 1496270098.726510 8 91
Etask: 1496270098.727032 8 90
Etask: 1496270098.728471 8 89
Pause: 1496270098.728472 1.824000 1.172000 8 88 9
VdbMark: 1496270098.728921 8 92
Tag: 1496270098.733804 1.848000 1.176000 8 92 10
Etask: 1496270098.733835 8 92
task: 1496270098.733961 8 96 1 O 0 -5 172
Btask: 1496270098.733994 8 96
get: 1496270098.733999 8 0 96 0x7f7186800e80 0x7f55537ffd58 1 -1 8 157 51
get: 1496270098.734137 8 0 96 0x7f7186800e88 0x7f55537ffd58 1 -1 8 157 51
fork: 1496270098.734308 8 12 -2 172 0x7f7186800d90 120 96 
fork: 1496270098.751491 8 10 -2 172 0x7f7186800d90 120 96 
fork: 1496270098.754373 8 9 -2 172 0x7f7186800d90 120 96 
Etask: 1496270098.755695 8 96
task: 1496270098.762786 8 97 13 O 0 -5 158
Btask: 1496270098.762831 8 97
VdbMark: 1496270098.762845 8 97
task: 1496270098.762855 8 98 97 L 98 52 157
task: 1496270098.762867 8 99 97 L 98 52 157
task: 1496270098.762874 8 100 97 L 98 52 157
Btask: 1496270098.762888 8 98
fork: 1496270098.762900 8 12 -2 158 0x7f716a800dd0 168 98 
Btask: 1496270098.762902 8 100
fork: 1496270098.762915 8 9 -2 158 0x7f7160800dd0 168 100 
Btask: 1496270098.762916 8 99
fork: 1496270098.762926 8 10 -2 158 0x7f7165800dd0 168 99 
Etask: 1496270098.763359 8 100
Etask: 1496270098.763554 8 99
Etask: 1496270098.764314 8 98
Tag: 1496270098.764316 1.908000 1.200000 8 97 11
Etask: 1496270098.764350 8 97
task: 1496270098.786647 8 101 13 O 0 -5 158
Btask: 1496270098.786727 8 101
VdbMark: 1496270098.786744 8 101
task: 1496270098.786755 8 102 101 L 98 52 157
task: 1496270098.786760 8 103 101 L 98 52 157
task: 1496270098.786767 8 104 101 L 98 52 157
Btask: 1496270098.786782 8 103
fork: 1496270098.786790 8 10 -2 158 0x7f717c800dd0 168 103 
Btask: 1496270098.786800 8 102
fork: 1496270098.786806 8 12 -2 158 0x7f7182003dd0 168 102 
Btask: 1496270098.786819 8 104
fork: 1496270098.786832 8 9 -2 158 0x7f716f800dd0 168 104 
Etask: 1496270098.787242 8 104
Etask: 1496270098.787488 8 103
Etask: 1496270098.788444 8 102
Pause: 1496270098.788469 1.960000 1.208000 8 101 11
VdbMark: 1496270098.790739 8 105
Tag: 1496270098.796373 1.992000 1.212000 8 105 12
Etask: 1496270098.796397 8 105
task: 1496270098.796594 8 109 1 O 0 -5 174
Btask: 1496270098.796623 8 109
task: 1496270098.796640 8 110 109 L 201 51 173
task: 1496270098.796648 8 111 109 L 201 51 173
task: 1496270098.796654 8 112 109 L 201 51 173
Btask: 1496270098.796669 8 112
fork: 1496270098.796688 8 9 -2 174 0x7f715b800e30 120 112 
Btask: 1496270098.796689 8 110
Btask: 1496270098.796692 8 111
fork: 1496270098.796699 8 12 -2 174 0x7f7165800e30 120 110 
fork: 1496270098.796703 8 10 -2 174 0x7f7160800e30 120 111 
Etask: 1496270098.797321 8 112
Etask: 1496270098.798960 8 111
Etask: 1496270098.808805 8 110
Etask: 1496270098.808843 8 109
task: 1496270098.809095 8 113 13 O 0 -5 158
Btask: 1496270098.809131 8 113
VdbMark: 1496270098.809140 8 113
task: 1496270098.809151 8 114 113 L 98 52 157
task: 1496270098.809158 8 115 113 L 98 52 157
task: 1496270098.809164 8 116 113 L 98 52 157
Btask: 1496270098.809178 8 115
fork: 1496270098.809188 8 10 -2 158 0x7f7165800dd0 168 115 
Btask: 1496270098.809193 8 116
fork: 1496270098.809200 8 9 -2 158 0x7f7160800dd0 168 116 
Btask: 1496270098.809219 8 114
fork: 1496270098.809230 8 12 -2 158 0x7f716b003dd0 168 114 
Etask: 1496270098.811832 8 116
Etask: 1496270098.813698 8 115
Etask: 1496270098.823494 8 114
End: 1496270098.823520 2.052000 1.260000 8 113
