ChplVdebug: ver 1.2 nodes 16 nid 12 tid 2 seq 56097699490.000 1496270097.719671 0.388000 0.172000 
Etask: 1496270097.721209 12 2
task: 1496270097.729640 12 3 4 O 0 -5 158
Btask: 1496270097.730203 12 3
VdbMark: 1496270097.730673 12 3
task: 1496270097.730685 12 5 3 L 98 52 157
task: 1496270097.730696 12 6 3 L 98 52 157
Btask: 1496270097.730717 12 5
fork: 1496270097.731189 12 14 -2 158 0x7f30b2800dd0 168 5 
Btask: 1496270097.731220 12 6
fork: 1496270097.731240 12 13 -2 158 0x7f30b3003dd0 168 6 
Etask: 1496270097.732525 12 6
Etask: 1496270097.749424 12 5
Tag: 1496270097.749426 0.448000 0.208000 12 3 0
Etask: 1496270097.749463 12 3
task: 1496270097.752322 12 7 4 O 0 -5 123
Btask: 1496270097.752857 12 7
get: 1496270097.753352 12 0 7 0x7f3092800c50 0x7f5592184348 1 -1 16 451 53
get: 1496270097.753544 12 0 7 0x7f3092800c60 0x7f55921113e0 1 -1 16 451 53
get: 1496270097.753663 12 0 7 0x7f3092800b08 0x7f55921104e0 1 -1 8 492 26
get: 1496270097.753824 12 0 7 0x7f3092800b10 0x7f55921104d8 1 -1 8 492 26
get: 1496270097.754003 12 0 7 0x7f3092800c90 0x7f5592111428 1 -1 16 451 53
put: 1496270097.754182 12 0 7 0x7f3092800cb0 0x7f55920514c0 1 -1 16 451 53
f_executeOn: 1496270097.754366 12 0 -2 18 0x7f3092800df0 112 7
Etask: 1496270097.754507 12 7
task: 1496270097.793221 12 8 4 O 0 -5 33
Btask: 1496270097.793767 12 8
get: 1496270097.794364 12 5 8 0x7f308d7fff30 0x7f34b9e0f0a8 1 -1 16 1295 53
get: 1496270097.794657 12 5 8 0x7f308d7ffe30 0x7f34b9e0f088 1 -1 16 1294 53
get: 1496270097.794804 12 5 8 0x7f308d7ffe50 0x7f34b9e17020 1 -1 16 1294 53
get: 1496270097.794952 12 5 8 0x7f308d7ff9a8 0x7f34b9e0e160 1 -1 8 492 26
get: 1496270097.795116 12 5 8 0x7f308d7ff9b0 0x7f34b9e0e158 1 -1 8 492 26
get: 1496270097.795278 12 5 8 0x7f308d7ffe80 0x7f34b9e17068 1 -1 16 1294 53
get: 1496270097.795421 12 5 8 0x7f308d7ffe40 0x7f34b9e20000 1 -1 16 1294 53
get: 1496270097.795556 12 5 8 0x7f308d7fff50 0x7f34b9e170c0 1 -1 16 1295 53
get: 1496270097.795723 12 5 8 0x7f308d7ff9a8 0x7f34b9e0e160 1 -1 8 492 26
get: 1496270097.795873 12 5 8 0x7f308d7ff9b0 0x7f34b9e0e158 1 -1 8 492 26
get: 1496270097.796151 12 5 8 0x7f308d7fff80 0x7f34b9e17108 1 -1 16 1295 53
get: 1496270097.796284 12 5 8 0x7f308d7fff40 0x7f34b9e20100 1 -1 16 1295 53
get: 1496270097.796456 12 5 8 0x7f308d7ffe50 0x7f34b9e17020 1 -1 16 1294 53
get: 1496270097.796646 12 5 8 0x7f308d7ff9a8 0x7f34b9e0e160 1 -1 8 492 26
get: 1496270097.796777 12 5 8 0x7f308d7ff9b0 0x7f34b9e0e158 1 -1 8 492 26
get: 1496270097.796971 12 5 8 0x7f308d7ffe80 0x7f34b9e17068 1 -1 16 1294 53
get: 1496270097.797112 12 5 8 0x7f308d7ffe40 0x7f34b9e20010 1 -1 16 1294 53
get: 1496270097.797260 12 5 8 0x7f308d7fff50 0x7f34b9e170c0 1 -1 16 1295 53
get: 1496270097.797414 12 5 8 0x7f308d7ff9a8 0x7f34b9e0e160 1 -1 8 492 26
get: 1496270097.797541 12 5 8 0x7f308d7ff9b0 0x7f34b9e0e158 1 -1 8 492 26
get: 1496270097.797660 12 5 8 0x7f308d7fff80 0x7f34b9e17108 1 -1 16 1295 53
get: 1496270097.797752 12 5 8 0x7f308d7fff40 0x7f34b9e20110 1 -1 16 1295 53
get: 1496270097.797866 12 5 8 0x7f308d7ffe50 0x7f34b9e17020 1 -1 16 1294 53
get: 1496270097.797980 12 5 8 0x7f308d7ff9a8 0x7f34b9e0e160 1 -1 8 492 26
get: 1496270097.798109 12 5 8 0x7f308d7ff9b0 0x7f34b9e0e158 1 -1 8 492 26
get: 1496270097.798235 12 5 8 0x7f308d7ffe80 0x7f34b9e17068 1 -1 16 1294 53
get: 1496270097.798366 12 5 8 0x7f308d7ffe40 0x7f34b9e20020 1 -1 16 1294 53
get: 1496270097.798497 12 5 8 0x7f308d7fff50 0x7f34b9e170c0 1 -1 16 1295 53
get: 1496270097.798627 12 5 8 0x7f308d7ff9a8 0x7f34b9e0e160 1 -1 8 492 26
get: 1496270097.798782 12 5 8 0x7f308d7ff9b0 0x7f34b9e0e158 1 -1 8 492 26
get: 1496270097.798946 12 5 8 0x7f308d7fff80 0x7f34b9e17108 1 -1 16 1295 53
get: 1496270097.799111 12 5 8 0x7f308d7fff40 0x7f34b9e20120 1 -1 16 1295 53
get: 1496270097.799281 12 5 8 0x7f308d7ffe50 0x7f34b9e17020 1 -1 16 1294 53
get: 1496270097.799409 12 5 8 0x7f308d7ff9a8 0x7f34b9e0e160 1 -1 8 492 26
get: 1496270097.799538 12 5 8 0x7f308d7ff9b0 0x7f34b9e0e158 1 -1 8 492 26
get: 1496270097.799686 12 5 8 0x7f308d7ffe80 0x7f34b9e17068 1 -1 16 1294 53
get: 1496270097.799813 12 5 8 0x7f308d7ffe40 0x7f34b9e20030 1 -1 16 1294 53
get: 1496270097.800006 12 5 8 0x7f308d7fff50 0x7f34b9e170c0 1 -1 16 1295 53
get: 1496270097.800129 12 5 8 0x7f308d7ff9a8 0x7f34b9e0e160 1 -1 8 492 26
get: 1496270097.800279 12 5 8 0x7f308d7ff9b0 0x7f34b9e0e158 1 -1 8 492 26
get: 1496270097.800443 12 5 8 0x7f308d7fff80 0x7f34b9e17108 1 -1 16 1295 53
get: 1496270097.800564 12 5 8 0x7f308d7fff40 0x7f34b9e20130 1 -1 16 1295 53
get: 1496270097.800655 12 5 8 0x7f308d7ffe50 0x7f34b9e17020 1 -1 16 1294 53
get: 1496270097.800788 12 5 8 0x7f308d7ff9a8 0x7f34b9e0e160 1 -1 8 492 26
get: 1496270097.800933 12 5 8 0x7f308d7ff9b0 0x7f34b9e0e158 1 -1 8 492 26
get: 1496270097.801061 12 5 8 0x7f308d7ffe80 0x7f34b9e17068 1 -1 16 1294 53
get: 1496270097.801187 12 5 8 0x7f308d7ffe40 0x7f34b9e20040 1 -1 16 1294 53
get: 1496270097.801319 12 5 8 0x7f308d7fff50 0x7f34b9e170c0 1 -1 16 1295 53
get: 1496270097.801477 12 5 8 0x7f308d7ff9a8 0x7f34b9e0e160 1 -1 8 492 26
get: 1496270097.801576 12 5 8 0x7f308d7ff9b0 0x7f34b9e0e158 1 -1 8 492 26
get: 1496270097.801727 12 5 8 0x7f308d7fff80 0x7f34b9e17108 1 -1 16 1295 53
get: 1496270097.801814 12 5 8 0x7f308d7fff40 0x7f34b9e20140 1 -1 16 1295 53
get: 1496270097.801901 12 5 8 0x7f308d7ffe50 0x7f34b9e17020 1 -1 16 1294 53
get: 1496270097.801951 12 5 8 0x7f308d7ff9a8 0x7f34b9e0e160 1 -1 8 492 26
get: 1496270097.802034 12 5 8 0x7f308d7ff9b0 0x7f34b9e0e158 1 -1 8 492 26
get: 1496270097.802164 12 5 8 0x7f308d7ffe80 0x7f34b9e17068 1 -1 16 1294 53
get: 1496270097.802256 12 5 8 0x7f308d7ffe40 0x7f34b9e20050 1 -1 16 1294 53
get: 1496270097.802358 12 5 8 0x7f308d7fff50 0x7f34b9e170c0 1 -1 16 1295 53
get: 1496270097.802503 12 5 8 0x7f308d7ff9a8 0x7f34b9e0e160 1 -1 8 492 26
get: 1496270097.802621 12 5 8 0x7f308d7ff9b0 0x7f34b9e0e158 1 -1 8 492 26
get: 1496270097.802746 12 5 8 0x7f308d7fff80 0x7f34b9e17108 1 -1 16 1295 53
get: 1496270097.802832 12 5 8 0x7f308d7fff40 0x7f34b9e20150 1 -1 16 1295 53
get: 1496270097.802955 12 5 8 0x7f308d7ffe50 0x7f34b9e17020 1 -1 16 1294 53
get: 1496270097.803078 12 5 8 0x7f308d7ff9a8 0x7f34b9e0e160 1 -1 8 492 26
get: 1496270097.803203 12 5 8 0x7f308d7ff9b0 0x7f34b9e0e158 1 -1 8 492 26
get: 1496270097.803335 12 5 8 0x7f308d7ffe80 0x7f34b9e17068 1 -1 16 1294 53
get: 1496270097.803461 12 5 8 0x7f308d7ffe40 0x7f34b9e20060 1 -1 16 1294 53
get: 1496270097.803582 12 5 8 0x7f308d7fff50 0x7f34b9e170c0 1 -1 16 1295 53
get: 1496270097.803704 12 5 8 0x7f308d7ff9a8 0x7f34b9e0e160 1 -1 8 492 26
get: 1496270097.803851 12 5 8 0x7f308d7ff9b0 0x7f34b9e0e158 1 -1 8 492 26
get: 1496270097.803967 12 5 8 0x7f308d7fff80 0x7f34b9e17108 1 -1 16 1295 53
get: 1496270097.804093 12 5 8 0x7f308d7fff40 0x7f34b9e20160 1 -1 16 1295 53
get: 1496270097.804231 12 5 8 0x7f308d7ffe50 0x7f34b9e17020 1 -1 16 1294 53
get: 1496270097.804323 12 5 8 0x7f308d7ff9a8 0x7f34b9e0e160 1 -1 8 492 26
get: 1496270097.804411 12 5 8 0x7f308d7ff9b0 0x7f34b9e0e158 1 -1 8 492 26
get: 1496270097.804500 12 5 8 0x7f308d7ffe80 0x7f34b9e17068 1 -1 16 1294 53
get: 1496270097.804588 12 5 8 0x7f308d7ffe40 0x7f34b9e20070 1 -1 16 1294 53
get: 1496270097.804648 12 5 8 0x7f308d7fff50 0x7f34b9e170c0 1 -1 16 1295 53
get: 1496270097.804741 12 5 8 0x7f308d7ff9a8 0x7f34b9e0e160 1 -1 8 492 26
get: 1496270097.804864 12 5 8 0x7f308d7ff9b0 0x7f34b9e0e158 1 -1 8 492 26
get: 1496270097.804986 12 5 8 0x7f308d7fff80 0x7f34b9e17108 1 -1 16 1295 53
get: 1496270097.805129 12 5 8 0x7f308d7fff40 0x7f34b9e20170 1 -1 16 1295 53
get: 1496270097.805256 12 5 8 0x7f308d7ffe50 0x7f34b9e17020 1 -1 16 1294 53
get: 1496270097.805374 12 5 8 0x7f308d7ff9a8 0x7f34b9e0e160 1 -1 8 492 26
get: 1496270097.805462 12 5 8 0x7f308d7ff9b0 0x7f34b9e0e158 1 -1 8 492 26
get: 1496270097.805550 12 5 8 0x7f308d7ffe80 0x7f34b9e17068 1 -1 16 1294 53
get: 1496270097.805670 12 5 8 0x7f308d7ffe40 0x7f34b9e20080 1 -1 16 1294 53
get: 1496270097.805856 12 5 8 0x7f308d7fff50 0x7f34b9e170c0 1 -1 16 1295 53
get: 1496270097.806022 12 5 8 0x7f308d7ff9a8 0x7f34b9e0e160 1 -1 8 492 26
get: 1496270097.806170 12 5 8 0x7f308d7ff9b0 0x7f34b9e0e158 1 -1 8 492 26
get: 1496270097.806323 12 5 8 0x7f308d7fff80 0x7f34b9e17108 1 -1 16 1295 53
get: 1496270097.806411 12 5 8 0x7f308d7fff40 0x7f34b9e20180 1 -1 16 1295 53
get: 1496270097.806545 12 5 8 0x7f308d7ffe50 0x7f34b9e17020 1 -1 16 1294 53
get: 1496270097.806646 12 5 8 0x7f308d7ff9a8 0x7f34b9e0e160 1 -1 8 492 26
get: 1496270097.806799 12 5 8 0x7f308d7ff9b0 0x7f34b9e0e158 1 -1 8 492 26
get: 1496270097.806873 12 5 8 0x7f308d7ffe80 0x7f34b9e17068 1 -1 16 1294 53
get: 1496270097.806997 12 5 8 0x7f308d7ffe40 0x7f34b9e20090 1 -1 16 1294 53
get: 1496270097.807121 12 5 8 0x7f308d7fff50 0x7f34b9e170c0 1 -1 16 1295 53
get: 1496270097.807244 12 5 8 0x7f308d7ff9a8 0x7f34b9e0e160 1 -1 8 492 26
get: 1496270097.807367 12 5 8 0x7f308d7ff9b0 0x7f34b9e0e158 1 -1 8 492 26
get: 1496270097.807489 12 5 8 0x7f308d7fff80 0x7f34b9e17108 1 -1 16 1295 53
get: 1496270097.807582 12 5 8 0x7f308d7fff40 0x7f34b9e20190 1 -1 16 1295 53
get: 1496270097.807730 12 5 8 0x7f308d7ffe50 0x7f34b9e17020 1 -1 16 1294 53
get: 1496270097.807908 12 5 8 0x7f308d7ff9a8 0x7f34b9e0e160 1 -1 8 492 26
get: 1496270097.808025 12 5 8 0x7f308d7ff9b0 0x7f34b9e0e158 1 -1 8 492 26
get: 1496270097.808167 12 5 8 0x7f308d7ffe80 0x7f34b9e17068 1 -1 16 1294 53
get: 1496270097.808294 12 5 8 0x7f308d7ffe40 0x7f34b9e200a0 1 -1 16 1294 53
get: 1496270097.808415 12 5 8 0x7f308d7fff50 0x7f34b9e170c0 1 -1 16 1295 53
get: 1496270097.808538 12 5 8 0x7f308d7ff9a8 0x7f34b9e0e160 1 -1 8 492 26
get: 1496270097.808633 12 5 8 0x7f308d7ff9b0 0x7f34b9e0e158 1 -1 8 492 26
get: 1496270097.808757 12 5 8 0x7f308d7fff80 0x7f34b9e17108 1 -1 16 1295 53
get: 1496270097.808919 12 5 8 0x7f308d7fff40 0x7f34b9e201a0 1 -1 16 1295 53
get: 1496270097.809094 12 5 8 0x7f308d7ffe50 0x7f34b9e17020 1 -1 16 1294 53
get: 1496270097.809258 12 5 8 0x7f308d7ff9a8 0x7f34b9e0e160 1 -1 8 492 26
get: 1496270097.809423 12 5 8 0x7f308d7ff9b0 0x7f34b9e0e158 1 -1 8 492 26
get: 1496270097.809546 12 5 8 0x7f308d7ffe80 0x7f34b9e17068 1 -1 16 1294 53
get: 1496270097.809672 12 5 8 0x7f308d7ffe40 0x7f34b9e200b0 1 -1 16 1294 53
get: 1496270097.809886 12 5 8 0x7f308d7fff50 0x7f34b9e170c0 1 -1 16 1295 53
get: 1496270097.810064 12 5 8 0x7f308d7ff9a8 0x7f34b9e0e160 1 -1 8 492 26
get: 1496270097.810194 12 5 8 0x7f308d7ff9b0 0x7f34b9e0e158 1 -1 8 492 26
get: 1496270097.810280 12 5 8 0x7f308d7fff80 0x7f34b9e17108 1 -1 16 1295 53
get: 1496270097.810370 12 5 8 0x7f308d7fff40 0x7f34b9e201b0 1 -1 16 1295 53
get: 1496270097.810455 12 5 8 0x7f308d7ffe50 0x7f34b9e17020 1 -1 16 1294 53
get: 1496270097.810571 12 5 8 0x7f308d7ff9a8 0x7f34b9e0e160 1 -1 8 492 26
get: 1496270097.810696 12 5 8 0x7f308d7ff9b0 0x7f34b9e0e158 1 -1 8 492 26
get: 1496270097.810803 12 5 8 0x7f308d7ffe80 0x7f34b9e17068 1 -1 16 1294 53
get: 1496270097.810964 12 5 8 0x7f308d7ffe40 0x7f34b9e200c0 1 -1 16 1294 53
get: 1496270097.811055 12 5 8 0x7f308d7fff50 0x7f34b9e170c0 1 -1 16 1295 53
get: 1496270097.811145 12 5 8 0x7f308d7ff9a8 0x7f34b9e0e160 1 -1 8 492 26
get: 1496270097.811268 12 5 8 0x7f308d7ff9b0 0x7f34b9e0e158 1 -1 8 492 26
get: 1496270097.811398 12 5 8 0x7f308d7fff80 0x7f34b9e17108 1 -1 16 1295 53
get: 1496270097.811522 12 5 8 0x7f308d7fff40 0x7f34b9e201c0 1 -1 16 1295 53
get: 1496270097.811659 12 5 8 0x7f308d7ffe50 0x7f34b9e17020 1 -1 16 1294 53
get: 1496270097.811785 12 5 8 0x7f308d7ff9a8 0x7f34b9e0e160 1 -1 8 492 26
get: 1496270097.811914 12 5 8 0x7f308d7ff9b0 0x7f34b9e0e158 1 -1 8 492 26
get: 1496270097.812040 12 5 8 0x7f308d7ffe80 0x7f34b9e17068 1 -1 16 1294 53
get: 1496270097.812165 12 5 8 0x7f308d7ffe40 0x7f34b9e200d0 1 -1 16 1294 53
get: 1496270097.812289 12 5 8 0x7f308d7fff50 0x7f34b9e170c0 1 -1 16 1295 53
get: 1496270097.812416 12 5 8 0x7f308d7ff9a8 0x7f34b9e0e160 1 -1 8 492 26
get: 1496270097.812594 12 5 8 0x7f308d7ff9b0 0x7f34b9e0e158 1 -1 8 492 26
get: 1496270097.812681 12 5 8 0x7f308d7fff80 0x7f34b9e17108 1 -1 16 1295 53
get: 1496270097.812782 12 5 8 0x7f308d7fff40 0x7f34b9e201d0 1 -1 16 1295 53
get: 1496270097.812926 12 5 8 0x7f308d7ffe50 0x7f34b9e17020 1 -1 16 1294 53
get: 1496270097.813052 12 5 8 0x7f308d7ff9a8 0x7f34b9e0e160 1 -1 8 492 26
get: 1496270097.813182 12 5 8 0x7f308d7ff9b0 0x7f34b9e0e158 1 -1 8 492 26
get: 1496270097.813354 12 5 8 0x7f308d7ffe80 0x7f34b9e17068 1 -1 16 1294 53
get: 1496270097.813446 12 5 8 0x7f308d7ffe40 0x7f34b9e200e0 1 -1 16 1294 53
get: 1496270097.813585 12 5 8 0x7f308d7fff50 0x7f34b9e170c0 1 -1 16 1295 53
get: 1496270097.813753 12 5 8 0x7f308d7ff9a8 0x7f34b9e0e160 1 -1 8 492 26
get: 1496270097.813842 12 5 8 0x7f308d7ff9b0 0x7f34b9e0e158 1 -1 8 492 26
get: 1496270097.813929 12 5 8 0x7f308d7fff80 0x7f34b9e17108 1 -1 16 1295 53
get: 1496270097.814016 12 5 8 0x7f308d7fff40 0x7f34b9e201e0 1 -1 16 1295 53
get: 1496270097.814165 12 5 8 0x7f308d7ffe50 0x7f34b9e17020 1 -1 16 1294 53
get: 1496270097.814307 12 5 8 0x7f308d7ff9a8 0x7f34b9e0e160 1 -1 8 492 26
get: 1496270097.814448 12 5 8 0x7f308d7ff9b0 0x7f34b9e0e158 1 -1 8 492 26
get: 1496270097.814565 12 5 8 0x7f308d7ffe80 0x7f34b9e17068 1 -1 16 1294 53
get: 1496270097.814681 12 5 8 0x7f308d7ffe40 0x7f34b9e200f0 1 -1 16 1294 53
get: 1496270097.814772 12 5 8 0x7f308d7fff50 0x7f34b9e170c0 1 -1 16 1295 53
get: 1496270097.814868 12 5 8 0x7f308d7ff9a8 0x7f34b9e0e160 1 -1 8 492 26
get: 1496270097.815061 12 5 8 0x7f308d7ff9b0 0x7f34b9e0e158 1 -1 8 492 26
get: 1496270097.815190 12 5 8 0x7f308d7fff80 0x7f34b9e17108 1 -1 16 1295 53
get: 1496270097.815319 12 5 8 0x7f308d7fff40 0x7f34b9e201f0 1 -1 16 1295 53
task: 1496270097.815461 12 9 8 L 215 28 23
task: 1496270097.815473 12 10 8 L 218 28 30
Btask: 1496270097.815527 12 10
Btask: 1496270097.815552 12 9
Etask: 1496270097.815561 12 10
Etask: 1496270097.815569 12 9
Etask: 1496270097.815585 12 8
task: 1496270097.898000 12 11 4 O 0 -5 125
Btask: 1496270097.898559 12 11
get: 1496270097.899067 12 0 11 0x7f3088800b50 0x7f55921114c0 1 -1 16 933 53
get: 1496270097.899241 12 0 11 0x7f3088800b60 0x7f5592111520 1 -1 16 933 53
get: 1496270097.899416 12 0 11 0x7f30888009c8 0x7f55921104e0 1 -1 8 492 26
get: 1496270097.899524 12 0 11 0x7f30888009d0 0x7f55921104d8 1 -1 8 492 26
get: 1496270097.899691 12 0 11 0x7f3088800b90 0x7f5592111568 1 -1 16 933 53
get: 1496270097.899805 12 0 11 0x7f3088800be0 0x7f55921114a8 1 -1 16 934 53
get: 1496270097.899936 12 0 11 0x7f3088800770 0x7f5592184348 1 -1 16 588 53
get: 1496270097.900049 12 0 11 0x7f3088800790 0x7f55921113e0 1 -1 16 588 53
get: 1496270097.900275 12 0 11 0x7f3088800628 0x7f55921104e0 1 -1 8 492 26
get: 1496270097.900396 12 0 11 0x7f3088800630 0x7f55921104d8 1 -1 8 492 26
get: 1496270097.900532 12 0 11 0x7f30888007c0 0x7f5592111428 1 -1 16 588 53
get: 1496270097.900631 12 0 11 0x7f3088800780 0x7f55920514c0 1 -1 16 588 53
get: 1496270097.900770 12 0 11 0x7f3088800640 0x7f55921114e0 1 -1 16 1609 28
get: 1496270097.900932 12 0 11 0x7f30888005b0 0x7f5592110558 1 -1 32 145 26
put: 1496270097.901089 12 0 11 0x7f3088800c20 0x7f55920515c0 1 -1 16 933 53
f_executeOn: 1496270097.901558 12 0 -2 18 0x7f3088800e70 112 11
Etask: 1496270097.901803 12 11
task: 1496270097.929909 12 12 4 O 0 -5 34
Btask: 1496270097.930485 12 12
get: 1496270097.931023 12 5 12 0x7f3083800400 0x7f34b9a0f060 1 -1 16 1332 53
get: 1496270097.931267 12 5 12 0x7f3083800420 0x7f34b9a0f0c0 1 -1 16 1332 53
get: 1496270097.931409 12 5 12 0x7f3083800048 0x7f34b9e0e160 1 -1 8 492 26
get: 1496270097.931538 12 5 12 0x7f3083800050 0x7f34b9e0e158 1 -1 8 492 26
get: 1496270097.931710 12 5 12 0x7f3083800450 0x7f34b9a0f108 1 -1 16 1332 53
get: 1496270097.931885 12 5 12 0x7f3083800410 0x7f34b9a14000 1 -1 16 1332 53
get: 1496270097.932020 12 5 12 0x7f3083800420 0x7f34b9a0f0c0 1 -1 16 1332 53
get: 1496270097.932186 12 5 12 0x7f3083800048 0x7f34b9e0e160 1 -1 8 492 26
get: 1496270097.932369 12 5 12 0x7f3083800050 0x7f34b9e0e158 1 -1 8 492 26
get: 1496270097.932542 12 5 12 0x7f3083800450 0x7f34b9a0f108 1 -1 16 1332 53
get: 1496270097.932634 12 5 12 0x7f3083800410 0x7f34b9a14010 1 -1 16 1332 53
get: 1496270097.932761 12 5 12 0x7f3083800420 0x7f34b9a0f0c0 1 -1 16 1332 53
get: 1496270097.932886 12 5 12 0x7f3083800048 0x7f34b9e0e160 1 -1 8 492 26
get: 1496270097.933275 12 5 12 0x7f3083800050 0x7f34b9e0e158 1 -1 8 492 26
get: 1496270097.933564 12 5 12 0x7f3083800450 0x7f34b9a0f108 1 -1 16 1332 53
get: 1496270097.933737 12 5 12 0x7f3083800410 0x7f34b9a14020 1 -1 16 1332 53
get: 1496270097.934404 12 5 12 0x7f3083800420 0x7f34b9a0f0c0 1 -1 16 1332 53
get: 1496270097.935021 12 5 12 0x7f3083800048 0x7f34b9e0e160 1 -1 8 492 26
get: 1496270097.935253 12 5 12 0x7f3083800050 0x7f34b9e0e158 1 -1 8 492 26
get: 1496270097.935366 12 5 12 0x7f3083800450 0x7f34b9a0f108 1 -1 16 1332 53
get: 1496270097.935596 12 5 12 0x7f3083800410 0x7f34b9a14030 1 -1 16 1332 53
get: 1496270097.935894 12 5 12 0x7f3083800420 0x7f34b9a0f0c0 1 -1 16 1332 53
get: 1496270097.935995 12 5 12 0x7f3083800048 0x7f34b9e0e160 1 -1 8 492 26
get: 1496270097.936205 12 5 12 0x7f3083800050 0x7f34b9e0e158 1 -1 8 492 26
get: 1496270097.936400 12 5 12 0x7f3083800450 0x7f34b9a0f108 1 -1 16 1332 53
get: 1496270097.936509 12 5 12 0x7f3083800410 0x7f34b9a14040 1 -1 16 1332 53
get: 1496270097.936740 12 5 12 0x7f3083800420 0x7f34b9a0f0c0 1 -1 16 1332 53
get: 1496270097.936930 12 5 12 0x7f3083800048 0x7f34b9e0e160 1 -1 8 492 26
get: 1496270097.937065 12 5 12 0x7f3083800050 0x7f34b9e0e158 1 -1 8 492 26
get: 1496270097.937544 12 5 12 0x7f3083800450 0x7f34b9a0f108 1 -1 16 1332 53
get: 1496270097.937642 12 5 12 0x7f3083800410 0x7f34b9a14050 1 -1 16 1332 53
get: 1496270097.937736 12 5 12 0x7f3083800420 0x7f34b9a0f0c0 1 -1 16 1332 53
get: 1496270097.938091 12 5 12 0x7f3083800048 0x7f34b9e0e160 1 -1 8 492 26
get: 1496270097.938149 12 5 12 0x7f3083800050 0x7f34b9e0e158 1 -1 8 492 26
get: 1496270097.938212 12 5 12 0x7f3083800450 0x7f34b9a0f108 1 -1 16 1332 53
get: 1496270097.938265 12 5 12 0x7f3083800410 0x7f34b9a14060 1 -1 16 1332 53
get: 1496270097.938317 12 5 12 0x7f3083800420 0x7f34b9a0f0c0 1 -1 16 1332 53
get: 1496270097.938364 12 5 12 0x7f3083800048 0x7f34b9e0e160 1 -1 8 492 26
get: 1496270097.938579 12 5 12 0x7f3083800050 0x7f34b9e0e158 1 -1 8 492 26
get: 1496270097.938895 12 5 12 0x7f3083800450 0x7f34b9a0f108 1 -1 16 1332 53
get: 1496270097.939027 12 5 12 0x7f3083800410 0x7f34b9a14070 1 -1 16 1332 53
get: 1496270097.939142 12 5 12 0x7f3083800420 0x7f34b9a0f0c0 1 -1 16 1332 53
get: 1496270097.939239 12 5 12 0x7f3083800048 0x7f34b9e0e160 1 -1 8 492 26
get: 1496270097.939333 12 5 12 0x7f3083800050 0x7f34b9e0e158 1 -1 8 492 26
get: 1496270097.939458 12 5 12 0x7f3083800450 0x7f34b9a0f108 1 -1 16 1332 53
get: 1496270097.939592 12 5 12 0x7f3083800410 0x7f34b9a14080 1 -1 16 1332 53
get: 1496270097.939928 12 5 12 0x7f3083800420 0x7f34b9a0f0c0 1 -1 16 1332 53
get: 1496270097.940158 12 5 12 0x7f3083800048 0x7f34b9e0e160 1 -1 8 492 26
get: 1496270097.940305 12 5 12 0x7f3083800050 0x7f34b9e0e158 1 -1 8 492 26
get: 1496270097.940396 12 5 12 0x7f3083800450 0x7f34b9a0f108 1 -1 16 1332 53
get: 1496270097.940621 12 5 12 0x7f3083800410 0x7f34b9a14090 1 -1 16 1332 53
get: 1496270097.940921 12 5 12 0x7f3083800420 0x7f34b9a0f0c0 1 -1 16 1332 53
get: 1496270097.941051 12 5 12 0x7f3083800048 0x7f34b9e0e160 1 -1 8 492 26
get: 1496270097.941151 12 5 12 0x7f3083800050 0x7f34b9e0e158 1 -1 8 492 26
get: 1496270097.941248 12 5 12 0x7f3083800450 0x7f34b9a0f108 1 -1 16 1332 53
get: 1496270097.941710 12 5 12 0x7f3083800410 0x7f34b9a140a0 1 -1 16 1332 53
get: 1496270097.942063 12 5 12 0x7f3083800420 0x7f34b9a0f0c0 1 -1 16 1332 53
get: 1496270097.942557 12 5 12 0x7f3083800048 0x7f34b9e0e160 1 -1 8 492 26
get: 1496270097.942743 12 5 12 0x7f3083800050 0x7f34b9e0e158 1 -1 8 492 26
get: 1496270097.942905 12 5 12 0x7f3083800450 0x7f34b9a0f108 1 -1 16 1332 53
get: 1496270097.943097 12 5 12 0x7f3083800410 0x7f34b9a140b0 1 -1 16 1332 53
get: 1496270097.943222 12 5 12 0x7f3083800420 0x7f34b9a0f0c0 1 -1 16 1332 53
get: 1496270097.943575 12 5 12 0x7f3083800048 0x7f34b9e0e160 1 -1 8 492 26
get: 1496270097.943754 12 5 12 0x7f3083800050 0x7f34b9e0e158 1 -1 8 492 26
get: 1496270097.944074 12 5 12 0x7f3083800450 0x7f34b9a0f108 1 -1 16 1332 53
get: 1496270097.944159 12 5 12 0x7f3083800410 0x7f34b9a140c0 1 -1 16 1332 53
get: 1496270097.944282 12 5 12 0x7f3083800420 0x7f34b9a0f0c0 1 -1 16 1332 53
get: 1496270097.944415 12 5 12 0x7f3083800048 0x7f34b9e0e160 1 -1 8 492 26
get: 1496270097.944537 12 5 12 0x7f3083800050 0x7f34b9e0e158 1 -1 8 492 26
get: 1496270097.944664 12 5 12 0x7f3083800450 0x7f34b9a0f108 1 -1 16 1332 53
get: 1496270097.944859 12 5 12 0x7f3083800410 0x7f34b9a140d0 1 -1 16 1332 53
get: 1496270097.944988 12 5 12 0x7f3083800420 0x7f34b9a0f0c0 1 -1 16 1332 53
get: 1496270097.945244 12 5 12 0x7f3083800048 0x7f34b9e0e160 1 -1 8 492 26
get: 1496270097.945374 12 5 12 0x7f3083800050 0x7f34b9e0e158 1 -1 8 492 26
get: 1496270097.945494 12 5 12 0x7f3083800450 0x7f34b9a0f108 1 -1 16 1332 53
get: 1496270097.945613 12 5 12 0x7f3083800410 0x7f34b9a140e0 1 -1 16 1332 53
get: 1496270097.945731 12 5 12 0x7f3083800420 0x7f34b9a0f0c0 1 -1 16 1332 53
get: 1496270097.945855 12 5 12 0x7f3083800048 0x7f34b9e0e160 1 -1 8 492 26
get: 1496270097.946135 12 5 12 0x7f3083800050 0x7f34b9e0e158 1 -1 8 492 26
get: 1496270097.946623 12 5 12 0x7f3083800450 0x7f34b9a0f108 1 -1 16 1332 53
get: 1496270097.946751 12 5 12 0x7f3083800410 0x7f34b9a140f0 1 -1 16 1332 53
task: 1496270097.946860 12 13 12 L 215 28 25
task: 1496270097.946872 12 14 12 L 218 28 29
Btask: 1496270097.946897 12 13
Btask: 1496270097.946912 12 14
Etask: 1496270097.946918 12 13
Etask: 1496270097.946930 12 14
Etask: 1496270097.946946 12 12
task: 1496270097.949858 12 15 4 O 0 -5 126
Btask: 1496270097.950420 12 15
get: 1496270097.950920 12 0 15 0x7f307e800c60 0x7f55921114c0 1 -1 16 939 53
get: 1496270097.951128 12 0 15 0x7f307e800c80 0x7f5592111520 1 -1 16 939 53
get: 1496270097.951286 12 0 15 0x7f307e800b18 0x7f55921104e0 1 -1 8 492 26
get: 1496270097.951588 12 0 15 0x7f307e800b20 0x7f55921104d8 1 -1 8 492 26
get: 1496270097.951785 12 0 15 0x7f307e800cb0 0x7f5592111568 1 -1 16 939 53
get: 1496270097.951896 12 0 15 0x7f307e800c70 0x7f55920515c0 1 -1 16 939 53
get: 1496270097.952009 12 0 15 0x7f307e800d20 0x7f55921114a8 1 -1 16 939 53
get: 1496270097.952373 12 0 15 0x7f307e8008c0 0x7f5592184348 1 -1 16 588 53
get: 1496270097.952483 12 0 15 0x7f307e8008e0 0x7f55921113e0 1 -1 16 588 53
get: 1496270097.952891 12 0 15 0x7f307e800778 0x7f55921104e0 1 -1 8 492 26
get: 1496270097.953093 12 0 15 0x7f307e800780 0x7f55921104d8 1 -1 8 492 26
get: 1496270097.953265 12 0 15 0x7f307e800910 0x7f5592111428 1 -1 16 588 53
get: 1496270097.953411 12 0 15 0x7f307e8008d0 0x7f55920514c0 1 -1 16 588 53
get: 1496270097.953545 12 0 15 0x7f307e800790 0x7f55921114e0 1 -1 16 1609 28
get: 1496270097.953687 12 0 15 0x7f307e800700 0x7f5592110558 1 -1 32 145 26
f_executeOn: 1496270097.953825 12 0 -2 18 0x7f307e800e70 112 15
Etask: 1496270097.953966 12 15
task: 1496270097.983305 12 16 4 O 0 -5 44
Btask: 1496270097.983857 12 16
get: 1496270097.984346 12 5 16 0x7f3079800720 0x7f34b9a0f060 1 -1 16 1341 53
get: 1496270097.984610 12 5 16 0x7f3079800740 0x7f34b9a0f0c0 1 -1 16 1341 53
get: 1496270097.984899 12 5 16 0x7f30798004a8 0x7f34b9e0e160 1 -1 8 492 26
get: 1496270097.985118 12 5 16 0x7f30798004b0 0x7f34b9e0e158 1 -1 8 492 26
get: 1496270097.985267 12 5 16 0x7f3079800770 0x7f34b9a0f108 1 -1 16 1341 53
get: 1496270097.985443 12 5 16 0x7f3079800730 0x7f34b9a14000 1 -1 16 1341 53
get: 1496270097.985669 12 5 16 0x7f3079800740 0x7f34b9a0f0c0 1 -1 16 1341 53
get: 1496270097.985806 12 5 16 0x7f30798004a8 0x7f34b9e0e160 1 -1 8 492 26
get: 1496270097.986012 12 5 16 0x7f30798004b0 0x7f34b9e0e158 1 -1 8 492 26
get: 1496270097.986156 12 5 16 0x7f3079800770 0x7f34b9a0f108 1 -1 16 1341 53
get: 1496270097.986296 12 5 16 0x7f3079800730 0x7f34b9a14010 1 -1 16 1341 53
get: 1496270097.986426 12 5 16 0x7f3079800740 0x7f34b9a0f0c0 1 -1 16 1341 53
get: 1496270097.986604 12 5 16 0x7f30798004a8 0x7f34b9e0e160 1 -1 8 492 26
get: 1496270097.986781 12 5 16 0x7f30798004b0 0x7f34b9e0e158 1 -1 8 492 26
get: 1496270097.986964 12 5 16 0x7f3079800770 0x7f34b9a0f108 1 -1 16 1341 53
get: 1496270097.987165 12 5 16 0x7f3079800730 0x7f34b9a14020 1 -1 16 1341 53
get: 1496270097.987315 12 5 16 0x7f3079800740 0x7f34b9a0f0c0 1 -1 16 1341 53
get: 1496270097.987432 12 5 16 0x7f30798004a8 0x7f34b9e0e160 1 -1 8 492 26
get: 1496270097.987746 12 5 16 0x7f30798004b0 0x7f34b9e0e158 1 -1 8 492 26
get: 1496270097.987888 12 5 16 0x7f3079800770 0x7f34b9a0f108 1 -1 16 1341 53
get: 1496270097.987987 12 5 16 0x7f3079800730 0x7f34b9a14030 1 -1 16 1341 53
get: 1496270097.988078 12 5 16 0x7f3079800740 0x7f34b9a0f0c0 1 -1 16 1341 53
get: 1496270097.988223 12 5 16 0x7f30798004a8 0x7f34b9e0e160 1 -1 8 492 26
get: 1496270097.988378 12 5 16 0x7f30798004b0 0x7f34b9e0e158 1 -1 8 492 26
get: 1496270097.988533 12 5 16 0x7f3079800770 0x7f34b9a0f108 1 -1 16 1341 53
get: 1496270097.988676 12 5 16 0x7f3079800730 0x7f34b9a14040 1 -1 16 1341 53
get: 1496270097.988810 12 5 16 0x7f3079800740 0x7f34b9a0f0c0 1 -1 16 1341 53
get: 1496270097.988919 12 5 16 0x7f30798004a8 0x7f34b9e0e160 1 -1 8 492 26
get: 1496270097.989057 12 5 16 0x7f30798004b0 0x7f34b9e0e158 1 -1 8 492 26
get: 1496270097.989282 12 5 16 0x7f3079800770 0x7f34b9a0f108 1 -1 16 1341 53
get: 1496270097.989341 12 5 16 0x7f3079800730 0x7f34b9a14050 1 -1 16 1341 53
get: 1496270097.989450 12 5 16 0x7f3079800740 0x7f34b9a0f0c0 1 -1 16 1341 53
get: 1496270097.989580 12 5 16 0x7f30798004a8 0x7f34b9e0e160 1 -1 8 492 26
get: 1496270097.989724 12 5 16 0x7f30798004b0 0x7f34b9e0e158 1 -1 8 492 26
get: 1496270097.989856 12 5 16 0x7f3079800770 0x7f34b9a0f108 1 -1 16 1341 53
get: 1496270097.989962 12 5 16 0x7f3079800730 0x7f34b9a14060 1 -1 16 1341 53
get: 1496270097.990059 12 5 16 0x7f3079800740 0x7f34b9a0f0c0 1 -1 16 1341 53
get: 1496270097.990155 12 5 16 0x7f30798004a8 0x7f34b9e0e160 1 -1 8 492 26
get: 1496270097.990357 12 5 16 0x7f30798004b0 0x7f34b9e0e158 1 -1 8 492 26
get: 1496270097.990489 12 5 16 0x7f3079800770 0x7f34b9a0f108 1 -1 16 1341 53
get: 1496270097.990644 12 5 16 0x7f3079800730 0x7f34b9a14070 1 -1 16 1341 53
get: 1496270097.990803 12 5 16 0x7f3079800740 0x7f34b9a0f0c0 1 -1 16 1341 53
get: 1496270097.991133 12 5 16 0x7f30798004a8 0x7f34b9e0e160 1 -1 8 492 26
get: 1496270097.991255 12 5 16 0x7f30798004b0 0x7f34b9e0e158 1 -1 8 492 26
get: 1496270097.991382 12 5 16 0x7f3079800770 0x7f34b9a0f108 1 -1 16 1341 53
get: 1496270097.991558 12 5 16 0x7f3079800730 0x7f34b9a14080 1 -1 16 1341 53
get: 1496270097.991652 12 5 16 0x7f3079800740 0x7f34b9a0f0c0 1 -1 16 1341 53
get: 1496270097.991852 12 5 16 0x7f30798004a8 0x7f34b9e0e160 1 -1 8 492 26
get: 1496270097.991982 12 5 16 0x7f30798004b0 0x7f34b9e0e158 1 -1 8 492 26
get: 1496270097.992103 12 5 16 0x7f3079800770 0x7f34b9a0f108 1 -1 16 1341 53
get: 1496270097.992248 12 5 16 0x7f3079800730 0x7f34b9a14090 1 -1 16 1341 53
get: 1496270097.992342 12 5 16 0x7f3079800740 0x7f34b9a0f0c0 1 -1 16 1341 53
get: 1496270097.992463 12 5 16 0x7f30798004a8 0x7f34b9e0e160 1 -1 8 492 26
get: 1496270097.992586 12 5 16 0x7f30798004b0 0x7f34b9e0e158 1 -1 8 492 26
get: 1496270097.992713 12 5 16 0x7f3079800770 0x7f34b9a0f108 1 -1 16 1341 53
get: 1496270097.992983 12 5 16 0x7f3079800730 0x7f34b9a140a0 1 -1 16 1341 53
get: 1496270097.993077 12 5 16 0x7f3079800740 0x7f34b9a0f0c0 1 -1 16 1341 53
get: 1496270097.993205 12 5 16 0x7f30798004a8 0x7f34b9e0e160 1 -1 8 492 26
get: 1496270097.993410 12 5 16 0x7f30798004b0 0x7f34b9e0e158 1 -1 8 492 26
get: 1496270097.993507 12 5 16 0x7f3079800770 0x7f34b9a0f108 1 -1 16 1341 53
get: 1496270097.993620 12 5 16 0x7f3079800730 0x7f34b9a140b0 1 -1 16 1341 53
get: 1496270097.993724 12 5 16 0x7f3079800740 0x7f34b9a0f0c0 1 -1 16 1341 53
get: 1496270097.994044 12 5 16 0x7f30798004a8 0x7f34b9e0e160 1 -1 8 492 26
get: 1496270097.994208 12 5 16 0x7f30798004b0 0x7f34b9e0e158 1 -1 8 492 26
get: 1496270097.994406 12 5 16 0x7f3079800770 0x7f34b9a0f108 1 -1 16 1341 53
get: 1496270097.994577 12 5 16 0x7f3079800730 0x7f34b9a140c0 1 -1 16 1341 53
get: 1496270097.994723 12 5 16 0x7f3079800740 0x7f34b9a0f0c0 1 -1 16 1341 53
get: 1496270097.994941 12 5 16 0x7f30798004a8 0x7f34b9e0e160 1 -1 8 492 26
get: 1496270097.995079 12 5 16 0x7f30798004b0 0x7f34b9e0e158 1 -1 8 492 26
get: 1496270097.995293 12 5 16 0x7f3079800770 0x7f34b9a0f108 1 -1 16 1341 53
get: 1496270097.995390 12 5 16 0x7f3079800730 0x7f34b9a140d0 1 -1 16 1341 53
get: 1496270097.995573 12 5 16 0x7f3079800740 0x7f34b9a0f0c0 1 -1 16 1341 53
get: 1496270097.995769 12 5 16 0x7f30798004a8 0x7f34b9e0e160 1 -1 8 492 26
get: 1496270097.995986 12 5 16 0x7f30798004b0 0x7f34b9e0e158 1 -1 8 492 26
get: 1496270097.996115 12 5 16 0x7f3079800770 0x7f34b9a0f108 1 -1 16 1341 53
get: 1496270097.996250 12 5 16 0x7f3079800730 0x7f34b9a140e0 1 -1 16 1341 53
get: 1496270097.996458 12 5 16 0x7f3079800740 0x7f34b9a0f0c0 1 -1 16 1341 53
get: 1496270097.996648 12 5 16 0x7f30798004a8 0x7f34b9e0e160 1 -1 8 492 26
get: 1496270097.996939 12 5 16 0x7f30798004b0 0x7f34b9e0e158 1 -1 8 492 26
get: 1496270097.997084 12 5 16 0x7f3079800770 0x7f34b9a0f108 1 -1 16 1341 53
get: 1496270097.997283 12 5 16 0x7f3079800730 0x7f34b9a140f0 1 -1 16 1341 53
task: 1496270097.997535 12 17 16 L 271 28 41
task: 1496270097.997550 12 18 16 L 274 28 43
Btask: 1496270097.997592 12 18
Etask: 1496270097.997621 12 18
Btask: 1496270097.997629 12 17
Etask: 1496270097.997646 12 17
Etask: 1496270097.997666 12 16
task: 1496270098.005636 12 19 4 O 0 -5 158
Btask: 1496270098.005735 12 19
VdbMark: 1496270098.005749 12 19
task: 1496270098.005758 12 20 19 L 98 52 157
task: 1496270098.005763 12 21 19 L 98 52 157
Btask: 1496270098.005866 12 20
Btask: 1496270098.005869 12 21
fork: 1496270098.005873 12 14 -2 158 0x7f30b7800dd0 168 20 
fork: 1496270098.005884 12 13 -2 158 0x7f30b3003dd0 168 21 
Etask: 1496270098.007325 12 21
Etask: 1496270098.009532 12 20
Tag: 1496270098.009562 0.788000 0.476000 12 19 1
Etask: 1496270098.009595 12 19
task: 1496270098.023464 12 22 1 O 0 -5 129
Btask: 1496270098.023508 12 22
get: 1496270098.023530 12 0 22 0x7f30b3003930 0x7f559201d4f8 1 -1 16 1002 53
get: 1496270098.023711 12 0 22 0x7f30b3003650 0x7f55921114c0 1 -1 16 753 53
get: 1496270098.023840 12 0 22 0x7f30b3003670 0x7f5592111520 1 -1 16 753 53
get: 1496270098.023976 12 0 22 0x7f30b3003528 0x7f55921104e0 1 -1 8 492 26
get: 1496270098.024106 12 0 22 0x7f30b3003530 0x7f55921104d8 1 -1 8 492 26
get: 1496270098.024237 12 0 22 0x7f30b30036a0 0x7f5592111568 1 -1 16 753 53
get: 1496270098.024383 12 0 22 0x7f30b3003660 0x7f55920515c0 1 -1 16 753 53
get: 1496270098.024515 12 0 22 0x7f30b3003970 0x7f559201d510 1 -1 16 1003 53
get: 1496270098.024642 12 0 22 0x7f30b3003980 0x7f55921115c0 1 -1 16 1003 53
get: 1496270098.024758 12 0 22 0x7f30b3003768 0x7f55921104e0 1 -1 8 492 26
get: 1496270098.024899 12 0 22 0x7f30b3003770 0x7f55921104d8 1 -1 8 492 26
get: 1496270098.025046 12 0 22 0x7f30b30039b0 0x7f5592111608 1 -1 16 1003 53
put: 1496270098.025228 12 0 22 0x7f30b3003a50 0x7f55920516c0 1 -1 16 1003 53
f_executeOn: 1496270098.025356 12 0 -2 18 0x7f30b3003e70 112 22
Etask: 1496270098.025477 12 22
task: 1496270098.049667 12 23 4 O 0 -5 32
Btask: 1496270098.049739 12 23
get: 1496270098.049796 12 5 23 0x7f30ad800330 0x7f34c4431040 1 -1 16 1354 53
get: 1496270098.049937 12 5 23 0x7f30ad800350 0x7f34c4438020 1 -1 16 1354 53
get: 1496270098.050073 12 5 23 0x7f30ad7fff28 0x7f34b9e0e160 1 -1 8 492 26
get: 1496270098.050204 12 5 23 0x7f30ad7fff30 0x7f34b9e0e158 1 -1 8 492 26
get: 1496270098.050396 12 5 23 0x7f30ad800380 0x7f34c4438068 1 -1 16 1354 53
get: 1496270098.050520 12 5 23 0x7f30ad800340 0x7f34c443d000 1 -1 16 1354 53
get: 1496270098.050680 12 5 23 0x7f30ad800350 0x7f34c4438020 1 -1 16 1354 53
get: 1496270098.050811 12 5 23 0x7f30ad7fff28 0x7f34b9e0e160 1 -1 8 492 26
get: 1496270098.050904 12 5 23 0x7f30ad7fff30 0x7f34b9e0e158 1 -1 8 492 26
get: 1496270098.051043 12 5 23 0x7f30ad800380 0x7f34c4438068 1 -1 16 1354 53
get: 1496270098.051150 12 5 23 0x7f30ad800340 0x7f34c443d010 1 -1 16 1354 53
get: 1496270098.051278 12 5 23 0x7f30ad800350 0x7f34c4438020 1 -1 16 1354 53
get: 1496270098.051422 12 5 23 0x7f30ad7fff28 0x7f34b9e0e160 1 -1 8 492 26
get: 1496270098.051553 12 5 23 0x7f30ad7fff30 0x7f34b9e0e158 1 -1 8 492 26
get: 1496270098.051679 12 5 23 0x7f30ad800380 0x7f34c4438068 1 -1 16 1354 53
get: 1496270098.051809 12 5 23 0x7f30ad800340 0x7f34c443d020 1 -1 16 1354 53
get: 1496270098.051960 12 5 23 0x7f30ad800350 0x7f34c4438020 1 -1 16 1354 53
get: 1496270098.052098 12 5 23 0x7f30ad7fff28 0x7f34b9e0e160 1 -1 8 492 26
get: 1496270098.052338 12 5 23 0x7f30ad7fff30 0x7f34b9e0e158 1 -1 8 492 26
get: 1496270098.052480 12 5 23 0x7f30ad800380 0x7f34c4438068 1 -1 16 1354 53
get: 1496270098.052579 12 5 23 0x7f30ad800340 0x7f34c443d030 1 -1 16 1354 53
get: 1496270098.052681 12 5 23 0x7f30ad800350 0x7f34c4438020 1 -1 16 1354 53
get: 1496270098.052830 12 5 23 0x7f30ad7fff28 0x7f34b9e0e160 1 -1 8 492 26
get: 1496270098.052977 12 5 23 0x7f30ad7fff30 0x7f34b9e0e158 1 -1 8 492 26
get: 1496270098.053113 12 5 23 0x7f30ad800380 0x7f34c4438068 1 -1 16 1354 53
get: 1496270098.053235 12 5 23 0x7f30ad800340 0x7f34c443d040 1 -1 16 1354 53
get: 1496270098.053629 12 5 23 0x7f30ad800350 0x7f34c4438020 1 -1 16 1354 53
get: 1496270098.053744 12 5 23 0x7f30ad7fff28 0x7f34b9e0e160 1 -1 8 492 26
get: 1496270098.053873 12 5 23 0x7f30ad7fff30 0x7f34b9e0e158 1 -1 8 492 26
get: 1496270098.054006 12 5 23 0x7f30ad800380 0x7f34c4438068 1 -1 16 1354 53
get: 1496270098.054152 12 5 23 0x7f30ad800340 0x7f34c443d050 1 -1 16 1354 53
get: 1496270098.054271 12 5 23 0x7f30ad800350 0x7f34c4438020 1 -1 16 1354 53
get: 1496270098.054408 12 5 23 0x7f30ad7fff28 0x7f34b9e0e160 1 -1 8 492 26
get: 1496270098.054505 12 5 23 0x7f30ad7fff30 0x7f34b9e0e158 1 -1 8 492 26
get: 1496270098.054603 12 5 23 0x7f30ad800380 0x7f34c4438068 1 -1 16 1354 53
get: 1496270098.054697 12 5 23 0x7f30ad800340 0x7f34c443d060 1 -1 16 1354 53
get: 1496270098.054863 12 5 23 0x7f30ad800350 0x7f34c4438020 1 -1 16 1354 53
get: 1496270098.054970 12 5 23 0x7f30ad7fff28 0x7f34b9e0e160 1 -1 8 492 26
get: 1496270098.055060 12 5 23 0x7f30ad7fff30 0x7f34b9e0e158 1 -1 8 492 26
get: 1496270098.055193 12 5 23 0x7f30ad800380 0x7f34c4438068 1 -1 16 1354 53
get: 1496270098.055326 12 5 23 0x7f30ad800340 0x7f34c443d070 1 -1 16 1354 53
get: 1496270098.055472 12 5 23 0x7f30ad800350 0x7f34c4438020 1 -1 16 1354 53
get: 1496270098.055621 12 5 23 0x7f30ad7fff28 0x7f34b9e0e160 1 -1 8 492 26
get: 1496270098.055752 12 5 23 0x7f30ad7fff30 0x7f34b9e0e158 1 -1 8 492 26
get: 1496270098.055879 12 5 23 0x7f30ad800380 0x7f34c4438068 1 -1 16 1354 53
get: 1496270098.056007 12 5 23 0x7f30ad800340 0x7f34c443d080 1 -1 16 1354 53
get: 1496270098.056114 12 5 23 0x7f30ad800350 0x7f34c4438020 1 -1 16 1354 53
get: 1496270098.056249 12 5 23 0x7f30ad7fff28 0x7f34b9e0e160 1 -1 8 492 26
get: 1496270098.056379 12 5 23 0x7f30ad7fff30 0x7f34b9e0e158 1 -1 8 492 26
get: 1496270098.056509 12 5 23 0x7f30ad800380 0x7f34c4438068 1 -1 16 1354 53
get: 1496270098.056639 12 5 23 0x7f30ad800340 0x7f34c443d090 1 -1 16 1354 53
get: 1496270098.056782 12 5 23 0x7f30ad800350 0x7f34c4438020 1 -1 16 1354 53
get: 1496270098.056925 12 5 23 0x7f30ad7fff28 0x7f34b9e0e160 1 -1 8 492 26
get: 1496270098.057057 12 5 23 0x7f30ad7fff30 0x7f34b9e0e158 1 -1 8 492 26
get: 1496270098.057307 12 5 23 0x7f30ad800380 0x7f34c4438068 1 -1 16 1354 53
get: 1496270098.057440 12 5 23 0x7f30ad800340 0x7f34c443d0a0 1 -1 16 1354 53
get: 1496270098.057584 12 5 23 0x7f30ad800350 0x7f34c4438020 1 -1 16 1354 53
get: 1496270098.057718 12 5 23 0x7f30ad7fff28 0x7f34b9e0e160 1 -1 8 492 26
get: 1496270098.057867 12 5 23 0x7f30ad7fff30 0x7f34b9e0e158 1 -1 8 492 26
get: 1496270098.058006 12 5 23 0x7f30ad800380 0x7f34c4438068 1 -1 16 1354 53
get: 1496270098.058141 12 5 23 0x7f30ad800340 0x7f34c443d0b0 1 -1 16 1354 53
get: 1496270098.058252 12 5 23 0x7f30ad800350 0x7f34c4438020 1 -1 16 1354 53
get: 1496270098.058389 12 5 23 0x7f30ad7fff28 0x7f34b9e0e160 1 -1 8 492 26
get: 1496270098.058621 12 5 23 0x7f30ad7fff30 0x7f34b9e0e158 1 -1 8 492 26
get: 1496270098.058859 12 5 23 0x7f30ad800380 0x7f34c4438068 1 -1 16 1354 53
get: 1496270098.058963 12 5 23 0x7f30ad800340 0x7f34c443d0c0 1 -1 16 1354 53
get: 1496270098.059106 12 5 23 0x7f30ad800350 0x7f34c4438020 1 -1 16 1354 53
get: 1496270098.059246 12 5 23 0x7f30ad7fff28 0x7f34b9e0e160 1 -1 8 492 26
get: 1496270098.059371 12 5 23 0x7f30ad7fff30 0x7f34b9e0e158 1 -1 8 492 26
get: 1496270098.059542 12 5 23 0x7f30ad800380 0x7f34c4438068 1 -1 16 1354 53
get: 1496270098.059643 12 5 23 0x7f30ad800340 0x7f34c443d0d0 1 -1 16 1354 53
get: 1496270098.059766 12 5 23 0x7f30ad800350 0x7f34c4438020 1 -1 16 1354 53
get: 1496270098.059954 12 5 23 0x7f30ad7fff28 0x7f34b9e0e160 1 -1 8 492 26
get: 1496270098.060145 12 5 23 0x7f30ad7fff30 0x7f34b9e0e158 1 -1 8 492 26
get: 1496270098.060298 12 5 23 0x7f30ad800380 0x7f34c4438068 1 -1 16 1354 53
get: 1496270098.060436 12 5 23 0x7f30ad800340 0x7f34c443d0e0 1 -1 16 1354 53
get: 1496270098.060579 12 5 23 0x7f30ad800350 0x7f34c4438020 1 -1 16 1354 53
get: 1496270098.060714 12 5 23 0x7f30ad7fff28 0x7f34b9e0e160 1 -1 8 492 26
get: 1496270098.060848 12 5 23 0x7f30ad7fff30 0x7f34b9e0e158 1 -1 8 492 26
get: 1496270098.060980 12 5 23 0x7f30ad800380 0x7f34c4438068 1 -1 16 1354 53
get: 1496270098.061297 12 5 23 0x7f30ad800340 0x7f34c443d0f0 1 -1 16 1354 53
task: 1496270098.061454 12 24 23 L 215 28 24
task: 1496270098.061469 12 25 23 L 218 28 31
Btask: 1496270098.061527 12 25
Btask: 1496270098.061538 12 24
Etask: 1496270098.061544 12 25
Etask: 1496270098.061552 12 24
Etask: 1496270098.061574 12 23
task: 1496270098.065073 12 26 1 O 0 -5 129
Btask: 1496270098.065213 12 26
get: 1496270098.065742 12 0 26 0x7f30a8800930 0x7f559201d568 1 -1 16 1002 53
get: 1496270098.065888 12 0 26 0x7f30a8800650 0x7f55921114c0 1 -1 16 753 53
get: 1496270098.065995 12 0 26 0x7f30a8800670 0x7f5592111520 1 -1 16 753 53
get: 1496270098.066120 12 0 26 0x7f30a8800528 0x7f55921104e0 1 -1 8 492 26
get: 1496270098.066202 12 0 26 0x7f30a8800530 0x7f55921104d8 1 -1 8 492 26
get: 1496270098.066324 12 0 26 0x7f30a88006a0 0x7f5592111568 1 -1 16 753 53
get: 1496270098.066439 12 0 26 0x7f30a8800660 0x7f55920515c0 1 -1 16 753 53
get: 1496270098.066556 12 0 26 0x7f30a8800970 0x7f559201d580 1 -1 16 1003 53
get: 1496270098.066671 12 0 26 0x7f30a8800980 0x7f5592111660 1 -1 16 1003 53
get: 1496270098.066780 12 0 26 0x7f30a8800768 0x7f55921104e0 1 -1 8 492 26
get: 1496270098.066895 12 0 26 0x7f30a8800770 0x7f55921104d8 1 -1 8 492 26
get: 1496270098.067011 12 0 26 0x7f30a88009b0 0x7f55921116a8 1 -1 16 1003 53
put: 1496270098.067144 12 0 26 0x7f30a8800a50 0x7f55920517c0 1 -1 16 1003 53
f_executeOn: 1496270098.067266 12 0 -2 18 0x7f30a8800e70 112 26
Etask: 1496270098.067377 12 26
task: 1496270098.092764 12 27 4 O 0 -5 32
Btask: 1496270098.092912 12 27
get: 1496270098.092953 12 5 27 0x7f30a3800330 0x7f34ba411040 1 -1 16 1354 53
get: 1496270098.093090 12 5 27 0x7f30a3800350 0x7f34ba418020 1 -1 16 1354 53
get: 1496270098.093731 12 5 27 0x7f30a37fff28 0x7f34b9e0e160 1 -1 8 492 26
get: 1496270098.094128 12 5 27 0x7f30a37fff30 0x7f34b9e0e158 1 -1 8 492 26
get: 1496270098.094798 12 5 27 0x7f30a3800380 0x7f34ba418068 1 -1 16 1354 53
get: 1496270098.094971 12 5 27 0x7f30a3800340 0x7f34ba41d000 1 -1 16 1354 53
get: 1496270098.095130 12 5 27 0x7f30a3800350 0x7f34ba418020 1 -1 16 1354 53
get: 1496270098.095418 12 5 27 0x7f30a37fff28 0x7f34b9e0e160 1 -1 8 492 26
get: 1496270098.095576 12 5 27 0x7f30a37fff30 0x7f34b9e0e158 1 -1 8 492 26
get: 1496270098.095724 12 5 27 0x7f30a3800380 0x7f34ba418068 1 -1 16 1354 53
get: 1496270098.096303 12 5 27 0x7f30a3800340 0x7f34ba41d010 1 -1 16 1354 53
get: 1496270098.096736 12 5 27 0x7f30a3800350 0x7f34ba418020 1 -1 16 1354 53
get: 1496270098.096859 12 5 27 0x7f30a37fff28 0x7f34b9e0e160 1 -1 8 492 26
get: 1496270098.097362 12 5 27 0x7f30a37fff30 0x7f34b9e0e158 1 -1 8 492 26
get: 1496270098.097568 12 5 27 0x7f30a3800380 0x7f34ba418068 1 -1 16 1354 53
get: 1496270098.098035 12 5 27 0x7f30a3800340 0x7f34ba41d020 1 -1 16 1354 53
get: 1496270098.098199 12 5 27 0x7f30a3800350 0x7f34ba418020 1 -1 16 1354 53
get: 1496270098.098718 12 5 27 0x7f30a37fff28 0x7f34b9e0e160 1 -1 8 492 26
get: 1496270098.098839 12 5 27 0x7f30a37fff30 0x7f34b9e0e158 1 -1 8 492 26
get: 1496270098.098943 12 5 27 0x7f30a3800380 0x7f34ba418068 1 -1 16 1354 53
get: 1496270098.099080 12 5 27 0x7f30a3800340 0x7f34ba41d030 1 -1 16 1354 53
get: 1496270098.099229 12 5 27 0x7f30a3800350 0x7f34ba418020 1 -1 16 1354 53
get: 1496270098.099619 12 5 27 0x7f30a37fff28 0x7f34b9e0e160 1 -1 8 492 26
get: 1496270098.099703 12 5 27 0x7f30a37fff30 0x7f34b9e0e158 1 -1 8 492 26
get: 1496270098.099839 12 5 27 0x7f30a3800380 0x7f34ba418068 1 -1 16 1354 53
get: 1496270098.099987 12 5 27 0x7f30a3800340 0x7f34ba41d040 1 -1 16 1354 53
get: 1496270098.100759 12 5 27 0x7f30a3800350 0x7f34ba418020 1 -1 16 1354 53
get: 1496270098.100845 12 5 27 0x7f30a37fff28 0x7f34b9e0e160 1 -1 8 492 26
get: 1496270098.100932 12 5 27 0x7f30a37fff30 0x7f34b9e0e158 1 -1 8 492 26
get: 1496270098.101013 12 5 27 0x7f30a3800380 0x7f34ba418068 1 -1 16 1354 53
get: 1496270098.101449 12 5 27 0x7f30a3800340 0x7f34ba41d050 1 -1 16 1354 53
get: 1496270098.101576 12 5 27 0x7f30a3800350 0x7f34ba418020 1 -1 16 1354 53
get: 1496270098.101668 12 5 27 0x7f30a37fff28 0x7f34b9e0e160 1 -1 8 492 26
get: 1496270098.101753 12 5 27 0x7f30a37fff30 0x7f34b9e0e158 1 -1 8 492 26
get: 1496270098.101837 12 5 27 0x7f30a3800380 0x7f34ba418068 1 -1 16 1354 53
get: 1496270098.101952 12 5 27 0x7f30a3800340 0x7f34ba41d060 1 -1 16 1354 53
get: 1496270098.102085 12 5 27 0x7f30a3800350 0x7f34ba418020 1 -1 16 1354 53
get: 1496270098.102523 12 5 27 0x7f30a37fff28 0x7f34b9e0e160 1 -1 8 492 26
get: 1496270098.102614 12 5 27 0x7f30a37fff30 0x7f34b9e0e158 1 -1 8 492 26
get: 1496270098.102743 12 5 27 0x7f30a3800380 0x7f34ba418068 1 -1 16 1354 53
get: 1496270098.102839 12 5 27 0x7f30a3800340 0x7f34ba41d070 1 -1 16 1354 53
get: 1496270098.103122 12 5 27 0x7f30a3800350 0x7f34ba418020 1 -1 16 1354 53
get: 1496270098.103249 12 5 27 0x7f30a37fff28 0x7f34b9e0e160 1 -1 8 492 26
get: 1496270098.103374 12 5 27 0x7f30a37fff30 0x7f34b9e0e158 1 -1 8 492 26
get: 1496270098.103497 12 5 27 0x7f30a3800380 0x7f34ba418068 1 -1 16 1354 53
get: 1496270098.103862 12 5 27 0x7f30a3800340 0x7f34ba41d080 1 -1 16 1354 53
get: 1496270098.103989 12 5 27 0x7f30a3800350 0x7f34ba418020 1 -1 16 1354 53
get: 1496270098.104370 12 5 27 0x7f30a37fff28 0x7f34b9e0e160 1 -1 8 492 26
get: 1496270098.104463 12 5 27 0x7f30a37fff30 0x7f34b9e0e158 1 -1 8 492 26
get: 1496270098.104888 12 5 27 0x7f30a3800380 0x7f34ba418068 1 -1 16 1354 53
get: 1496270098.105038 12 5 27 0x7f30a3800340 0x7f34ba41d090 1 -1 16 1354 53
get: 1496270098.105762 12 5 27 0x7f30a3800350 0x7f34ba418020 1 -1 16 1354 53
get: 1496270098.105910 12 5 27 0x7f30a37fff28 0x7f34b9e0e160 1 -1 8 492 26
get: 1496270098.106488 12 5 27 0x7f30a37fff30 0x7f34b9e0e158 1 -1 8 492 26
get: 1496270098.106790 12 5 27 0x7f30a3800380 0x7f34ba418068 1 -1 16 1354 53
get: 1496270098.107313 12 5 27 0x7f30a3800340 0x7f34ba41d0a0 1 -1 16 1354 53
get: 1496270098.107437 12 5 27 0x7f30a3800350 0x7f34ba418020 1 -1 16 1354 53
get: 1496270098.107564 12 5 27 0x7f30a37fff28 0x7f34b9e0e160 1 -1 8 492 26
get: 1496270098.107693 12 5 27 0x7f30a37fff30 0x7f34b9e0e158 1 -1 8 492 26
get: 1496270098.107815 12 5 27 0x7f30a3800380 0x7f34ba418068 1 -1 16 1354 53
get: 1496270098.107930 12 5 27 0x7f30a3800340 0x7f34ba41d0b0 1 -1 16 1354 53
get: 1496270098.108059 12 5 27 0x7f30a3800350 0x7f34ba418020 1 -1 16 1354 53
get: 1496270098.108179 12 5 27 0x7f30a37fff28 0x7f34b9e0e160 1 -1 8 492 26
get: 1496270098.108300 12 5 27 0x7f30a37fff30 0x7f34b9e0e158 1 -1 8 492 26
get: 1496270098.108544 12 5 27 0x7f30a3800380 0x7f34ba418068 1 -1 16 1354 53
get: 1496270098.108667 12 5 27 0x7f30a3800340 0x7f34ba41d0c0 1 -1 16 1354 53
get: 1496270098.108787 12 5 27 0x7f30a3800350 0x7f34ba418020 1 -1 16 1354 53
get: 1496270098.109033 12 5 27 0x7f30a37fff28 0x7f34b9e0e160 1 -1 8 492 26
get: 1496270098.109365 12 5 27 0x7f30a37fff30 0x7f34b9e0e158 1 -1 8 492 26
get: 1496270098.109484 12 5 27 0x7f30a3800380 0x7f34ba418068 1 -1 16 1354 53
get: 1496270098.109609 12 5 27 0x7f30a3800340 0x7f34ba41d0d0 1 -1 16 1354 53
get: 1496270098.109729 12 5 27 0x7f30a3800350 0x7f34ba418020 1 -1 16 1354 53
get: 1496270098.109967 12 5 27 0x7f30a37fff28 0x7f34b9e0e160 1 -1 8 492 26
get: 1496270098.110087 12 5 27 0x7f30a37fff30 0x7f34b9e0e158 1 -1 8 492 26
get: 1496270098.110214 12 5 27 0x7f30a3800380 0x7f34ba418068 1 -1 16 1354 53
get: 1496270098.110666 12 5 27 0x7f30a3800340 0x7f34ba41d0e0 1 -1 16 1354 53
get: 1496270098.110792 12 5 27 0x7f30a3800350 0x7f34ba418020 1 -1 16 1354 53
get: 1496270098.110918 12 5 27 0x7f30a37fff28 0x7f34b9e0e160 1 -1 8 492 26
get: 1496270098.111043 12 5 27 0x7f30a37fff30 0x7f34b9e0e158 1 -1 8 492 26
get: 1496270098.111172 12 5 27 0x7f30a3800380 0x7f34ba418068 1 -1 16 1354 53
get: 1496270098.111561 12 5 27 0x7f30a3800340 0x7f34ba41d0f0 1 -1 16 1354 53
task: 1496270098.111840 12 28 27 L 215 28 24
task: 1496270098.111850 12 29 27 L 218 28 31
Btask: 1496270098.111878 12 29
Btask: 1496270098.111880 12 28
Etask: 1496270098.111887 12 29
Etask: 1496270098.111902 12 28
Etask: 1496270098.111916 12 27
task: 1496270098.113105 12 30 4 O 0 -5 129
Btask: 1496270098.113237 12 30
get: 1496270098.113251 12 0 30 0x7f3097800930 0x7f559201d5d8 1 -1 16 1002 53
get: 1496270098.113510 12 0 30 0x7f3097800650 0x7f55921114c0 1 -1 16 753 53
get: 1496270098.113709 12 0 30 0x7f3097800670 0x7f5592111520 1 -1 16 753 53
get: 1496270098.113884 12 0 30 0x7f3097800528 0x7f55921104e0 1 -1 8 492 26
get: 1496270098.114010 12 0 30 0x7f3097800530 0x7f55921104d8 1 -1 8 492 26
get: 1496270098.114126 12 0 30 0x7f30978006a0 0x7f5592111568 1 -1 16 753 53
get: 1496270098.114233 12 0 30 0x7f3097800660 0x7f55920515c0 1 -1 16 753 53
get: 1496270098.114338 12 0 30 0x7f3097800970 0x7f559201d5f0 1 -1 16 1003 53
get: 1496270098.114455 12 0 30 0x7f3097800980 0x7f5592111700 1 -1 16 1003 53
get: 1496270098.114576 12 0 30 0x7f3097800768 0x7f55921104e0 1 -1 8 492 26
get: 1496270098.114658 12 0 30 0x7f3097800770 0x7f55921104d8 1 -1 8 492 26
get: 1496270098.114774 12 0 30 0x7f30978009b0 0x7f5592111748 1 -1 16 1003 53
put: 1496270098.114913 12 0 30 0x7f3097800a50 0x7f55920518c0 1 -1 16 1003 53
f_executeOn: 1496270098.115031 12 0 -2 18 0x7f3097800e70 112 30
Etask: 1496270098.115635 12 30
task: 1496270098.141705 12 31 4 O 0 -5 32
Btask: 1496270098.141818 12 31
get: 1496270098.141856 12 5 31 0x7f3092800330 0x7f34ba013040 1 -1 16 1354 53
get: 1496270098.142009 12 5 31 0x7f3092800350 0x7f34ba01a020 1 -1 16 1354 53
get: 1496270098.142206 12 5 31 0x7f30927fff28 0x7f34b9e0e160 1 -1 8 492 26
get: 1496270098.142333 12 5 31 0x7f30927fff30 0x7f34b9e0e158 1 -1 8 492 26
get: 1496270098.142646 12 5 31 0x7f3092800380 0x7f34ba01a068 1 -1 16 1354 53
get: 1496270098.142932 12 5 31 0x7f3092800340 0x7f34ba01f000 1 -1 16 1354 53
get: 1496270098.143096 12 5 31 0x7f3092800350 0x7f34ba01a020 1 -1 16 1354 53
get: 1496270098.143223 12 5 31 0x7f30927fff28 0x7f34b9e0e160 1 -1 8 492 26
get: 1496270098.143382 12 5 31 0x7f30927fff30 0x7f34b9e0e158 1 -1 8 492 26
get: 1496270098.143577 12 5 31 0x7f3092800380 0x7f34ba01a068 1 -1 16 1354 53
get: 1496270098.143770 12 5 31 0x7f3092800340 0x7f34ba01f010 1 -1 16 1354 53
get: 1496270098.143978 12 5 31 0x7f3092800350 0x7f34ba01a020 1 -1 16 1354 53
get: 1496270098.144085 12 5 31 0x7f30927fff28 0x7f34b9e0e160 1 -1 8 492 26
get: 1496270098.144246 12 5 31 0x7f30927fff30 0x7f34b9e0e158 1 -1 8 492 26
get: 1496270098.144375 12 5 31 0x7f3092800380 0x7f34ba01a068 1 -1 16 1354 53
get: 1496270098.144504 12 5 31 0x7f3092800340 0x7f34ba01f020 1 -1 16 1354 53
get: 1496270098.144642 12 5 31 0x7f3092800350 0x7f34ba01a020 1 -1 16 1354 53
get: 1496270098.144801 12 5 31 0x7f30927fff28 0x7f34b9e0e160 1 -1 8 492 26
get: 1496270098.144926 12 5 31 0x7f30927fff30 0x7f34b9e0e158 1 -1 8 492 26
get: 1496270098.145009 12 5 31 0x7f3092800380 0x7f34ba01a068 1 -1 16 1354 53
get: 1496270098.145105 12 5 31 0x7f3092800340 0x7f34ba01f030 1 -1 16 1354 53
get: 1496270098.145309 12 5 31 0x7f3092800350 0x7f34ba01a020 1 -1 16 1354 53
get: 1496270098.145420 12 5 31 0x7f30927fff28 0x7f34b9e0e160 1 -1 8 492 26
get: 1496270098.145557 12 5 31 0x7f30927fff30 0x7f34b9e0e158 1 -1 8 492 26
get: 1496270098.145641 12 5 31 0x7f3092800380 0x7f34ba01a068 1 -1 16 1354 53
get: 1496270098.145767 12 5 31 0x7f3092800340 0x7f34ba01f040 1 -1 16 1354 53
get: 1496270098.145864 12 5 31 0x7f3092800350 0x7f34ba01a020 1 -1 16 1354 53
get: 1496270098.146031 12 5 31 0x7f30927fff28 0x7f34b9e0e160 1 -1 8 492 26
get: 1496270098.146122 12 5 31 0x7f30927fff30 0x7f34b9e0e158 1 -1 8 492 26
get: 1496270098.146211 12 5 31 0x7f3092800380 0x7f34ba01a068 1 -1 16 1354 53
get: 1496270098.146306 12 5 31 0x7f3092800340 0x7f34ba01f050 1 -1 16 1354 53
get: 1496270098.146454 12 5 31 0x7f3092800350 0x7f34ba01a020 1 -1 16 1354 53
get: 1496270098.146680 12 5 31 0x7f30927fff28 0x7f34b9e0e160 1 -1 8 492 26
get: 1496270098.146820 12 5 31 0x7f30927fff30 0x7f34b9e0e158 1 -1 8 492 26
get: 1496270098.146909 12 5 31 0x7f3092800380 0x7f34ba01a068 1 -1 16 1354 53
get: 1496270098.147001 12 5 31 0x7f3092800340 0x7f34ba01f060 1 -1 16 1354 53
get: 1496270098.147097 12 5 31 0x7f3092800350 0x7f34ba01a020 1 -1 16 1354 53
get: 1496270098.147232 12 5 31 0x7f30927fff28 0x7f34b9e0e160 1 -1 8 492 26
get: 1496270098.147320 12 5 31 0x7f30927fff30 0x7f34b9e0e158 1 -1 8 492 26
get: 1496270098.147404 12 5 31 0x7f3092800380 0x7f34ba01a068 1 -1 16 1354 53
get: 1496270098.147496 12 5 31 0x7f3092800340 0x7f34ba01f070 1 -1 16 1354 53
get: 1496270098.147609 12 5 31 0x7f3092800350 0x7f34ba01a020 1 -1 16 1354 53
get: 1496270098.147762 12 5 31 0x7f30927fff28 0x7f34b9e0e160 1 -1 8 492 26
get: 1496270098.147918 12 5 31 0x7f30927fff30 0x7f34b9e0e158 1 -1 8 492 26
get: 1496270098.148025 12 5 31 0x7f3092800380 0x7f34ba01a068 1 -1 16 1354 53
get: 1496270098.148113 12 5 31 0x7f3092800340 0x7f34ba01f080 1 -1 16 1354 53
get: 1496270098.148243 12 5 31 0x7f3092800350 0x7f34ba01a020 1 -1 16 1354 53
get: 1496270098.148415 12 5 31 0x7f30927fff28 0x7f34b9e0e160 1 -1 8 492 26
get: 1496270098.148537 12 5 31 0x7f30927fff30 0x7f34b9e0e158 1 -1 8 492 26
get: 1496270098.148791 12 5 31 0x7f3092800380 0x7f34ba01a068 1 -1 16 1354 53
get: 1496270098.148932 12 5 31 0x7f3092800340 0x7f34ba01f090 1 -1 16 1354 53
get: 1496270098.149026 12 5 31 0x7f3092800350 0x7f34ba01a020 1 -1 16 1354 53
get: 1496270098.149124 12 5 31 0x7f30927fff28 0x7f34b9e0e160 1 -1 8 492 26
get: 1496270098.149277 12 5 31 0x7f30927fff30 0x7f34b9e0e158 1 -1 8 492 26
get: 1496270098.149395 12 5 31 0x7f3092800380 0x7f34ba01a068 1 -1 16 1354 53
get: 1496270098.149516 12 5 31 0x7f3092800340 0x7f34ba01f0a0 1 -1 16 1354 53
get: 1496270098.149691 12 5 31 0x7f3092800350 0x7f34ba01a020 1 -1 16 1354 53
get: 1496270098.149863 12 5 31 0x7f30927fff28 0x7f34b9e0e160 1 -1 8 492 26
get: 1496270098.149994 12 5 31 0x7f30927fff30 0x7f34b9e0e158 1 -1 8 492 26
get: 1496270098.150125 12 5 31 0x7f3092800380 0x7f34ba01a068 1 -1 16 1354 53
get: 1496270098.150242 12 5 31 0x7f3092800340 0x7f34ba01f0b0 1 -1 16 1354 53
get: 1496270098.150364 12 5 31 0x7f3092800350 0x7f34ba01a020 1 -1 16 1354 53
get: 1496270098.150496 12 5 31 0x7f30927fff28 0x7f34b9e0e160 1 -1 8 492 26
get: 1496270098.150582 12 5 31 0x7f30927fff30 0x7f34b9e0e158 1 -1 8 492 26
get: 1496270098.150669 12 5 31 0x7f3092800380 0x7f34ba01a068 1 -1 16 1354 53
get: 1496270098.150799 12 5 31 0x7f3092800340 0x7f34ba01f0c0 1 -1 16 1354 53
get: 1496270098.150927 12 5 31 0x7f3092800350 0x7f34ba01a020 1 -1 16 1354 53
get: 1496270098.151048 12 5 31 0x7f30927fff28 0x7f34b9e0e160 1 -1 8 492 26
get: 1496270098.151169 12 5 31 0x7f30927fff30 0x7f34b9e0e158 1 -1 8 492 26
get: 1496270098.151256 12 5 31 0x7f3092800380 0x7f34ba01a068 1 -1 16 1354 53
get: 1496270098.151378 12 5 31 0x7f3092800340 0x7f34ba01f0d0 1 -1 16 1354 53
get: 1496270098.151561 12 5 31 0x7f3092800350 0x7f34ba01a020 1 -1 16 1354 53
get: 1496270098.151660 12 5 31 0x7f30927fff28 0x7f34b9e0e160 1 -1 8 492 26
get: 1496270098.151762 12 5 31 0x7f30927fff30 0x7f34b9e0e158 1 -1 8 492 26
get: 1496270098.151993 12 5 31 0x7f3092800380 0x7f34ba01a068 1 -1 16 1354 53
get: 1496270098.152159 12 5 31 0x7f3092800340 0x7f34ba01f0e0 1 -1 16 1354 53
get: 1496270098.152342 12 5 31 0x7f3092800350 0x7f34ba01a020 1 -1 16 1354 53
get: 1496270098.152473 12 5 31 0x7f30927fff28 0x7f34b9e0e160 1 -1 8 492 26
get: 1496270098.152595 12 5 31 0x7f30927fff30 0x7f34b9e0e158 1 -1 8 492 26
get: 1496270098.152715 12 5 31 0x7f3092800380 0x7f34ba01a068 1 -1 16 1354 53
get: 1496270098.152838 12 5 31 0x7f3092800340 0x7f34ba01f0f0 1 -1 16 1354 53
task: 1496270098.152976 12 32 31 L 215 28 24
task: 1496270098.152986 12 33 31 L 218 28 31
Btask: 1496270098.153021 12 33
Btask: 1496270098.153035 12 32
Etask: 1496270098.153038 12 33
Etask: 1496270098.153049 12 32
Etask: 1496270098.153067 12 31
task: 1496270098.191480 12 34 4 O 0 -5 129
Btask: 1496270098.191616 12 34
get: 1496270098.191631 12 0 34 0x7f308d800930 0x7f559201d648 1 -1 16 1002 53
get: 1496270098.191878 12 0 34 0x7f308d800650 0x7f55921114c0 1 -1 16 753 53
get: 1496270098.192155 12 0 34 0x7f308d800670 0x7f5592111520 1 -1 16 753 53
get: 1496270098.192331 12 0 34 0x7f308d800528 0x7f55921104e0 1 -1 8 492 26
get: 1496270098.192467 12 0 34 0x7f308d800530 0x7f55921104d8 1 -1 8 492 26
get: 1496270098.192587 12 0 34 0x7f308d8006a0 0x7f5592111568 1 -1 16 753 53
get: 1496270098.192754 12 0 34 0x7f308d800660 0x7f55920515c0 1 -1 16 753 53
get: 1496270098.192867 12 0 34 0x7f308d800970 0x7f559201d660 1 -1 16 1003 53
get: 1496270098.193030 12 0 34 0x7f308d800980 0x7f55921117a0 1 -1 16 1003 53
get: 1496270098.193148 12 0 34 0x7f308d800768 0x7f55921104e0 1 -1 8 492 26
get: 1496270098.193240 12 0 34 0x7f308d800770 0x7f55921104d8 1 -1 8 492 26
get: 1496270098.193395 12 0 34 0x7f308d8009b0 0x7f55921117e8 1 -1 16 1003 53
put: 1496270098.193524 12 0 34 0x7f308d800a50 0x7f55920519c0 1 -1 16 1003 53
f_executeOn: 1496270098.193636 12 0 -2 18 0x7f308d800e70 112 34
Etask: 1496270098.193744 12 34
task: 1496270098.224749 12 35 1 O 0 -5 32
Btask: 1496270098.224854 12 35
get: 1496270098.224882 12 5 35 0x7f3088800330 0x7f34b9c13040 1 -1 16 1354 53
get: 1496270098.225092 12 5 35 0x7f3088800350 0x7f34b9c1a020 1 -1 16 1354 53
get: 1496270098.225293 12 5 35 0x7f30887fff28 0x7f34b9e0e160 1 -1 8 492 26
get: 1496270098.225455 12 5 35 0x7f30887fff30 0x7f34b9e0e158 1 -1 8 492 26
get: 1496270098.225580 12 5 35 0x7f3088800380 0x7f34b9c1a068 1 -1 16 1354 53
get: 1496270098.225806 12 5 35 0x7f3088800340 0x7f34b9c1f000 1 -1 16 1354 53
get: 1496270098.225961 12 5 35 0x7f3088800350 0x7f34b9c1a020 1 -1 16 1354 53
get: 1496270098.226081 12 5 35 0x7f30887fff28 0x7f34b9e0e160 1 -1 8 492 26
get: 1496270098.226253 12 5 35 0x7f30887fff30 0x7f34b9e0e158 1 -1 8 492 26
get: 1496270098.226402 12 5 35 0x7f3088800380 0x7f34b9c1a068 1 -1 16 1354 53
get: 1496270098.226555 12 5 35 0x7f3088800340 0x7f34b9c1f010 1 -1 16 1354 53
get: 1496270098.226659 12 5 35 0x7f3088800350 0x7f34b9c1a020 1 -1 16 1354 53
get: 1496270098.226763 12 5 35 0x7f30887fff28 0x7f34b9e0e160 1 -1 8 492 26
get: 1496270098.226882 12 5 35 0x7f30887fff30 0x7f34b9e0e158 1 -1 8 492 26
get: 1496270098.227006 12 5 35 0x7f3088800380 0x7f34b9c1a068 1 -1 16 1354 53
get: 1496270098.227093 12 5 35 0x7f3088800340 0x7f34b9c1f020 1 -1 16 1354 53
get: 1496270098.227222 12 5 35 0x7f3088800350 0x7f34b9c1a020 1 -1 16 1354 53
get: 1496270098.227358 12 5 35 0x7f30887fff28 0x7f34b9e0e160 1 -1 8 492 26
get: 1496270098.227445 12 5 35 0x7f30887fff30 0x7f34b9e0e158 1 -1 8 492 26
get: 1496270098.227531 12 5 35 0x7f3088800380 0x7f34b9c1a068 1 -1 16 1354 53
get: 1496270098.227659 12 5 35 0x7f3088800340 0x7f34b9c1f030 1 -1 16 1354 53
get: 1496270098.227798 12 5 35 0x7f3088800350 0x7f34b9c1a020 1 -1 16 1354 53
get: 1496270098.227921 12 5 35 0x7f30887fff28 0x7f34b9e0e160 1 -1 8 492 26
get: 1496270098.228030 12 5 35 0x7f30887fff30 0x7f34b9e0e158 1 -1 8 492 26
get: 1496270098.228141 12 5 35 0x7f3088800380 0x7f34b9c1a068 1 -1 16 1354 53
get: 1496270098.228305 12 5 35 0x7f3088800340 0x7f34b9c1f040 1 -1 16 1354 53
get: 1496270098.228396 12 5 35 0x7f3088800350 0x7f34b9c1a020 1 -1 16 1354 53
get: 1496270098.228506 12 5 35 0x7f30887fff28 0x7f34b9e0e160 1 -1 8 492 26
get: 1496270098.228628 12 5 35 0x7f30887fff30 0x7f34b9e0e158 1 -1 8 492 26
get: 1496270098.228752 12 5 35 0x7f3088800380 0x7f34b9c1a068 1 -1 16 1354 53
get: 1496270098.228867 12 5 35 0x7f3088800340 0x7f34b9c1f050 1 -1 16 1354 53
get: 1496270098.228985 12 5 35 0x7f3088800350 0x7f34b9c1a020 1 -1 16 1354 53
get: 1496270098.229069 12 5 35 0x7f30887fff28 0x7f34b9e0e160 1 -1 8 492 26
get: 1496270098.229162 12 5 35 0x7f30887fff30 0x7f34b9e0e158 1 -1 8 492 26
get: 1496270098.229251 12 5 35 0x7f3088800380 0x7f34b9c1a068 1 -1 16 1354 53
get: 1496270098.229377 12 5 35 0x7f3088800340 0x7f34b9c1f060 1 -1 16 1354 53
get: 1496270098.229497 12 5 35 0x7f3088800350 0x7f34b9c1a020 1 -1 16 1354 53
get: 1496270098.229589 12 5 35 0x7f30887fff28 0x7f34b9e0e160 1 -1 8 492 26
get: 1496270098.229674 12 5 35 0x7f30887fff30 0x7f34b9e0e158 1 -1 8 492 26
get: 1496270098.229803 12 5 35 0x7f3088800380 0x7f34b9c1a068 1 -1 16 1354 53
get: 1496270098.229926 12 5 35 0x7f3088800340 0x7f34b9c1f070 1 -1 16 1354 53
get: 1496270098.230059 12 5 35 0x7f3088800350 0x7f34b9c1a020 1 -1 16 1354 53
get: 1496270098.230145 12 5 35 0x7f30887fff28 0x7f34b9e0e160 1 -1 8 492 26
get: 1496270098.230265 12 5 35 0x7f30887fff30 0x7f34b9e0e158 1 -1 8 492 26
get: 1496270098.230394 12 5 35 0x7f3088800380 0x7f34b9c1a068 1 -1 16 1354 53
get: 1496270098.230557 12 5 35 0x7f3088800340 0x7f34b9c1f080 1 -1 16 1354 53
get: 1496270098.230682 12 5 35 0x7f3088800350 0x7f34b9c1a020 1 -1 16 1354 53
get: 1496270098.230775 12 5 35 0x7f30887fff28 0x7f34b9e0e160 1 -1 8 492 26
get: 1496270098.230866 12 5 35 0x7f30887fff30 0x7f34b9e0e158 1 -1 8 492 26
get: 1496270098.230949 12 5 35 0x7f3088800380 0x7f34b9c1a068 1 -1 16 1354 53
get: 1496270098.231041 12 5 35 0x7f3088800340 0x7f34b9c1f090 1 -1 16 1354 53
get: 1496270098.231133 12 5 35 0x7f3088800350 0x7f34b9c1a020 1 -1 16 1354 53
get: 1496270098.231222 12 5 35 0x7f30887fff28 0x7f34b9e0e160 1 -1 8 492 26
get: 1496270098.231342 12 5 35 0x7f30887fff30 0x7f34b9e0e158 1 -1 8 492 26
get: 1496270098.231506 12 5 35 0x7f3088800380 0x7f34b9c1a068 1 -1 16 1354 53
get: 1496270098.231630 12 5 35 0x7f3088800340 0x7f34b9c1f0a0 1 -1 16 1354 53
get: 1496270098.231719 12 5 35 0x7f3088800350 0x7f34b9c1a020 1 -1 16 1354 53
get: 1496270098.231802 12 5 35 0x7f30887fff28 0x7f34b9e0e160 1 -1 8 492 26
get: 1496270098.231850 12 5 35 0x7f30887fff30 0x7f34b9e0e158 1 -1 8 492 26
get: 1496270098.231899 12 5 35 0x7f3088800380 0x7f34b9c1a068 1 -1 16 1354 53
get: 1496270098.231947 12 5 35 0x7f3088800340 0x7f34b9c1f0b0 1 -1 16 1354 53
get: 1496270098.232009 12 5 35 0x7f3088800350 0x7f34b9c1a020 1 -1 16 1354 53
get: 1496270098.232134 12 5 35 0x7f30887fff28 0x7f34b9e0e160 1 -1 8 492 26
get: 1496270098.232314 12 5 35 0x7f30887fff30 0x7f34b9e0e158 1 -1 8 492 26
get: 1496270098.232446 12 5 35 0x7f3088800380 0x7f34b9c1a068 1 -1 16 1354 53
get: 1496270098.232559 12 5 35 0x7f3088800340 0x7f34b9c1f0c0 1 -1 16 1354 53
get: 1496270098.232646 12 5 35 0x7f3088800350 0x7f34b9c1a020 1 -1 16 1354 53
get: 1496270098.232812 12 5 35 0x7f30887fff28 0x7f34b9e0e160 1 -1 8 492 26
get: 1496270098.232933 12 5 35 0x7f30887fff30 0x7f34b9e0e158 1 -1 8 492 26
get: 1496270098.233022 12 5 35 0x7f3088800380 0x7f34b9c1a068 1 -1 16 1354 53
get: 1496270098.233111 12 5 35 0x7f3088800340 0x7f34b9c1f0d0 1 -1 16 1354 53
get: 1496270098.233197 12 5 35 0x7f3088800350 0x7f34b9c1a020 1 -1 16 1354 53
get: 1496270098.233315 12 5 35 0x7f30887fff28 0x7f34b9e0e160 1 -1 8 492 26
get: 1496270098.233413 12 5 35 0x7f30887fff30 0x7f34b9e0e158 1 -1 8 492 26
get: 1496270098.233500 12 5 35 0x7f3088800380 0x7f34b9c1a068 1 -1 16 1354 53
get: 1496270098.233640 12 5 35 0x7f3088800340 0x7f34b9c1f0e0 1 -1 16 1354 53
get: 1496270098.233803 12 5 35 0x7f3088800350 0x7f34b9c1a020 1 -1 16 1354 53
get: 1496270098.233897 12 5 35 0x7f30887fff28 0x7f34b9e0e160 1 -1 8 492 26
get: 1496270098.233984 12 5 35 0x7f30887fff30 0x7f34b9e0e158 1 -1 8 492 26
get: 1496270098.234107 12 5 35 0x7f3088800380 0x7f34b9c1a068 1 -1 16 1354 53
get: 1496270098.234221 12 5 35 0x7f3088800340 0x7f34b9c1f0f0 1 -1 16 1354 53
task: 1496270098.234343 12 36 35 L 215 28 24
task: 1496270098.234352 12 37 35 L 218 28 31
Btask: 1496270098.234378 12 37
Etask: 1496270098.234389 12 37
Btask: 1496270098.234399 12 36
Etask: 1496270098.234415 12 36
Etask: 1496270098.234459 12 35
task: 1496270098.450328 12 38 1 O 0 -5 129
Btask: 1496270098.450438 12 38
get: 1496270098.450448 12 0 38 0x7f3083800930 0x7f559201d6b8 1 -1 16 1002 53
get: 1496270098.450616 12 0 38 0x7f3083800650 0x7f55921114c0 1 -1 16 753 53
get: 1496270098.450790 12 0 38 0x7f3083800670 0x7f5592111520 1 -1 16 753 53
get: 1496270098.450901 12 0 38 0x7f3083800528 0x7f55921104e0 1 -1 8 492 26
get: 1496270098.451016 12 0 38 0x7f3083800530 0x7f55921104d8 1 -1 8 492 26
get: 1496270098.451204 12 0 38 0x7f30838006a0 0x7f5592111568 1 -1 16 753 53
get: 1496270098.451411 12 0 38 0x7f3083800660 0x7f55920515c0 1 -1 16 753 53
get: 1496270098.451641 12 0 38 0x7f3083800970 0x7f559201d6d0 1 -1 16 1003 53
get: 1496270098.451802 12 0 38 0x7f3083800980 0x7f5592111840 1 -1 16 1003 53
get: 1496270098.451911 12 0 38 0x7f3083800768 0x7f55921104e0 1 -1 8 492 26
get: 1496270098.452029 12 0 38 0x7f3083800770 0x7f55921104d8 1 -1 8 492 26
get: 1496270098.452142 12 0 38 0x7f30838009b0 0x7f5592111888 1 -1 16 1003 53
put: 1496270098.452267 12 0 38 0x7f3083800a50 0x7f5592051ac0 1 -1 16 1003 53
f_executeOn: 1496270098.452438 12 0 -2 18 0x7f3083800e70 112 38
Etask: 1496270098.452663 12 38
task: 1496270098.470514 12 39 4 O 0 -5 32
Btask: 1496270098.470618 12 39
get: 1496270098.470649 12 5 39 0x7f307e800330 0x7f34b9810040 1 -1 16 1354 53
get: 1496270098.470831 12 5 39 0x7f307e800350 0x7f34b9817020 1 -1 16 1354 53
get: 1496270098.471047 12 5 39 0x7f307e7fff28 0x7f34b9e0e160 1 -1 8 492 26
get: 1496270098.471226 12 5 39 0x7f307e7fff30 0x7f34b9e0e158 1 -1 8 492 26
get: 1496270098.471425 12 5 39 0x7f307e800380 0x7f34b9817068 1 -1 16 1354 53
get: 1496270098.471573 12 5 39 0x7f307e800340 0x7f34b981c000 1 -1 16 1354 53
get: 1496270098.471734 12 5 39 0x7f307e800350 0x7f34b9817020 1 -1 16 1354 53
get: 1496270098.471897 12 5 39 0x7f307e7fff28 0x7f34b9e0e160 1 -1 8 492 26
get: 1496270098.472058 12 5 39 0x7f307e7fff30 0x7f34b9e0e158 1 -1 8 492 26
get: 1496270098.472155 12 5 39 0x7f307e800380 0x7f34b9817068 1 -1 16 1354 53
get: 1496270098.472206 12 5 39 0x7f307e800340 0x7f34b981c010 1 -1 16 1354 53
get: 1496270098.472255 12 5 39 0x7f307e800350 0x7f34b9817020 1 -1 16 1354 53
get: 1496270098.472392 12 5 39 0x7f307e7fff28 0x7f34b9e0e160 1 -1 8 492 26
get: 1496270098.472604 12 5 39 0x7f307e7fff30 0x7f34b9e0e158 1 -1 8 492 26
get: 1496270098.472808 12 5 39 0x7f307e800380 0x7f34b9817068 1 -1 16 1354 53
get: 1496270098.473009 12 5 39 0x7f307e800340 0x7f34b981c020 1 -1 16 1354 53
get: 1496270098.473184 12 5 39 0x7f307e800350 0x7f34b9817020 1 -1 16 1354 53
get: 1496270098.473347 12 5 39 0x7f307e7fff28 0x7f34b9e0e160 1 -1 8 492 26
get: 1496270098.473490 12 5 39 0x7f307e7fff30 0x7f34b9e0e158 1 -1 8 492 26
get: 1496270098.473597 12 5 39 0x7f307e800380 0x7f34b9817068 1 -1 16 1354 53
get: 1496270098.473781 12 5 39 0x7f307e800340 0x7f34b981c030 1 -1 16 1354 53
get: 1496270098.473940 12 5 39 0x7f307e800350 0x7f34b9817020 1 -1 16 1354 53
get: 1496270098.474102 12 5 39 0x7f307e7fff28 0x7f34b9e0e160 1 -1 8 492 26
get: 1496270098.474197 12 5 39 0x7f307e7fff30 0x7f34b9e0e158 1 -1 8 492 26
get: 1496270098.474396 12 5 39 0x7f307e800380 0x7f34b9817068 1 -1 16 1354 53
get: 1496270098.474477 12 5 39 0x7f307e800340 0x7f34b981c040 1 -1 16 1354 53
get: 1496270098.474602 12 5 39 0x7f307e800350 0x7f34b9817020 1 -1 16 1354 53
get: 1496270098.474760 12 5 39 0x7f307e7fff28 0x7f34b9e0e160 1 -1 8 492 26
get: 1496270098.474907 12 5 39 0x7f307e7fff30 0x7f34b9e0e158 1 -1 8 492 26
get: 1496270098.475124 12 5 39 0x7f307e800380 0x7f34b9817068 1 -1 16 1354 53
get: 1496270098.475272 12 5 39 0x7f307e800340 0x7f34b981c050 1 -1 16 1354 53
get: 1496270098.475493 12 5 39 0x7f307e800350 0x7f34b9817020 1 -1 16 1354 53
get: 1496270098.475648 12 5 39 0x7f307e7fff28 0x7f34b9e0e160 1 -1 8 492 26
get: 1496270098.475851 12 5 39 0x7f307e7fff30 0x7f34b9e0e158 1 -1 8 492 26
get: 1496270098.475978 12 5 39 0x7f307e800380 0x7f34b9817068 1 -1 16 1354 53
get: 1496270098.476102 12 5 39 0x7f307e800340 0x7f34b981c060 1 -1 16 1354 53
get: 1496270098.476223 12 5 39 0x7f307e800350 0x7f34b9817020 1 -1 16 1354 53
get: 1496270098.476444 12 5 39 0x7f307e7fff28 0x7f34b9e0e160 1 -1 8 492 26
get: 1496270098.476598 12 5 39 0x7f307e7fff30 0x7f34b9e0e158 1 -1 8 492 26
get: 1496270098.476757 12 5 39 0x7f307e800380 0x7f34b9817068 1 -1 16 1354 53
get: 1496270098.476883 12 5 39 0x7f307e800340 0x7f34b981c070 1 -1 16 1354 53
get: 1496270098.476972 12 5 39 0x7f307e800350 0x7f34b9817020 1 -1 16 1354 53
get: 1496270098.477083 12 5 39 0x7f307e7fff28 0x7f34b9e0e160 1 -1 8 492 26
get: 1496270098.477173 12 5 39 0x7f307e7fff30 0x7f34b9e0e158 1 -1 8 492 26
get: 1496270098.477261 12 5 39 0x7f307e800380 0x7f34b9817068 1 -1 16 1354 53
get: 1496270098.477395 12 5 39 0x7f307e800340 0x7f34b981c080 1 -1 16 1354 53
get: 1496270098.477531 12 5 39 0x7f307e800350 0x7f34b9817020 1 -1 16 1354 53
get: 1496270098.477712 12 5 39 0x7f307e7fff28 0x7f34b9e0e160 1 -1 8 492 26
get: 1496270098.477900 12 5 39 0x7f307e7fff30 0x7f34b9e0e158 1 -1 8 492 26
get: 1496270098.478029 12 5 39 0x7f307e800380 0x7f34b9817068 1 -1 16 1354 53
get: 1496270098.478135 12 5 39 0x7f307e800340 0x7f34b981c090 1 -1 16 1354 53
get: 1496270098.478241 12 5 39 0x7f307e800350 0x7f34b9817020 1 -1 16 1354 53
get: 1496270098.478331 12 5 39 0x7f307e7fff28 0x7f34b9e0e160 1 -1 8 492 26
get: 1496270098.478468 12 5 39 0x7f307e7fff30 0x7f34b9e0e158 1 -1 8 492 26
get: 1496270098.478520 12 5 39 0x7f307e800380 0x7f34b9817068 1 -1 16 1354 53
get: 1496270098.478637 12 5 39 0x7f307e800340 0x7f34b981c0a0 1 -1 16 1354 53
get: 1496270098.478778 12 5 39 0x7f307e800350 0x7f34b9817020 1 -1 16 1354 53
get: 1496270098.479028 12 5 39 0x7f307e7fff28 0x7f34b9e0e160 1 -1 8 492 26
get: 1496270098.479127 12 5 39 0x7f307e7fff30 0x7f34b9e0e158 1 -1 8 492 26
get: 1496270098.479215 12 5 39 0x7f307e800380 0x7f34b9817068 1 -1 16 1354 53
get: 1496270098.479457 12 5 39 0x7f307e800340 0x7f34b981c0b0 1 -1 16 1354 53
get: 1496270098.479587 12 5 39 0x7f307e800350 0x7f34b9817020 1 -1 16 1354 53
get: 1496270098.479720 12 5 39 0x7f307e7fff28 0x7f34b9e0e160 1 -1 8 492 26
get: 1496270098.479888 12 5 39 0x7f307e7fff30 0x7f34b9e0e158 1 -1 8 492 26
get: 1496270098.479982 12 5 39 0x7f307e800380 0x7f34b9817068 1 -1 16 1354 53
get: 1496270098.480079 12 5 39 0x7f307e800340 0x7f34b981c0c0 1 -1 16 1354 53
get: 1496270098.480301 12 5 39 0x7f307e800350 0x7f34b9817020 1 -1 16 1354 53
get: 1496270098.480511 12 5 39 0x7f307e7fff28 0x7f34b9e0e160 1 -1 8 492 26
get: 1496270098.480642 12 5 39 0x7f307e7fff30 0x7f34b9e0e158 1 -1 8 492 26
get: 1496270098.480863 12 5 39 0x7f307e800380 0x7f34b9817068 1 -1 16 1354 53
get: 1496270098.481004 12 5 39 0x7f307e800340 0x7f34b981c0d0 1 -1 16 1354 53
get: 1496270098.481290 12 5 39 0x7f307e800350 0x7f34b9817020 1 -1 16 1354 53
get: 1496270098.481422 12 5 39 0x7f307e7fff28 0x7f34b9e0e160 1 -1 8 492 26
get: 1496270098.481543 12 5 39 0x7f307e7fff30 0x7f34b9e0e158 1 -1 8 492 26
get: 1496270098.481661 12 5 39 0x7f307e800380 0x7f34b9817068 1 -1 16 1354 53
get: 1496270098.481803 12 5 39 0x7f307e800340 0x7f34b981c0e0 1 -1 16 1354 53
get: 1496270098.482047 12 5 39 0x7f307e800350 0x7f34b9817020 1 -1 16 1354 53
get: 1496270098.482167 12 5 39 0x7f307e7fff28 0x7f34b9e0e160 1 -1 8 492 26
get: 1496270098.482473 12 5 39 0x7f307e7fff30 0x7f34b9e0e158 1 -1 8 492 26
get: 1496270098.482599 12 5 39 0x7f307e800380 0x7f34b9817068 1 -1 16 1354 53
get: 1496270098.482722 12 5 39 0x7f307e800340 0x7f34b981c0f0 1 -1 16 1354 53
task: 1496270098.482856 12 40 39 L 215 28 24
task: 1496270098.482866 12 41 39 L 218 28 31
Btask: 1496270098.482884 12 40
Etask: 1496270098.482900 12 40
Btask: 1496270098.482901 12 41
Etask: 1496270098.482917 12 41
Etask: 1496270098.482931 12 39
task: 1496270098.518719 12 42 1 O 0 -5 158
Btask: 1496270098.518845 12 42
VdbMark: 1496270098.518857 12 42
task: 1496270098.518867 12 43 42 L 98 52 157
task: 1496270098.518879 12 44 42 L 98 52 157
Btask: 1496270098.518907 12 44
fork: 1496270098.518919 12 13 -2 158 0x7f30a8800dd0 168 44 
Btask: 1496270098.518925 12 43
fork: 1496270098.518939 12 14 -2 158 0x7f30ad800dd0 168 43 
Etask: 1496270098.519247 12 44
Etask: 1496270098.526155 12 43
Tag: 1496270098.526158 1.548000 0.852000 12 42 2
Etask: 1496270098.526198 12 42
task: 1496270098.526646 12 45 4 O 0 -5 164
Btask: 1496270098.526672 12 45
f_executeOn: 1496270098.526729 12 0 -2 18 0x7f30b2800e20 112 45
Etask: 1496270098.526868 12 45
task: 1496270098.534149 12 46 4 O 0 -5 158
Btask: 1496270098.534191 12 46
VdbMark: 1496270098.534204 12 46
task: 1496270098.534217 12 47 46 L 98 52 157
task: 1496270098.534226 12 48 46 L 98 52 157
Btask: 1496270098.534234 12 47
fork: 1496270098.534241 12 14 -2 158 0x7f30b2800dd0 168 47 
Btask: 1496270098.534248 12 48
fork: 1496270098.534255 12 13 -2 158 0x7f30b3806dd0 168 48 
Etask: 1496270098.534687 12 48
Etask: 1496270098.553474 12 47
Tag: 1496270098.553481 1.604000 0.888000 12 46 3
Etask: 1496270098.553520 12 46
task: 1496270098.578585 12 49 4 O 0 -5 158
Btask: 1496270098.578613 12 49
VdbMark: 1496270098.578625 12 49
task: 1496270098.578633 12 50 49 L 98 52 157
task: 1496270098.578638 12 51 49 L 98 52 157
Btask: 1496270098.578687 12 51
Btask: 1496270098.578691 12 50
fork: 1496270098.578711 12 14 -2 158 0x7f30ae003dd0 168 50 
fork: 1496270098.578701 12 13 -2 158 0x7f30a8800dd0 168 51 
Etask: 1496270098.579172 12 51
Etask: 1496270098.585502 12 50
Tag: 1496270098.585522 1.660000 0.908000 12 49 4
Etask: 1496270098.585546 12 49
task: 1496270098.586699 12 52 4 O 0 -5 162
Btask: 1496270098.586732 12 52
get: 1496270098.586747 12 5 52 0x7f30a8800a80 0x7f34c401f020 1 -1 8 31 51
get: 1496270098.586956 12 5 52 0x7f30a8800a90 0x7f34c401f028 1 -1 16 31 51
get: 1496270098.587275 12 2 52 0x7f30a88009c0 0x7fc9cbc1d020 1 -1 8 33 51
get: 1496270098.587632 12 2 52 0x7f30a88009d0 0x7fc9cbc1d028 1 -1 16 33 51
task: 1496270098.587953 12 53 52 L 30 51 159
task: 1496270098.587963 12 54 52 L 32 51 161
Btask: 1496270098.587991 12 54
Etask: 1496270098.588007 12 54
Btask: 1496270098.588008 12 53
Etask: 1496270098.588023 12 53
Etask: 1496270098.588042 12 52
task: 1496270098.594001 12 55 4 O 0 -5 158
Btask: 1496270098.594030 12 55
VdbMark: 1496270098.594043 12 55
task: 1496270098.594051 12 56 55 L 98 52 157
task: 1496270098.594056 12 57 55 L 98 52 157
Btask: 1496270098.594106 12 57
Btask: 1496270098.594101 12 56
fork: 1496270098.594120 12 13 -2 158 0x7f3097800dd0 168 57 
fork: 1496270098.594123 12 14 -2 158 0x7f30a4003dd0 168 56 
Etask: 1496270098.594648 12 57
Etask: 1496270098.600465 12 56
Tag: 1496270098.600487 1.700000 0.916000 12 55 5
Etask: 1496270098.600508 12 55
task: 1496270098.604589 12 58 1 O 0 -5 158
Btask: 1496270098.604654 12 58
VdbMark: 1496270098.604667 12 58
task: 1496270098.604675 12 59 58 L 98 52 157
task: 1496270098.604685 12 60 58 L 98 52 157
Btask: 1496270098.604705 12 60
fork: 1496270098.604714 12 13 -2 158 0x7f30a8800dd0 168 60 
Btask: 1496270098.604715 12 59
fork: 1496270098.604729 12 14 -2 158 0x7f30ad800dd0 168 59 
Etask: 1496270098.605026 12 60
Etask: 1496270098.608362 12 59
Tag: 1496270098.608364 1.724000 0.920000 12 58 6
Etask: 1496270098.608401 12 58
task: 1496270098.609145 12 61 4 O 0 -5 168
Btask: 1496270098.609175 12 61
task: 1496270098.609187 12 62 61 L 76 51 165
task: 1496270098.609192 12 63 61 L 78 51 167
task: 1496270098.609199 12 64 61 L 80 51 169
Btask: 1496270098.609201 12 62
Etask: 1496270098.609208 12 62
Btask: 1496270098.609236 12 64
Etask: 1496270098.609248 12 64
Btask: 1496270098.609249 12 63
Etask: 1496270098.609264 12 63
Etask: 1496270098.609285 12 61
task: 1496270098.621060 12 65 1 O 0 -5 158
Btask: 1496270098.621123 12 65
VdbMark: 1496270098.621137 12 65
task: 1496270098.621145 12 66 65 L 98 52 157
task: 1496270098.621154 12 67 65 L 98 52 157
Btask: 1496270098.621168 12 66
fork: 1496270098.621176 12 14 -2 158 0x7f30ad800dd0 168 66 
Btask: 1496270098.621209 12 67
fork: 1496270098.621224 12 13 -2 158 0x7f30a8800dd0 168 67 
Etask: 1496270098.621553 12 67
Etask: 1496270098.645447 12 66
Tag: 1496270098.645449 1.808000 0.968000 12 65 7
Etask: 1496270098.645489 12 65
task: 1496270098.669134 12 68 4 O 0 -5 158
Btask: 1496270098.669167 12 68
VdbMark: 1496270098.669177 12 68
task: 1496270098.669184 12 69 68 L 98 52 157
task: 1496270098.669192 12 70 68 L 98 52 157
Btask: 1496270098.669208 12 69
fork: 1496270098.669216 12 14 -2 158 0x7f30ad800dd0 168 69 
Btask: 1496270098.669249 12 70
fork: 1496270098.669263 12 13 -2 158 0x7f30a8800dd0 168 70 
Etask: 1496270098.669498 12 70
Etask: 1496270098.677926 12 69
Tag: 1496270098.677928 1.888000 0.980000 12 68 8
Etask: 1496270098.678005 12 68
task: 1496270098.678903 12 71 4 O 0 -5 171
Btask: 1496270098.678934 12 71
task: 1496270098.678946 12 72 71 L 113 51 170
task: 1496270098.678952 12 73 71 L 113 51 170
Btask: 1496270098.678958 12 72
fork: 1496270098.678967 12 14 -2 171 0x7f30ad800e60 96 72 
Btask: 1496270098.679009 12 73
fork: 1496270098.679023 12 13 -2 171 0x7f30a8800e60 96 73 
Etask: 1496270098.679475 12 73
Etask: 1496270098.685456 12 72
Etask: 1496270098.685480 12 71
task: 1496270098.686083 12 74 4 O 0 -5 158
Btask: 1496270098.686115 12 74
VdbMark: 1496270098.686124 12 74
task: 1496270098.686131 12 75 74 L 98 52 157
task: 1496270098.686136 12 76 74 L 98 52 157
Btask: 1496270098.686142 12 75
fork: 1496270098.686148 12 14 -2 158 0x7f30ad800dd0 168 75 
Btask: 1496270098.686158 12 76
fork: 1496270098.686165 12 13 -2 158 0x7f30a8800dd0 168 76 
Etask: 1496270098.686412 12 76
Etask: 1496270098.697949 12 75
Tag: 1496270098.697950 1.956000 0.996000 12 74 9
Etask: 1496270098.697985 12 74
task: 1496270098.722398 12 77 1 O 0 -5 158
Btask: 1496270098.722440 12 77
VdbMark: 1496270098.722453 12 77
task: 1496270098.722462 12 78 77 L 98 52 157
task: 1496270098.722473 12 79 77 L 98 52 157
Btask: 1496270098.722521 12 78
fork: 1496270098.722538 12 14 -2 158 0x7f30a3800dd0 168 78 
Btask: 1496270098.722538 12 79
fork: 1496270098.722553 12 13 -2 158 0x7f3097800dd0 168 79 
Etask: 1496270098.722886 12 79
Etask: 1496270098.724577 12 78
Pause: 1496270098.724579 2.000000 1.012000 12 77 9
VdbMark: 1496270098.725274 12 80
Tag: 1496270098.729918 2.020000 1.020000 12 80 10
Etask: 1496270098.729951 12 80
task: 1496270098.730632 12 83 1 O 0 -5 172
Btask: 1496270098.730670 12 83
get: 1496270098.730676 12 8 83 0x7f30b3003e80 0x7f7186800a98 1 -1 8 157 51
get: 1496270098.730848 12 8 83 0x7f30b3003e88 0x7f7186800a98 1 -1 8 157 51
get: 1496270098.731049 12 8 83 0x7f30b3003930 0x7f71c9a19180 1 -1 8 157 51
get: 1496270098.731244 12 8 83 0x7f30b3003940 0x7f71c9a19188 1 -1 16 157 51
fork: 1496270098.731446 12 14 -2 172 0x7f30b3003d90 120 83 
fork: 1496270098.745914 12 13 -2 172 0x7f30b3003d90 120 83 
Etask: 1496270098.747608 12 83
task: 1496270098.759193 12 84 4 O 0 -5 158
Btask: 1496270098.759225 12 84
VdbMark: 1496270098.759238 12 84
task: 1496270098.759246 12 85 84 L 98 52 157
task: 1496270098.759254 12 86 84 L 98 52 157
Btask: 1496270098.759267 12 85
fork: 1496270098.759274 12 14 -2 158 0x7f30a3800dd0 168 85 
Btask: 1496270098.759308 12 86
fork: 1496270098.759322 12 13 -2 158 0x7f3097800dd0 168 86 
Etask: 1496270098.759696 12 86
Etask: 1496270098.760418 12 85
Tag: 1496270098.760420 2.084000 1.040000 12 84 11
Etask: 1496270098.760447 12 84
task: 1496270098.783107 12 87 4 O 0 -5 158
Btask: 1496270098.783137 12 87
VdbMark: 1496270098.783150 12 87
task: 1496270098.783158 12 88 87 L 98 52 157
task: 1496270098.783167 12 89 87 L 98 52 157
Btask: 1496270098.783202 12 88
Btask: 1496270098.783206 12 89
fork: 1496270098.783209 12 14 -2 158 0x7f30ad800dd0 168 88 
fork: 1496270098.783214 12 13 -2 158 0x7f30a9003dd0 168 89 
Etask: 1496270098.783579 12 89
Etask: 1496270098.784527 12 88
Pause: 1496270098.784530 2.128000 1.052000 12 87 11
VdbMark: 1496270098.787317 12 90
Tag: 1496270098.792494 2.164000 1.052000 12 90 12
Etask: 1496270098.792524 12 90
task: 1496270098.793008 12 93 4 O 0 -5 174
Btask: 1496270098.793050 12 93
get: 1496270098.793066 12 8 93 0x7f3097800a90 0x7f71be40f000 1 -1 8 204 51
get: 1496270098.793200 12 8 93 0x7f3097800aa0 0x7f71be40f008 1 -1 16 204 51
task: 1496270098.793341 12 94 93 L 201 51 173
task: 1496270098.793349 12 95 93 L 201 51 173
Btask: 1496270098.793355 12 94
fork: 1496270098.793360 12 14 -2 174 0x7f30a3800e30 120 94 
Btask: 1496270098.793378 12 95
fork: 1496270098.793385 12 13 -2 174 0x7f3098003e30 120 95 
Etask: 1496270098.794471 12 95
Etask: 1496270098.804872 12 94
Etask: 1496270098.804898 12 93
task: 1496270098.805492 12 96 1 O 0 -5 158
Btask: 1496270098.805527 12 96
VdbMark: 1496270098.805540 12 96
task: 1496270098.805548 12 97 96 L 98 52 157
task: 1496270098.805553 12 98 96 L 98 52 157
Btask: 1496270098.805569 12 97
fork: 1496270098.805574 12 14 -2 158 0x7f3097800dd0 168 97 
Btask: 1496270098.805587 12 98
fork: 1496270098.805595 12 13 -2 158 0x7f3093003dd0 168 98 
Etask: 1496270098.808039 12 98
Etask: 1496270098.818009 12 97
End: 1496270098.818013 2.220000 1.092000 12 96
