ChplVdebug: ver 1.2 nodes 16 nid 14 tid 2 seq 56097699490.000 1496270097.718043 0.092000 0.188000 
Etask: 1496270097.719258 14 2
task: 1496270097.731209 14 3 4 O 0 -5 158
Btask: 1496270097.731837 14 3
VdbMark: 1496270097.732343 14 3
task: 1496270097.732367 14 5 3 L 98 52 157
Btask: 1496270097.737155 14 5
fork: 1496270097.737634 14 15 -2 158 0x7f205f800dd0 168 5 
Etask: 1496270097.749141 14 5
Tag: 1496270097.749147 0.136000 0.204000 14 3 0
Etask: 1496270097.749219 14 3
task: 1496270097.752245 14 6 1 O 0 -5 123
Btask: 1496270097.753866 14 6
get: 1496270097.754597 14 0 6 0x7f2041800c50 0x7f5592184348 1 -1 16 451 53
get: 1496270097.754831 14 0 6 0x7f2041800c60 0x7f55921113e0 1 -1 16 451 53
get: 1496270097.755010 14 0 6 0x7f2041800b08 0x7f55921104e0 1 -1 8 492 26
get: 1496270097.755233 14 0 6 0x7f2041800b10 0x7f55921104d8 1 -1 8 492 26
get: 1496270097.755385 14 0 6 0x7f2041800c90 0x7f5592111428 1 -1 16 451 53
put: 1496270097.755594 14 0 6 0x7f2041800cb0 0x7f55920514e0 1 -1 16 451 53
f_executeOn: 1496270097.755771 14 0 -2 18 0x7f2041800df0 112 6
Etask: 1496270097.755927 14 6
task: 1496270097.790999 14 7 4 O 0 -5 33
Btask: 1496270097.793820 14 7
get: 1496270097.794548 14 6 7 0x7f203c7fff30 0x7f530120f0a8 1 -1 16 1295 53
get: 1496270097.809149 14 6 7 0x7f203c7ffe30 0x7f530120f088 1 -1 16 1294 53
get: 1496270097.833149 14 6 7 0x7f203c7ffe50 0x7f5301217020 1 -1 16 1294 53
get: 1496270097.833436 14 6 7 0x7f203c7ff9a8 0x7f530120e160 1 -1 8 492 26
get: 1496270097.837154 14 6 7 0x7f203c7ff9b0 0x7f530120e158 1 -1 8 492 26
get: 1496270097.845151 14 6 7 0x7f203c7ffe80 0x7f5301217068 1 -1 16 1294 53
get: 1496270097.845441 14 6 7 0x7f203c7ffe40 0x7f5301220000 1 -1 16 1294 53
get: 1496270097.845636 14 6 7 0x7f203c7fff50 0x7f53012170c0 1 -1 16 1295 53
get: 1496270097.845855 14 6 7 0x7f203c7ff9a8 0x7f530120e160 1 -1 8 492 26
get: 1496270097.846071 14 6 7 0x7f203c7ff9b0 0x7f530120e158 1 -1 8 492 26
get: 1496270097.846284 14 6 7 0x7f203c7fff80 0x7f5301217108 1 -1 16 1295 53
get: 1496270097.857159 14 6 7 0x7f203c7fff40 0x7f5301220100 1 -1 16 1295 53
get: 1496270097.857375 14 6 7 0x7f203c7ffe50 0x7f5301217020 1 -1 16 1294 53
get: 1496270097.857571 14 6 7 0x7f203c7ff9a8 0x7f530120e160 1 -1 8 492 26
get: 1496270097.857702 14 6 7 0x7f203c7ff9b0 0x7f530120e158 1 -1 8 492 26
get: 1496270097.857833 14 6 7 0x7f203c7ffe80 0x7f5301217068 1 -1 16 1294 53
get: 1496270097.857959 14 6 7 0x7f203c7ffe40 0x7f5301220010 1 -1 16 1294 53
get: 1496270097.858136 14 6 7 0x7f203c7fff50 0x7f53012170c0 1 -1 16 1295 53
get: 1496270097.858343 14 6 7 0x7f203c7ff9a8 0x7f530120e160 1 -1 8 492 26
get: 1496270097.858561 14 6 7 0x7f203c7ff9b0 0x7f530120e158 1 -1 8 492 26
get: 1496270097.858785 14 6 7 0x7f203c7fff80 0x7f5301217108 1 -1 16 1295 53
get: 1496270097.859005 14 6 7 0x7f203c7fff40 0x7f5301220110 1 -1 16 1295 53
get: 1496270097.859222 14 6 7 0x7f203c7ffe50 0x7f5301217020 1 -1 16 1294 53
get: 1496270097.859438 14 6 7 0x7f203c7ff9a8 0x7f530120e160 1 -1 8 492 26
get: 1496270097.859652 14 6 7 0x7f203c7ff9b0 0x7f530120e158 1 -1 8 492 26
get: 1496270097.859813 14 6 7 0x7f203c7ffe80 0x7f5301217068 1 -1 16 1294 53
get: 1496270097.859940 14 6 7 0x7f203c7ffe40 0x7f5301220020 1 -1 16 1294 53
get: 1496270097.860065 14 6 7 0x7f203c7fff50 0x7f53012170c0 1 -1 16 1295 53
get: 1496270097.860193 14 6 7 0x7f203c7ff9a8 0x7f530120e160 1 -1 8 492 26
get: 1496270097.860317 14 6 7 0x7f203c7ff9b0 0x7f530120e158 1 -1 8 492 26
get: 1496270097.860444 14 6 7 0x7f203c7fff80 0x7f5301217108 1 -1 16 1295 53
get: 1496270097.860569 14 6 7 0x7f203c7fff40 0x7f5301220120 1 -1 16 1295 53
get: 1496270097.860698 14 6 7 0x7f203c7ffe50 0x7f5301217020 1 -1 16 1294 53
get: 1496270097.860787 14 6 7 0x7f203c7ff9a8 0x7f530120e160 1 -1 8 492 26
get: 1496270097.860912 14 6 7 0x7f203c7ff9b0 0x7f530120e158 1 -1 8 492 26
get: 1496270097.861040 14 6 7 0x7f203c7ffe80 0x7f5301217068 1 -1 16 1294 53
get: 1496270097.865162 14 6 7 0x7f203c7ffe40 0x7f5301220030 1 -1 16 1294 53
get: 1496270097.865375 14 6 7 0x7f203c7fff50 0x7f53012170c0 1 -1 16 1295 53
get: 1496270097.865491 14 6 7 0x7f203c7ff9a8 0x7f530120e160 1 -1 8 492 26
get: 1496270097.865619 14 6 7 0x7f203c7ff9b0 0x7f530120e158 1 -1 8 492 26
get: 1496270097.865770 14 6 7 0x7f203c7fff80 0x7f5301217108 1 -1 16 1295 53
get: 1496270097.865903 14 6 7 0x7f203c7fff40 0x7f5301220130 1 -1 16 1295 53
get: 1496270097.866035 14 6 7 0x7f203c7ffe50 0x7f5301217020 1 -1 16 1294 53
get: 1496270097.866167 14 6 7 0x7f203c7ff9a8 0x7f530120e160 1 -1 8 492 26
get: 1496270097.866297 14 6 7 0x7f203c7ff9b0 0x7f530120e158 1 -1 8 492 26
get: 1496270097.866426 14 6 7 0x7f203c7ffe80 0x7f5301217068 1 -1 16 1294 53
get: 1496270097.866559 14 6 7 0x7f203c7ffe40 0x7f5301220040 1 -1 16 1294 53
get: 1496270097.866690 14 6 7 0x7f203c7fff50 0x7f53012170c0 1 -1 16 1295 53
get: 1496270097.866823 14 6 7 0x7f203c7ff9a8 0x7f530120e160 1 -1 8 492 26
get: 1496270097.866919 14 6 7 0x7f203c7ff9b0 0x7f530120e158 1 -1 8 492 26
get: 1496270097.867051 14 6 7 0x7f203c7fff80 0x7f5301217108 1 -1 16 1295 53
get: 1496270097.867186 14 6 7 0x7f203c7fff40 0x7f5301220140 1 -1 16 1295 53
get: 1496270097.867321 14 6 7 0x7f203c7ffe50 0x7f5301217020 1 -1 16 1294 53
get: 1496270097.867455 14 6 7 0x7f203c7ff9a8 0x7f530120e160 1 -1 8 492 26
get: 1496270097.867587 14 6 7 0x7f203c7ff9b0 0x7f530120e158 1 -1 8 492 26
get: 1496270097.867719 14 6 7 0x7f203c7ffe80 0x7f5301217068 1 -1 16 1294 53
get: 1496270097.867849 14 6 7 0x7f203c7ffe40 0x7f5301220050 1 -1 16 1294 53
get: 1496270097.867948 14 6 7 0x7f203c7fff50 0x7f53012170c0 1 -1 16 1295 53
get: 1496270097.868077 14 6 7 0x7f203c7ff9a8 0x7f530120e160 1 -1 8 492 26
get: 1496270097.868206 14 6 7 0x7f203c7ff9b0 0x7f530120e158 1 -1 8 492 26
get: 1496270097.868332 14 6 7 0x7f203c7fff80 0x7f5301217108 1 -1 16 1295 53
get: 1496270097.868460 14 6 7 0x7f203c7fff40 0x7f5301220150 1 -1 16 1295 53
get: 1496270097.868589 14 6 7 0x7f203c7ffe50 0x7f5301217020 1 -1 16 1294 53
get: 1496270097.868719 14 6 7 0x7f203c7ff9a8 0x7f530120e160 1 -1 8 492 26
get: 1496270097.868849 14 6 7 0x7f203c7ff9b0 0x7f530120e158 1 -1 8 492 26
get: 1496270097.868948 14 6 7 0x7f203c7ffe80 0x7f5301217068 1 -1 16 1294 53
get: 1496270097.869080 14 6 7 0x7f203c7ffe40 0x7f5301220060 1 -1 16 1294 53
get: 1496270097.873159 14 6 7 0x7f203c7fff50 0x7f53012170c0 1 -1 16 1295 53
get: 1496270097.873362 14 6 7 0x7f203c7ff9a8 0x7f530120e160 1 -1 8 492 26
get: 1496270097.873481 14 6 7 0x7f203c7ff9b0 0x7f530120e158 1 -1 8 492 26
get: 1496270097.873603 14 6 7 0x7f203c7fff80 0x7f5301217108 1 -1 16 1295 53
get: 1496270097.873723 14 6 7 0x7f203c7fff40 0x7f5301220160 1 -1 16 1295 53
get: 1496270097.873848 14 6 7 0x7f203c7ffe50 0x7f5301217020 1 -1 16 1294 53
get: 1496270097.873934 14 6 7 0x7f203c7ff9a8 0x7f530120e160 1 -1 8 492 26
get: 1496270097.874053 14 6 7 0x7f203c7ff9b0 0x7f530120e158 1 -1 8 492 26
get: 1496270097.874177 14 6 7 0x7f203c7ffe80 0x7f5301217068 1 -1 16 1294 53
get: 1496270097.874299 14 6 7 0x7f203c7ffe40 0x7f5301220070 1 -1 16 1294 53
get: 1496270097.874421 14 6 7 0x7f203c7fff50 0x7f53012170c0 1 -1 16 1295 53
get: 1496270097.874544 14 6 7 0x7f203c7ff9a8 0x7f530120e160 1 -1 8 492 26
get: 1496270097.874665 14 6 7 0x7f203c7ff9b0 0x7f530120e158 1 -1 8 492 26
get: 1496270097.874785 14 6 7 0x7f203c7fff80 0x7f5301217108 1 -1 16 1295 53
get: 1496270097.874871 14 6 7 0x7f203c7fff40 0x7f5301220170 1 -1 16 1295 53
get: 1496270097.874997 14 6 7 0x7f203c7ffe50 0x7f5301217020 1 -1 16 1294 53
get: 1496270097.875122 14 6 7 0x7f203c7ff9a8 0x7f530120e160 1 -1 8 492 26
get: 1496270097.875247 14 6 7 0x7f203c7ff9b0 0x7f530120e158 1 -1 8 492 26
get: 1496270097.875371 14 6 7 0x7f203c7ffe80 0x7f5301217068 1 -1 16 1294 53
get: 1496270097.875493 14 6 7 0x7f203c7ffe40 0x7f5301220080 1 -1 16 1294 53
get: 1496270097.875618 14 6 7 0x7f203c7fff50 0x7f53012170c0 1 -1 16 1295 53
get: 1496270097.875742 14 6 7 0x7f203c7ff9a8 0x7f530120e160 1 -1 8 492 26
get: 1496270097.875828 14 6 7 0x7f203c7ff9b0 0x7f530120e158 1 -1 8 492 26
get: 1496270097.875949 14 6 7 0x7f203c7fff80 0x7f5301217108 1 -1 16 1295 53
get: 1496270097.876069 14 6 7 0x7f203c7fff40 0x7f5301220180 1 -1 16 1295 53
get: 1496270097.876193 14 6 7 0x7f203c7ffe50 0x7f5301217020 1 -1 16 1294 53
get: 1496270097.876315 14 6 7 0x7f203c7ff9a8 0x7f530120e160 1 -1 8 492 26
get: 1496270097.876458 14 6 7 0x7f203c7ff9b0 0x7f530120e158 1 -1 8 492 26
get: 1496270097.876584 14 6 7 0x7f203c7ffe80 0x7f5301217068 1 -1 16 1294 53
get: 1496270097.876707 14 6 7 0x7f203c7ffe40 0x7f5301220090 1 -1 16 1294 53
get: 1496270097.876797 14 6 7 0x7f203c7fff50 0x7f53012170c0 1 -1 16 1295 53
get: 1496270097.876921 14 6 7 0x7f203c7ff9a8 0x7f530120e160 1 -1 8 492 26
get: 1496270097.877042 14 6 7 0x7f203c7ff9b0 0x7f530120e158 1 -1 8 492 26
get: 1496270097.881157 14 6 7 0x7f203c7fff80 0x7f5301217108 1 -1 16 1295 53
get: 1496270097.881376 14 6 7 0x7f203c7fff40 0x7f5301220190 1 -1 16 1295 53
get: 1496270097.881519 14 6 7 0x7f203c7ffe50 0x7f5301217020 1 -1 16 1294 53
get: 1496270097.889162 14 6 7 0x7f203c7ff9a8 0x7f530120e160 1 -1 8 492 26
get: 1496270097.889336 14 6 7 0x7f203c7ff9b0 0x7f530120e158 1 -1 8 492 26
get: 1496270097.889467 14 6 7 0x7f203c7ffe80 0x7f5301217068 1 -1 16 1294 53
get: 1496270097.889596 14 6 7 0x7f203c7ffe40 0x7f53012200a0 1 -1 16 1294 53
get: 1496270097.889729 14 6 7 0x7f203c7fff50 0x7f53012170c0 1 -1 16 1295 53
get: 1496270097.889869 14 6 7 0x7f203c7ff9a8 0x7f530120e160 1 -1 8 492 26
get: 1496270097.890021 14 6 7 0x7f203c7ff9b0 0x7f530120e158 1 -1 8 492 26
get: 1496270097.890179 14 6 7 0x7f203c7fff80 0x7f5301217108 1 -1 16 1295 53
get: 1496270097.890325 14 6 7 0x7f203c7fff40 0x7f53012201a0 1 -1 16 1295 53
get: 1496270097.890464 14 6 7 0x7f203c7ffe50 0x7f5301217020 1 -1 16 1294 53
get: 1496270097.890596 14 6 7 0x7f203c7ff9a8 0x7f530120e160 1 -1 8 492 26
get: 1496270097.890728 14 6 7 0x7f203c7ff9b0 0x7f530120e158 1 -1 8 492 26
get: 1496270097.890860 14 6 7 0x7f203c7ffe80 0x7f5301217068 1 -1 16 1294 53
get: 1496270097.890994 14 6 7 0x7f203c7ffe40 0x7f53012200b0 1 -1 16 1294 53
get: 1496270097.891127 14 6 7 0x7f203c7fff50 0x7f53012170c0 1 -1 16 1295 53
get: 1496270097.891261 14 6 7 0x7f203c7ff9a8 0x7f530120e160 1 -1 8 492 26
get: 1496270097.891394 14 6 7 0x7f203c7ff9b0 0x7f530120e158 1 -1 8 492 26
get: 1496270097.891527 14 6 7 0x7f203c7fff80 0x7f5301217108 1 -1 16 1295 53
get: 1496270097.891620 14 6 7 0x7f203c7fff40 0x7f53012201b0 1 -1 16 1295 53
get: 1496270097.891749 14 6 7 0x7f203c7ffe50 0x7f5301217020 1 -1 16 1294 53
get: 1496270097.891881 14 6 7 0x7f203c7ff9a8 0x7f530120e160 1 -1 8 492 26
get: 1496270097.892011 14 6 7 0x7f203c7ff9b0 0x7f530120e158 1 -1 8 492 26
get: 1496270097.892139 14 6 7 0x7f203c7ffe80 0x7f5301217068 1 -1 16 1294 53
get: 1496270097.892267 14 6 7 0x7f203c7ffe40 0x7f53012200c0 1 -1 16 1294 53
get: 1496270097.892399 14 6 7 0x7f203c7fff50 0x7f53012170c0 1 -1 16 1295 53
get: 1496270097.892527 14 6 7 0x7f203c7ff9a8 0x7f530120e160 1 -1 8 492 26
get: 1496270097.892620 14 6 7 0x7f203c7ff9b0 0x7f530120e158 1 -1 8 492 26
get: 1496270097.892749 14 6 7 0x7f203c7fff80 0x7f5301217108 1 -1 16 1295 53
get: 1496270097.892880 14 6 7 0x7f203c7fff40 0x7f53012201c0 1 -1 16 1295 53
get: 1496270097.893015 14 6 7 0x7f203c7ffe50 0x7f5301217020 1 -1 16 1294 53
get: 1496270097.893146 14 6 7 0x7f203c7ff9a8 0x7f530120e160 1 -1 8 492 26
get: 1496270097.893277 14 6 7 0x7f203c7ff9b0 0x7f530120e158 1 -1 8 492 26
get: 1496270097.893404 14 6 7 0x7f203c7ffe80 0x7f5301217068 1 -1 16 1294 53
get: 1496270097.893530 14 6 7 0x7f203c7ffe40 0x7f53012200d0 1 -1 16 1294 53
get: 1496270097.893622 14 6 7 0x7f203c7fff50 0x7f53012170c0 1 -1 16 1295 53
get: 1496270097.893746 14 6 7 0x7f203c7ff9a8 0x7f530120e160 1 -1 8 492 26
get: 1496270097.893870 14 6 7 0x7f203c7ff9b0 0x7f530120e158 1 -1 8 492 26
get: 1496270097.893996 14 6 7 0x7f203c7fff80 0x7f5301217108 1 -1 16 1295 53
get: 1496270097.894124 14 6 7 0x7f203c7fff40 0x7f53012201d0 1 -1 16 1295 53
get: 1496270097.894253 14 6 7 0x7f203c7ffe50 0x7f5301217020 1 -1 16 1294 53
get: 1496270097.894379 14 6 7 0x7f203c7ff9a8 0x7f530120e160 1 -1 8 492 26
get: 1496270097.894502 14 6 7 0x7f203c7ff9b0 0x7f530120e158 1 -1 8 492 26
get: 1496270097.894591 14 6 7 0x7f203c7ffe80 0x7f5301217068 1 -1 16 1294 53
get: 1496270097.894719 14 6 7 0x7f203c7ffe40 0x7f53012200e0 1 -1 16 1294 53
get: 1496270097.894849 14 6 7 0x7f203c7fff50 0x7f53012170c0 1 -1 16 1295 53
get: 1496270097.894993 14 6 7 0x7f203c7ff9a8 0x7f530120e160 1 -1 8 492 26
get: 1496270097.895117 14 6 7 0x7f203c7ff9b0 0x7f530120e158 1 -1 8 492 26
get: 1496270097.895240 14 6 7 0x7f203c7fff80 0x7f5301217108 1 -1 16 1295 53
get: 1496270097.895366 14 6 7 0x7f203c7fff40 0x7f53012201e0 1 -1 16 1295 53
get: 1496270097.895492 14 6 7 0x7f203c7ffe50 0x7f5301217020 1 -1 16 1294 53
get: 1496270097.895582 14 6 7 0x7f203c7ff9a8 0x7f530120e160 1 -1 8 492 26
get: 1496270097.895708 14 6 7 0x7f203c7ff9b0 0x7f530120e158 1 -1 8 492 26
get: 1496270097.895832 14 6 7 0x7f203c7ffe80 0x7f5301217068 1 -1 16 1294 53
get: 1496270097.895958 14 6 7 0x7f203c7ffe40 0x7f53012200f0 1 -1 16 1294 53
get: 1496270097.896086 14 6 7 0x7f203c7fff50 0x7f53012170c0 1 -1 16 1295 53
get: 1496270097.896214 14 6 7 0x7f203c7ff9a8 0x7f530120e160 1 -1 8 492 26
get: 1496270097.896342 14 6 7 0x7f203c7ff9b0 0x7f530120e158 1 -1 8 492 26
get: 1496270097.896467 14 6 7 0x7f203c7fff80 0x7f5301217108 1 -1 16 1295 53
get: 1496270097.896559 14 6 7 0x7f203c7fff40 0x7f53012201f0 1 -1 16 1295 53
task: 1496270097.896740 14 8 7 L 215 28 23
task: 1496270097.896775 14 9 7 L 218 28 30
Btask: 1496270097.896823 14 8
Etask: 1496270097.896853 14 8
Btask: 1496270097.897158 14 9
Etask: 1496270097.897174 14 9
Etask: 1496270097.897233 14 7
task: 1496270097.897884 14 10 1 O 0 -5 125
Btask: 1496270097.901702 14 10
get: 1496270097.902219 14 0 10 0x7f2037800b50 0x7f55921114c0 1 -1 16 933 53
get: 1496270097.902421 14 0 10 0x7f2037800b60 0x7f5592111520 1 -1 16 933 53
get: 1496270097.902535 14 0 10 0x7f20378009c8 0x7f55921104e0 1 -1 8 492 26
get: 1496270097.902655 14 0 10 0x7f20378009d0 0x7f55921104d8 1 -1 8 492 26
get: 1496270097.902777 14 0 10 0x7f2037800b90 0x7f5592111568 1 -1 16 933 53
get: 1496270097.902898 14 0 10 0x7f2037800be0 0x7f55921114a8 1 -1 16 934 53
get: 1496270097.903020 14 0 10 0x7f2037800770 0x7f5592184348 1 -1 16 588 53
get: 1496270097.903142 14 0 10 0x7f2037800790 0x7f55921113e0 1 -1 16 588 53
get: 1496270097.903228 14 0 10 0x7f2037800628 0x7f55921104e0 1 -1 8 492 26
get: 1496270097.903346 14 0 10 0x7f2037800630 0x7f55921104d8 1 -1 8 492 26
get: 1496270097.903467 14 0 10 0x7f20378007c0 0x7f5592111428 1 -1 16 588 53
get: 1496270097.903588 14 0 10 0x7f2037800780 0x7f55920514e0 1 -1 16 588 53
get: 1496270097.903710 14 0 10 0x7f2037800640 0x7f55921114e0 1 -1 16 1609 28
get: 1496270097.903831 14 0 10 0x7f20378005b0 0x7f5592110558 1 -1 32 145 26
put: 1496270097.904003 14 0 10 0x7f2037800c20 0x7f55920515e0 1 -1 16 933 53
f_executeOn: 1496270097.904139 14 0 -2 18 0x7f2037800e70 112 10
Etask: 1496270097.904265 14 10
task: 1496270097.930390 14 11 4 O 0 -5 34
Btask: 1496270097.931140 14 11
get: 1496270097.931793 14 6 11 0x7f2032800400 0x7f5300e0f060 1 -1 16 1332 53
get: 1496270097.932001 14 6 11 0x7f2032800420 0x7f5300e0f0c0 1 -1 16 1332 53
get: 1496270097.932142 14 6 11 0x7f2032800048 0x7f530120e160 1 -1 8 492 26
get: 1496270097.932251 14 6 11 0x7f2032800050 0x7f530120e158 1 -1 8 492 26
get: 1496270097.932395 14 6 11 0x7f2032800450 0x7f5300e0f108 1 -1 16 1332 53
get: 1496270097.932535 14 6 11 0x7f2032800410 0x7f5300e14000 1 -1 16 1332 53
get: 1496270097.932714 14 6 11 0x7f2032800420 0x7f5300e0f0c0 1 -1 16 1332 53
get: 1496270097.932860 14 6 11 0x7f2032800048 0x7f530120e160 1 -1 8 492 26
get: 1496270097.932963 14 6 11 0x7f2032800050 0x7f530120e158 1 -1 8 492 26
get: 1496270097.933106 14 6 11 0x7f2032800450 0x7f5300e0f108 1 -1 16 1332 53
get: 1496270097.933258 14 6 11 0x7f2032800410 0x7f5300e14010 1 -1 16 1332 53
get: 1496270097.933419 14 6 11 0x7f2032800420 0x7f5300e0f0c0 1 -1 16 1332 53
get: 1496270097.933561 14 6 11 0x7f2032800048 0x7f530120e160 1 -1 8 492 26
get: 1496270097.933690 14 6 11 0x7f2032800050 0x7f530120e158 1 -1 8 492 26
get: 1496270097.933826 14 6 11 0x7f2032800450 0x7f5300e0f108 1 -1 16 1332 53
get: 1496270097.933997 14 6 11 0x7f2032800410 0x7f5300e14020 1 -1 16 1332 53
get: 1496270097.934128 14 6 11 0x7f2032800420 0x7f5300e0f0c0 1 -1 16 1332 53
get: 1496270097.934267 14 6 11 0x7f2032800048 0x7f530120e160 1 -1 8 492 26
get: 1496270097.934403 14 6 11 0x7f2032800050 0x7f530120e158 1 -1 8 492 26
get: 1496270097.934518 14 6 11 0x7f2032800450 0x7f5300e0f108 1 -1 16 1332 53
get: 1496270097.934652 14 6 11 0x7f2032800410 0x7f5300e14030 1 -1 16 1332 53
get: 1496270097.934717 14 6 11 0x7f2032800420 0x7f5300e0f0c0 1 -1 16 1332 53
get: 1496270097.934804 14 6 11 0x7f2032800048 0x7f530120e160 1 -1 8 492 26
get: 1496270097.934949 14 6 11 0x7f2032800050 0x7f530120e158 1 -1 8 492 26
get: 1496270097.935072 14 6 11 0x7f2032800450 0x7f5300e0f108 1 -1 16 1332 53
get: 1496270097.935201 14 6 11 0x7f2032800410 0x7f5300e14040 1 -1 16 1332 53
get: 1496270097.935303 14 6 11 0x7f2032800420 0x7f5300e0f0c0 1 -1 16 1332 53
get: 1496270097.935433 14 6 11 0x7f2032800048 0x7f530120e160 1 -1 8 492 26
get: 1496270097.935607 14 6 11 0x7f2032800050 0x7f530120e158 1 -1 8 492 26
get: 1496270097.935740 14 6 11 0x7f2032800450 0x7f5300e0f108 1 -1 16 1332 53
get: 1496270097.935845 14 6 11 0x7f2032800410 0x7f5300e14050 1 -1 16 1332 53
get: 1496270097.935941 14 6 11 0x7f2032800420 0x7f5300e0f0c0 1 -1 16 1332 53
get: 1496270097.936030 14 6 11 0x7f2032800048 0x7f530120e160 1 -1 8 492 26
get: 1496270097.936119 14 6 11 0x7f2032800050 0x7f530120e158 1 -1 8 492 26
get: 1496270097.936206 14 6 11 0x7f2032800450 0x7f5300e0f108 1 -1 16 1332 53
get: 1496270097.936301 14 6 11 0x7f2032800410 0x7f5300e14060 1 -1 16 1332 53
get: 1496270097.936395 14 6 11 0x7f2032800420 0x7f5300e0f0c0 1 -1 16 1332 53
get: 1496270097.936509 14 6 11 0x7f2032800048 0x7f530120e160 1 -1 8 492 26
get: 1496270097.936602 14 6 11 0x7f2032800050 0x7f530120e158 1 -1 8 492 26
get: 1496270097.936696 14 6 11 0x7f2032800450 0x7f5300e0f108 1 -1 16 1332 53
get: 1496270097.936821 14 6 11 0x7f2032800410 0x7f5300e14070 1 -1 16 1332 53
get: 1496270097.936921 14 6 11 0x7f2032800420 0x7f5300e0f0c0 1 -1 16 1332 53
get: 1496270097.937028 14 6 11 0x7f2032800048 0x7f530120e160 1 -1 8 492 26
get: 1496270097.937172 14 6 11 0x7f2032800050 0x7f530120e158 1 -1 8 492 26
get: 1496270097.937266 14 6 11 0x7f2032800450 0x7f5300e0f108 1 -1 16 1332 53
get: 1496270097.937368 14 6 11 0x7f2032800410 0x7f5300e14080 1 -1 16 1332 53
get: 1496270097.937477 14 6 11 0x7f2032800420 0x7f5300e0f0c0 1 -1 16 1332 53
get: 1496270097.937595 14 6 11 0x7f2032800048 0x7f530120e160 1 -1 8 492 26
get: 1496270097.937702 14 6 11 0x7f2032800050 0x7f530120e158 1 -1 8 492 26
get: 1496270097.937846 14 6 11 0x7f2032800450 0x7f5300e0f108 1 -1 16 1332 53
get: 1496270097.937964 14 6 11 0x7f2032800410 0x7f5300e14090 1 -1 16 1332 53
get: 1496270097.938106 14 6 11 0x7f2032800420 0x7f5300e0f0c0 1 -1 16 1332 53
get: 1496270097.938257 14 6 11 0x7f2032800048 0x7f530120e160 1 -1 8 492 26
get: 1496270097.938368 14 6 11 0x7f2032800050 0x7f530120e158 1 -1 8 492 26
get: 1496270097.938485 14 6 11 0x7f2032800450 0x7f5300e0f108 1 -1 16 1332 53
get: 1496270097.938626 14 6 11 0x7f2032800410 0x7f5300e140a0 1 -1 16 1332 53
get: 1496270097.938741 14 6 11 0x7f2032800420 0x7f5300e0f0c0 1 -1 16 1332 53
get: 1496270097.938853 14 6 11 0x7f2032800048 0x7f530120e160 1 -1 8 492 26
get: 1496270097.938963 14 6 11 0x7f2032800050 0x7f530120e158 1 -1 8 492 26
get: 1496270097.939113 14 6 11 0x7f2032800450 0x7f5300e0f108 1 -1 16 1332 53
get: 1496270097.939227 14 6 11 0x7f2032800410 0x7f5300e140b0 1 -1 16 1332 53
get: 1496270097.939336 14 6 11 0x7f2032800420 0x7f5300e0f0c0 1 -1 16 1332 53
get: 1496270097.939442 14 6 11 0x7f2032800048 0x7f530120e160 1 -1 8 492 26
get: 1496270097.939560 14 6 11 0x7f2032800050 0x7f530120e158 1 -1 8 492 26
get: 1496270097.939667 14 6 11 0x7f2032800450 0x7f5300e0f108 1 -1 16 1332 53
get: 1496270097.939812 14 6 11 0x7f2032800410 0x7f5300e140c0 1 -1 16 1332 53
get: 1496270097.939926 14 6 11 0x7f2032800420 0x7f5300e0f0c0 1 -1 16 1332 53
get: 1496270097.940072 14 6 11 0x7f2032800048 0x7f530120e160 1 -1 8 492 26
get: 1496270097.940182 14 6 11 0x7f2032800050 0x7f530120e158 1 -1 8 492 26
get: 1496270097.940295 14 6 11 0x7f2032800450 0x7f5300e0f108 1 -1 16 1332 53
get: 1496270097.940439 14 6 11 0x7f2032800410 0x7f5300e140d0 1 -1 16 1332 53
get: 1496270097.940553 14 6 11 0x7f2032800420 0x7f5300e0f0c0 1 -1 16 1332 53
get: 1496270097.940661 14 6 11 0x7f2032800048 0x7f530120e160 1 -1 8 492 26
get: 1496270097.940790 14 6 11 0x7f2032800050 0x7f530120e158 1 -1 8 492 26
get: 1496270097.940910 14 6 11 0x7f2032800450 0x7f5300e0f108 1 -1 16 1332 53
get: 1496270097.941021 14 6 11 0x7f2032800410 0x7f5300e140e0 1 -1 16 1332 53
get: 1496270097.941155 14 6 11 0x7f2032800420 0x7f5300e0f0c0 1 -1 16 1332 53
get: 1496270097.945370 14 6 11 0x7f2032800048 0x7f530120e160 1 -1 8 492 26
get: 1496270097.945576 14 6 11 0x7f2032800050 0x7f530120e158 1 -1 8 492 26
get: 1496270097.945733 14 6 11 0x7f2032800450 0x7f5300e0f108 1 -1 16 1332 53
get: 1496270097.945906 14 6 11 0x7f2032800410 0x7f5300e140f0 1 -1 16 1332 53
task: 1496270097.946139 14 12 11 L 215 28 25
task: 1496270097.946178 14 13 11 L 218 28 29
Btask: 1496270097.946249 14 13
Etask: 1496270097.946283 14 13
Btask: 1496270097.949174 14 12
Etask: 1496270097.949208 14 12
Etask: 1496270097.949284 14 11
task: 1496270097.953165 14 14 4 O 0 -5 126
Btask: 1496270097.954104 14 14
get: 1496270097.954817 14 0 14 0x7f202d800c60 0x7f55921114c0 1 -1 16 939 53
get: 1496270097.955104 14 0 14 0x7f202d800c80 0x7f5592111520 1 -1 16 939 53
get: 1496270097.955261 14 0 14 0x7f202d800b18 0x7f55921104e0 1 -1 8 492 26
get: 1496270097.955440 14 0 14 0x7f202d800b20 0x7f55921104d8 1 -1 8 492 26
get: 1496270097.955615 14 0 14 0x7f202d800cb0 0x7f5592111568 1 -1 16 939 53
get: 1496270097.955773 14 0 14 0x7f202d800c70 0x7f55920515e0 1 -1 16 939 53
get: 1496270097.961159 14 0 14 0x7f202d800d20 0x7f55921114a8 1 -1 16 939 53
get: 1496270097.961377 14 0 14 0x7f202d8008c0 0x7f5592184348 1 -1 16 588 53
get: 1496270097.961495 14 0 14 0x7f202d8008e0 0x7f55921113e0 1 -1 16 588 53
get: 1496270097.961629 14 0 14 0x7f202d800778 0x7f55921104e0 1 -1 8 492 26
get: 1496270097.961787 14 0 14 0x7f202d800780 0x7f55921104d8 1 -1 8 492 26
get: 1496270097.961951 14 0 14 0x7f202d800910 0x7f5592111428 1 -1 16 588 53
get: 1496270097.962105 14 0 14 0x7f202d8008d0 0x7f55920514e0 1 -1 16 588 53
get: 1496270097.962257 14 0 14 0x7f202d800790 0x7f55921114e0 1 -1 16 1609 28
get: 1496270097.962417 14 0 14 0x7f202d800700 0x7f5592110558 1 -1 32 145 26
f_executeOn: 1496270097.962673 14 0 -2 18 0x7f202d800e70 112 14
Etask: 1496270097.962871 14 14
task: 1496270097.984524 14 15 1 O 0 -5 44
Btask: 1496270097.985386 14 15
get: 1496270097.986184 14 6 15 0x7f2028800720 0x7f5300e0f060 1 -1 16 1341 53
get: 1496270097.986467 14 6 15 0x7f2028800740 0x7f5300e0f0c0 1 -1 16 1341 53
get: 1496270097.986644 14 6 15 0x7f20288004a8 0x7f530120e160 1 -1 8 492 26
get: 1496270097.986827 14 6 15 0x7f20288004b0 0x7f530120e158 1 -1 8 492 26
get: 1496270097.987038 14 6 15 0x7f2028800770 0x7f5300e0f108 1 -1 16 1341 53
get: 1496270097.987177 14 6 15 0x7f2028800730 0x7f5300e14000 1 -1 16 1341 53
get: 1496270097.987363 14 6 15 0x7f2028800740 0x7f5300e0f0c0 1 -1 16 1341 53
get: 1496270097.987480 14 6 15 0x7f20288004a8 0x7f530120e160 1 -1 8 492 26
get: 1496270097.987672 14 6 15 0x7f20288004b0 0x7f530120e158 1 -1 8 492 26
get: 1496270097.987793 14 6 15 0x7f2028800770 0x7f5300e0f108 1 -1 16 1341 53
get: 1496270097.987946 14 6 15 0x7f2028800730 0x7f5300e14010 1 -1 16 1341 53
get: 1496270097.988115 14 6 15 0x7f2028800740 0x7f5300e0f0c0 1 -1 16 1341 53
get: 1496270097.988260 14 6 15 0x7f20288004a8 0x7f530120e160 1 -1 8 492 26
get: 1496270097.988448 14 6 15 0x7f20288004b0 0x7f530120e158 1 -1 8 492 26
get: 1496270097.988621 14 6 15 0x7f2028800770 0x7f5300e0f108 1 -1 16 1341 53
get: 1496270097.988758 14 6 15 0x7f2028800730 0x7f5300e14020 1 -1 16 1341 53
get: 1496270097.988911 14 6 15 0x7f2028800740 0x7f5300e0f0c0 1 -1 16 1341 53
get: 1496270097.989032 14 6 15 0x7f20288004a8 0x7f530120e160 1 -1 8 492 26
get: 1496270097.989158 14 6 15 0x7f20288004b0 0x7f530120e158 1 -1 8 492 26
get: 1496270097.989273 14 6 15 0x7f2028800770 0x7f5300e0f108 1 -1 16 1341 53
get: 1496270097.989379 14 6 15 0x7f2028800730 0x7f5300e14030 1 -1 16 1341 53
get: 1496270097.989515 14 6 15 0x7f2028800740 0x7f5300e0f0c0 1 -1 16 1341 53
get: 1496270097.989659 14 6 15 0x7f20288004a8 0x7f530120e160 1 -1 8 492 26
get: 1496270097.989770 14 6 15 0x7f20288004b0 0x7f530120e158 1 -1 8 492 26
get: 1496270097.989896 14 6 15 0x7f2028800770 0x7f5300e0f108 1 -1 16 1341 53
get: 1496270097.990034 14 6 15 0x7f2028800730 0x7f5300e14040 1 -1 16 1341 53
get: 1496270097.990188 14 6 15 0x7f2028800740 0x7f5300e0f0c0 1 -1 16 1341 53
get: 1496270097.990291 14 6 15 0x7f20288004a8 0x7f530120e160 1 -1 8 492 26
get: 1496270097.990423 14 6 15 0x7f20288004b0 0x7f530120e158 1 -1 8 492 26
get: 1496270097.990530 14 6 15 0x7f2028800770 0x7f5300e0f108 1 -1 16 1341 53
get: 1496270097.990662 14 6 15 0x7f2028800730 0x7f5300e14050 1 -1 16 1341 53
get: 1496270097.990800 14 6 15 0x7f2028800740 0x7f5300e0f0c0 1 -1 16 1341 53
get: 1496270097.990898 14 6 15 0x7f20288004a8 0x7f530120e160 1 -1 8 492 26
get: 1496270097.991000 14 6 15 0x7f20288004b0 0x7f530120e158 1 -1 8 492 26
get: 1496270097.991099 14 6 15 0x7f2028800770 0x7f5300e0f108 1 -1 16 1341 53
get: 1496270097.991196 14 6 15 0x7f2028800730 0x7f5300e14060 1 -1 16 1341 53
get: 1496270097.991300 14 6 15 0x7f2028800740 0x7f5300e0f0c0 1 -1 16 1341 53
get: 1496270097.991443 14 6 15 0x7f20288004a8 0x7f530120e160 1 -1 8 492 26
get: 1496270097.991541 14 6 15 0x7f20288004b0 0x7f530120e158 1 -1 8 492 26
get: 1496270097.991678 14 6 15 0x7f2028800770 0x7f5300e0f108 1 -1 16 1341 53
get: 1496270097.991813 14 6 15 0x7f2028800730 0x7f5300e14070 1 -1 16 1341 53
get: 1496270097.991951 14 6 15 0x7f2028800740 0x7f5300e0f0c0 1 -1 16 1341 53
get: 1496270097.992045 14 6 15 0x7f20288004a8 0x7f530120e160 1 -1 8 492 26
get: 1496270097.992166 14 6 15 0x7f20288004b0 0x7f530120e158 1 -1 8 492 26
get: 1496270097.992272 14 6 15 0x7f2028800770 0x7f5300e0f108 1 -1 16 1341 53
get: 1496270097.992372 14 6 15 0x7f2028800730 0x7f5300e14080 1 -1 16 1341 53
get: 1496270097.992508 14 6 15 0x7f2028800740 0x7f5300e0f0c0 1 -1 16 1341 53
get: 1496270097.992645 14 6 15 0x7f20288004a8 0x7f530120e160 1 -1 8 492 26
get: 1496270097.992756 14 6 15 0x7f20288004b0 0x7f530120e158 1 -1 8 492 26
get: 1496270097.992853 14 6 15 0x7f2028800770 0x7f5300e0f108 1 -1 16 1341 53
get: 1496270097.992952 14 6 15 0x7f2028800730 0x7f5300e14090 1 -1 16 1341 53
get: 1496270097.993101 14 6 15 0x7f2028800740 0x7f5300e0f0c0 1 -1 16 1341 53
get: 1496270097.993271 14 6 15 0x7f20288004a8 0x7f530120e160 1 -1 8 492 26
get: 1496270097.993419 14 6 15 0x7f20288004b0 0x7f530120e158 1 -1 8 492 26
get: 1496270097.993524 14 6 15 0x7f2028800770 0x7f5300e0f108 1 -1 16 1341 53
get: 1496270097.993660 14 6 15 0x7f2028800730 0x7f5300e140a0 1 -1 16 1341 53
get: 1496270097.993764 14 6 15 0x7f2028800740 0x7f5300e0f0c0 1 -1 16 1341 53
get: 1496270097.993868 14 6 15 0x7f20288004a8 0x7f530120e160 1 -1 8 492 26
get: 1496270097.993996 14 6 15 0x7f20288004b0 0x7f530120e158 1 -1 8 492 26
get: 1496270097.994128 14 6 15 0x7f2028800770 0x7f5300e0f108 1 -1 16 1341 53
get: 1496270097.994230 14 6 15 0x7f2028800730 0x7f5300e140b0 1 -1 16 1341 53
get: 1496270097.994372 14 6 15 0x7f2028800740 0x7f5300e0f0c0 1 -1 16 1341 53
get: 1496270097.994476 14 6 15 0x7f20288004a8 0x7f530120e160 1 -1 8 492 26
get: 1496270097.994612 14 6 15 0x7f20288004b0 0x7f530120e158 1 -1 8 492 26
get: 1496270097.994716 14 6 15 0x7f2028800770 0x7f5300e0f108 1 -1 16 1341 53
get: 1496270097.994812 14 6 15 0x7f2028800730 0x7f5300e140c0 1 -1 16 1341 53
get: 1496270097.994949 14 6 15 0x7f2028800740 0x7f5300e0f0c0 1 -1 16 1341 53
get: 1496270097.995059 14 6 15 0x7f20288004a8 0x7f530120e160 1 -1 8 492 26
get: 1496270097.995160 14 6 15 0x7f20288004b0 0x7f530120e158 1 -1 8 492 26
get: 1496270097.995301 14 6 15 0x7f2028800770 0x7f5300e0f108 1 -1 16 1341 53
get: 1496270097.995410 14 6 15 0x7f2028800730 0x7f5300e140d0 1 -1 16 1341 53
get: 1496270097.995513 14 6 15 0x7f2028800740 0x7f5300e0f0c0 1 -1 16 1341 53
get: 1496270097.995618 14 6 15 0x7f20288004a8 0x7f530120e160 1 -1 8 492 26
get: 1496270097.995757 14 6 15 0x7f20288004b0 0x7f530120e158 1 -1 8 492 26
get: 1496270097.995940 14 6 15 0x7f2028800770 0x7f5300e0f108 1 -1 16 1341 53
get: 1496270097.996098 14 6 15 0x7f2028800730 0x7f5300e140e0 1 -1 16 1341 53
get: 1496270097.996258 14 6 15 0x7f2028800740 0x7f5300e0f0c0 1 -1 16 1341 53
get: 1496270097.996407 14 6 15 0x7f20288004a8 0x7f530120e160 1 -1 8 492 26
get: 1496270097.996581 14 6 15 0x7f20288004b0 0x7f530120e158 1 -1 8 492 26
get: 1496270097.996726 14 6 15 0x7f2028800770 0x7f5300e0f108 1 -1 16 1341 53
get: 1496270097.996905 14 6 15 0x7f2028800730 0x7f5300e140f0 1 -1 16 1341 53
task: 1496270097.997150 14 16 15 L 271 28 41
task: 1496270097.997178 14 17 15 L 274 28 43
Btask: 1496270097.997228 14 17
Btask: 1496270097.997230 14 16
Etask: 1496270097.997253 14 17
Etask: 1496270097.997258 14 16
Etask: 1496270097.997287 14 15
task: 1496270098.005906 14 18 4 O 0 -5 158
Btask: 1496270098.005987 14 18
VdbMark: 1496270098.006012 14 18
task: 1496270098.006030 14 19 18 L 98 52 157
Btask: 1496270098.006053 14 19
fork: 1496270098.006062 14 15 -2 158 0x7f205a800dd0 168 19 
Etask: 1496270098.009176 14 19
Tag: 1496270098.009258 0.316000 0.368000 14 18 1
Etask: 1496270098.009312 14 18
task: 1496270098.023407 14 20 1 O 0 -5 129
Btask: 1496270098.023480 14 20
get: 1496270098.023492 14 0 20 0x7f2060003930 0x7f559201d4f8 1 -1 16 1002 53
get: 1496270098.023627 14 0 20 0x7f2060003650 0x7f55921114c0 1 -1 16 753 53
get: 1496270098.023716 14 0 20 0x7f2060003670 0x7f5592111520 1 -1 16 753 53
get: 1496270098.023797 14 0 20 0x7f2060003528 0x7f55921104e0 1 -1 8 492 26
get: 1496270098.023883 14 0 20 0x7f2060003530 0x7f55921104d8 1 -1 8 492 26
get: 1496270098.023972 14 0 20 0x7f20600036a0 0x7f5592111568 1 -1 16 753 53
get: 1496270098.024069 14 0 20 0x7f2060003660 0x7f55920515e0 1 -1 16 753 53
get: 1496270098.024141 14 0 20 0x7f2060003970 0x7f559201d510 1 -1 16 1003 53
get: 1496270098.024239 14 0 20 0x7f2060003980 0x7f55921115c0 1 -1 16 1003 53
get: 1496270098.024294 14 0 20 0x7f2060003768 0x7f55921104e0 1 -1 8 492 26
get: 1496270098.024411 14 0 20 0x7f2060003770 0x7f55921104d8 1 -1 8 492 26
get: 1496270098.024545 14 0 20 0x7f20600039b0 0x7f5592111608 1 -1 16 1003 53
put: 1496270098.024669 14 0 20 0x7f2060003a50 0x7f55920516e0 1 -1 16 1003 53
f_executeOn: 1496270098.024829 14 0 -2 18 0x7f2060003e70 112 20
Etask: 1496270098.024973 14 20
task: 1496270098.045253 14 21 1 O 0 -5 32
Btask: 1496270098.045941 14 21
get: 1496270098.046004 14 6 21 0x7f2055800330 0x7f5301c1a040 1 -1 16 1354 53
get: 1496270098.046131 14 6 21 0x7f2055800350 0x7f5301c11160 1 -1 16 1354 53
get: 1496270098.046263 14 6 21 0x7f20557fff28 0x7f530120e160 1 -1 8 492 26
get: 1496270098.046396 14 6 21 0x7f20557fff30 0x7f530120e158 1 -1 8 492 26
get: 1496270098.046531 14 6 21 0x7f2055800380 0x7f5301c111a8 1 -1 16 1354 53
get: 1496270098.046666 14 6 21 0x7f2055800340 0x7f5301c16100 1 -1 16 1354 53
get: 1496270098.046774 14 6 21 0x7f2055800350 0x7f5301c11160 1 -1 16 1354 53
get: 1496270098.046921 14 6 21 0x7f20557fff28 0x7f530120e160 1 -1 8 492 26
get: 1496270098.047057 14 6 21 0x7f20557fff30 0x7f530120e158 1 -1 8 492 26
get: 1496270098.047190 14 6 21 0x7f2055800380 0x7f5301c111a8 1 -1 16 1354 53
get: 1496270098.047318 14 6 21 0x7f2055800340 0x7f5301c16110 1 -1 16 1354 53
get: 1496270098.047455 14 6 21 0x7f2055800350 0x7f5301c11160 1 -1 16 1354 53
get: 1496270098.047603 14 6 21 0x7f20557fff28 0x7f530120e160 1 -1 8 492 26
get: 1496270098.047733 14 6 21 0x7f20557fff30 0x7f530120e158 1 -1 8 492 26
get: 1496270098.047826 14 6 21 0x7f2055800380 0x7f5301c111a8 1 -1 16 1354 53
get: 1496270098.047922 14 6 21 0x7f2055800340 0x7f5301c16120 1 -1 16 1354 53
get: 1496270098.048025 14 6 21 0x7f2055800350 0x7f5301c11160 1 -1 16 1354 53
get: 1496270098.048120 14 6 21 0x7f20557fff28 0x7f530120e160 1 -1 8 492 26
get: 1496270098.048216 14 6 21 0x7f20557fff30 0x7f530120e158 1 -1 8 492 26
get: 1496270098.048362 14 6 21 0x7f2055800380 0x7f5301c111a8 1 -1 16 1354 53
get: 1496270098.048503 14 6 21 0x7f2055800340 0x7f5301c16130 1 -1 16 1354 53
get: 1496270098.048636 14 6 21 0x7f2055800350 0x7f5301c11160 1 -1 16 1354 53
get: 1496270098.048768 14 6 21 0x7f20557fff28 0x7f530120e160 1 -1 8 492 26
get: 1496270098.048908 14 6 21 0x7f20557fff30 0x7f530120e158 1 -1 8 492 26
get: 1496270098.049038 14 6 21 0x7f2055800380 0x7f5301c111a8 1 -1 16 1354 53
get: 1496270098.049144 14 6 21 0x7f2055800340 0x7f5301c16140 1 -1 16 1354 53
get: 1496270098.049276 14 6 21 0x7f2055800350 0x7f5301c11160 1 -1 16 1354 53
get: 1496270098.049383 14 6 21 0x7f20557fff28 0x7f530120e160 1 -1 8 492 26
get: 1496270098.049433 14 6 21 0x7f20557fff30 0x7f530120e158 1 -1 8 492 26
get: 1496270098.049516 14 6 21 0x7f2055800380 0x7f5301c111a8 1 -1 16 1354 53
get: 1496270098.049630 14 6 21 0x7f2055800340 0x7f5301c16150 1 -1 16 1354 53
get: 1496270098.049692 14 6 21 0x7f2055800350 0x7f5301c11160 1 -1 16 1354 53
get: 1496270098.049743 14 6 21 0x7f20557fff28 0x7f530120e160 1 -1 8 492 26
get: 1496270098.049926 14 6 21 0x7f20557fff30 0x7f530120e158 1 -1 8 492 26
get: 1496270098.050048 14 6 21 0x7f2055800380 0x7f5301c111a8 1 -1 16 1354 53
get: 1496270098.050169 14 6 21 0x7f2055800340 0x7f5301c16160 1 -1 16 1354 53
get: 1496270098.050294 14 6 21 0x7f2055800350 0x7f5301c11160 1 -1 16 1354 53
get: 1496270098.050415 14 6 21 0x7f20557fff28 0x7f530120e160 1 -1 8 492 26
get: 1496270098.050537 14 6 21 0x7f20557fff30 0x7f530120e158 1 -1 8 492 26
get: 1496270098.050629 14 6 21 0x7f2055800380 0x7f5301c111a8 1 -1 16 1354 53
get: 1496270098.050717 14 6 21 0x7f2055800340 0x7f5301c16170 1 -1 16 1354 53
get: 1496270098.050809 14 6 21 0x7f2055800350 0x7f5301c11160 1 -1 16 1354 53
get: 1496270098.050896 14 6 21 0x7f20557fff28 0x7f530120e160 1 -1 8 492 26
get: 1496270098.050944 14 6 21 0x7f20557fff30 0x7f530120e158 1 -1 8 492 26
get: 1496270098.051035 14 6 21 0x7f2055800380 0x7f5301c111a8 1 -1 16 1354 53
get: 1496270098.051150 14 6 21 0x7f2055800340 0x7f5301c16180 1 -1 16 1354 53
get: 1496270098.051234 14 6 21 0x7f2055800350 0x7f5301c11160 1 -1 16 1354 53
get: 1496270098.051314 14 6 21 0x7f20557fff28 0x7f530120e160 1 -1 8 492 26
get: 1496270098.051437 14 6 21 0x7f20557fff30 0x7f530120e158 1 -1 8 492 26
get: 1496270098.051600 14 6 21 0x7f2055800380 0x7f5301c111a8 1 -1 16 1354 53
get: 1496270098.051723 14 6 21 0x7f2055800340 0x7f5301c16190 1 -1 16 1354 53
get: 1496270098.051809 14 6 21 0x7f2055800350 0x7f5301c11160 1 -1 16 1354 53
get: 1496270098.051895 14 6 21 0x7f20557fff28 0x7f530120e160 1 -1 8 492 26
get: 1496270098.051979 14 6 21 0x7f20557fff30 0x7f530120e158 1 -1 8 492 26
get: 1496270098.052071 14 6 21 0x7f2055800380 0x7f5301c111a8 1 -1 16 1354 53
get: 1496270098.052161 14 6 21 0x7f2055800340 0x7f5301c161a0 1 -1 16 1354 53
get: 1496270098.052287 14 6 21 0x7f2055800350 0x7f5301c11160 1 -1 16 1354 53
get: 1496270098.052373 14 6 21 0x7f20557fff28 0x7f530120e160 1 -1 8 492 26
get: 1496270098.052455 14 6 21 0x7f20557fff30 0x7f530120e158 1 -1 8 492 26
get: 1496270098.052542 14 6 21 0x7f2055800380 0x7f5301c111a8 1 -1 16 1354 53
get: 1496270098.052631 14 6 21 0x7f2055800340 0x7f5301c161b0 1 -1 16 1354 53
get: 1496270098.052715 14 6 21 0x7f2055800350 0x7f5301c11160 1 -1 16 1354 53
get: 1496270098.052798 14 6 21 0x7f20557fff28 0x7f530120e160 1 -1 8 492 26
get: 1496270098.052846 14 6 21 0x7f20557fff30 0x7f530120e158 1 -1 8 492 26
get: 1496270098.052895 14 6 21 0x7f2055800380 0x7f5301c111a8 1 -1 16 1354 53
get: 1496270098.052944 14 6 21 0x7f2055800340 0x7f5301c161c0 1 -1 16 1354 53
get: 1496270098.053014 14 6 21 0x7f2055800350 0x7f5301c11160 1 -1 16 1354 53
get: 1496270098.053189 14 6 21 0x7f20557fff28 0x7f530120e160 1 -1 8 492 26
get: 1496270098.053293 14 6 21 0x7f20557fff30 0x7f530120e158 1 -1 8 492 26
get: 1496270098.053388 14 6 21 0x7f2055800380 0x7f5301c111a8 1 -1 16 1354 53
get: 1496270098.053526 14 6 21 0x7f2055800340 0x7f5301c161d0 1 -1 16 1354 53
get: 1496270098.053651 14 6 21 0x7f2055800350 0x7f5301c11160 1 -1 16 1354 53
get: 1496270098.053778 14 6 21 0x7f20557fff28 0x7f530120e160 1 -1 8 492 26
get: 1496270098.053876 14 6 21 0x7f20557fff30 0x7f530120e158 1 -1 8 492 26
get: 1496270098.054008 14 6 21 0x7f2055800380 0x7f5301c111a8 1 -1 16 1354 53
get: 1496270098.054195 14 6 21 0x7f2055800340 0x7f5301c161e0 1 -1 16 1354 53
get: 1496270098.054301 14 6 21 0x7f2055800350 0x7f5301c11160 1 -1 16 1354 53
get: 1496270098.054401 14 6 21 0x7f20557fff28 0x7f530120e160 1 -1 8 492 26
get: 1496270098.054507 14 6 21 0x7f20557fff30 0x7f530120e158 1 -1 8 492 26
get: 1496270098.054628 14 6 21 0x7f2055800380 0x7f5301c111a8 1 -1 16 1354 53
get: 1496270098.054726 14 6 21 0x7f2055800340 0x7f5301c161f0 1 -1 16 1354 53
task: 1496270098.054856 14 22 21 L 215 28 24
task: 1496270098.054877 14 23 21 L 218 28 31
Btask: 1496270098.054910 14 22
Btask: 1496270098.054921 14 23
Etask: 1496270098.054925 14 22
Etask: 1496270098.054932 14 23
Etask: 1496270098.054955 14 21
task: 1496270098.065010 14 24 1 O 0 -5 129
Btask: 1496270098.065241 14 24
get: 1496270098.065788 14 0 24 0x7f2050800930 0x7f559201d568 1 -1 16 1002 53
get: 1496270098.066195 14 0 24 0x7f2050800650 0x7f55921114c0 1 -1 16 753 53
get: 1496270098.066319 14 0 24 0x7f2050800670 0x7f5592111520 1 -1 16 753 53
get: 1496270098.066419 14 0 24 0x7f2050800528 0x7f55921104e0 1 -1 8 492 26
get: 1496270098.066603 14 0 24 0x7f2050800530 0x7f55921104d8 1 -1 8 492 26
get: 1496270098.066722 14 0 24 0x7f20508006a0 0x7f5592111568 1 -1 16 753 53
get: 1496270098.066819 14 0 24 0x7f2050800660 0x7f55920515e0 1 -1 16 753 53
get: 1496270098.066872 14 0 24 0x7f2050800970 0x7f559201d580 1 -1 16 1003 53
get: 1496270098.066922 14 0 24 0x7f2050800980 0x7f5592111660 1 -1 16 1003 53
get: 1496270098.066981 14 0 24 0x7f2050800768 0x7f55921104e0 1 -1 8 492 26
get: 1496270098.067106 14 0 24 0x7f2050800770 0x7f55921104d8 1 -1 8 492 26
get: 1496270098.067238 14 0 24 0x7f20508009b0 0x7f55921116a8 1 -1 16 1003 53
put: 1496270098.067378 14 0 24 0x7f2050800a50 0x7f55920517e0 1 -1 16 1003 53
f_executeOn: 1496270098.067483 14 0 -2 18 0x7f2050800e70 112 24
Etask: 1496270098.067573 14 24
task: 1496270098.089376 14 25 4 O 0 -5 32
Btask: 1496270098.089540 14 25
get: 1496270098.089610 14 6 25 0x7f204b800330 0x7f530184b040 1 -1 16 1354 53
get: 1496270098.089761 14 6 25 0x7f204b800350 0x7f5301852020 1 -1 16 1354 53
get: 1496270098.089892 14 6 25 0x7f204b7fff28 0x7f530120e160 1 -1 8 492 26
get: 1496270098.090023 14 6 25 0x7f204b7fff30 0x7f530120e158 1 -1 8 492 26
get: 1496270098.090119 14 6 25 0x7f204b800380 0x7f5301852068 1 -1 16 1354 53
get: 1496270098.090206 14 6 25 0x7f204b800340 0x7f5301857000 1 -1 16 1354 53
get: 1496270098.090301 14 6 25 0x7f204b800350 0x7f5301852020 1 -1 16 1354 53
get: 1496270098.090409 14 6 25 0x7f204b7fff28 0x7f530120e160 1 -1 8 492 26
get: 1496270098.090536 14 6 25 0x7f204b7fff30 0x7f530120e158 1 -1 8 492 26
get: 1496270098.090633 14 6 25 0x7f204b800380 0x7f5301852068 1 -1 16 1354 53
get: 1496270098.090759 14 6 25 0x7f204b800340 0x7f5301857010 1 -1 16 1354 53
get: 1496270098.090888 14 6 25 0x7f204b800350 0x7f5301852020 1 -1 16 1354 53
get: 1496270098.091037 14 6 25 0x7f204b7fff28 0x7f530120e160 1 -1 8 492 26
get: 1496270098.091185 14 6 25 0x7f204b7fff30 0x7f530120e158 1 -1 8 492 26
get: 1496270098.091284 14 6 25 0x7f204b800380 0x7f5301852068 1 -1 16 1354 53
get: 1496270098.091417 14 6 25 0x7f204b800340 0x7f5301857020 1 -1 16 1354 53
get: 1496270098.091556 14 6 25 0x7f204b800350 0x7f5301852020 1 -1 16 1354 53
get: 1496270098.091656 14 6 25 0x7f204b7fff28 0x7f530120e160 1 -1 8 492 26
get: 1496270098.091756 14 6 25 0x7f204b7fff30 0x7f530120e158 1 -1 8 492 26
get: 1496270098.091854 14 6 25 0x7f204b800380 0x7f5301852068 1 -1 16 1354 53
get: 1496270098.091946 14 6 25 0x7f204b800340 0x7f5301857030 1 -1 16 1354 53
get: 1496270098.092042 14 6 25 0x7f204b800350 0x7f5301852020 1 -1 16 1354 53
get: 1496270098.092134 14 6 25 0x7f204b7fff28 0x7f530120e160 1 -1 8 492 26
get: 1496270098.092225 14 6 25 0x7f204b7fff30 0x7f530120e158 1 -1 8 492 26
get: 1496270098.092316 14 6 25 0x7f204b800380 0x7f5301852068 1 -1 16 1354 53
get: 1496270098.092373 14 6 25 0x7f204b800340 0x7f5301857040 1 -1 16 1354 53
get: 1496270098.092428 14 6 25 0x7f204b800350 0x7f5301852020 1 -1 16 1354 53
get: 1496270098.092482 14 6 25 0x7f204b7fff28 0x7f530120e160 1 -1 8 492 26
get: 1496270098.092572 14 6 25 0x7f204b7fff30 0x7f530120e158 1 -1 8 492 26
get: 1496270098.092704 14 6 25 0x7f204b800380 0x7f5301852068 1 -1 16 1354 53
get: 1496270098.092841 14 6 25 0x7f204b800340 0x7f5301857050 1 -1 16 1354 53
get: 1496270098.092978 14 6 25 0x7f204b800350 0x7f5301852020 1 -1 16 1354 53
get: 1496270098.093109 14 6 25 0x7f204b7fff28 0x7f530120e160 1 -1 8 492 26
get: 1496270098.093271 14 6 25 0x7f204b7fff30 0x7f530120e158 1 -1 8 492 26
get: 1496270098.093389 14 6 25 0x7f204b800380 0x7f5301852068 1 -1 16 1354 53
get: 1496270098.093521 14 6 25 0x7f204b800340 0x7f5301857060 1 -1 16 1354 53
get: 1496270098.093657 14 6 25 0x7f204b800350 0x7f5301852020 1 -1 16 1354 53
get: 1496270098.093762 14 6 25 0x7f204b7fff28 0x7f530120e160 1 -1 8 492 26
get: 1496270098.093918 14 6 25 0x7f204b7fff30 0x7f530120e158 1 -1 8 492 26
get: 1496270098.094043 14 6 25 0x7f204b800380 0x7f5301852068 1 -1 16 1354 53
get: 1496270098.094173 14 6 25 0x7f204b800340 0x7f5301857070 1 -1 16 1354 53
get: 1496270098.094300 14 6 25 0x7f204b800350 0x7f5301852020 1 -1 16 1354 53
get: 1496270098.094437 14 6 25 0x7f204b7fff28 0x7f530120e160 1 -1 8 492 26
get: 1496270098.094559 14 6 25 0x7f204b7fff30 0x7f530120e158 1 -1 8 492 26
get: 1496270098.094643 14 6 25 0x7f204b800380 0x7f5301852068 1 -1 16 1354 53
get: 1496270098.094769 14 6 25 0x7f204b800340 0x7f5301857080 1 -1 16 1354 53
get: 1496270098.094863 14 6 25 0x7f204b800350 0x7f5301852020 1 -1 16 1354 53
get: 1496270098.094962 14 6 25 0x7f204b7fff28 0x7f530120e160 1 -1 8 492 26
get: 1496270098.095059 14 6 25 0x7f204b7fff30 0x7f530120e158 1 -1 8 492 26
get: 1496270098.095151 14 6 25 0x7f204b800380 0x7f5301852068 1 -1 16 1354 53
get: 1496270098.095276 14 6 25 0x7f204b800340 0x7f5301857090 1 -1 16 1354 53
get: 1496270098.095407 14 6 25 0x7f204b800350 0x7f5301852020 1 -1 16 1354 53
get: 1496270098.095491 14 6 25 0x7f204b7fff28 0x7f530120e160 1 -1 8 492 26
get: 1496270098.095609 14 6 25 0x7f204b7fff30 0x7f530120e158 1 -1 8 492 26
get: 1496270098.095737 14 6 25 0x7f204b800380 0x7f5301852068 1 -1 16 1354 53
get: 1496270098.095856 14 6 25 0x7f204b800340 0x7f53018570a0 1 -1 16 1354 53
get: 1496270098.095981 14 6 25 0x7f204b800350 0x7f5301852020 1 -1 16 1354 53
get: 1496270098.096076 14 6 25 0x7f204b7fff28 0x7f530120e160 1 -1 8 492 26
get: 1496270098.096167 14 6 25 0x7f204b7fff30 0x7f530120e158 1 -1 8 492 26
get: 1496270098.096311 14 6 25 0x7f204b800380 0x7f5301852068 1 -1 16 1354 53
get: 1496270098.096401 14 6 25 0x7f204b800340 0x7f53018570b0 1 -1 16 1354 53
get: 1496270098.096525 14 6 25 0x7f204b800350 0x7f5301852020 1 -1 16 1354 53
get: 1496270098.096615 14 6 25 0x7f204b7fff28 0x7f530120e160 1 -1 8 492 26
get: 1496270098.096750 14 6 25 0x7f204b7fff30 0x7f530120e158 1 -1 8 492 26
get: 1496270098.096837 14 6 25 0x7f204b800380 0x7f5301852068 1 -1 16 1354 53
get: 1496270098.096925 14 6 25 0x7f204b800340 0x7f53018570c0 1 -1 16 1354 53
get: 1496270098.097020 14 6 25 0x7f204b800350 0x7f5301852020 1 -1 16 1354 53
get: 1496270098.097113 14 6 25 0x7f204b7fff28 0x7f530120e160 1 -1 8 492 26
get: 1496270098.097252 14 6 25 0x7f204b7fff30 0x7f530120e158 1 -1 8 492 26
get: 1496270098.097338 14 6 25 0x7f204b800380 0x7f5301852068 1 -1 16 1354 53
get: 1496270098.097433 14 6 25 0x7f204b800340 0x7f53018570d0 1 -1 16 1354 53
get: 1496270098.097556 14 6 25 0x7f204b800350 0x7f5301852020 1 -1 16 1354 53
get: 1496270098.097673 14 6 25 0x7f204b7fff28 0x7f530120e160 1 -1 8 492 26
get: 1496270098.097765 14 6 25 0x7f204b7fff30 0x7f530120e158 1 -1 8 492 26
get: 1496270098.097850 14 6 25 0x7f204b800380 0x7f5301852068 1 -1 16 1354 53
get: 1496270098.097943 14 6 25 0x7f204b800340 0x7f53018570e0 1 -1 16 1354 53
get: 1496270098.097996 14 6 25 0x7f204b800350 0x7f5301852020 1 -1 16 1354 53
get: 1496270098.098091 14 6 25 0x7f204b7fff28 0x7f530120e160 1 -1 8 492 26
get: 1496270098.098188 14 6 25 0x7f204b7fff30 0x7f530120e158 1 -1 8 492 26
get: 1496270098.098305 14 6 25 0x7f204b800380 0x7f5301852068 1 -1 16 1354 53
get: 1496270098.098443 14 6 25 0x7f204b800340 0x7f53018570f0 1 -1 16 1354 53
task: 1496270098.098575 14 26 25 L 215 28 24
task: 1496270098.098590 14 27 25 L 218 28 31
Btask: 1496270098.098634 14 26
Btask: 1496270098.098635 14 27
Etask: 1496270098.098648 14 26
Etask: 1496270098.098655 14 27
Etask: 1496270098.098673 14 25
task: 1496270098.113046 14 28 1 O 0 -5 129
Btask: 1496270098.113240 14 28
get: 1496270098.113253 14 0 28 0x7f2046800930 0x7f559201d5d8 1 -1 16 1002 53
get: 1496270098.117139 14 0 28 0x7f2046800650 0x7f55921114c0 1 -1 16 753 53
get: 1496270098.117322 14 0 28 0x7f2046800670 0x7f5592111520 1 -1 16 753 53
get: 1496270098.117441 14 0 28 0x7f2046800528 0x7f55921104e0 1 -1 8 492 26
get: 1496270098.117554 14 0 28 0x7f2046800530 0x7f55921104d8 1 -1 8 492 26
get: 1496270098.117632 14 0 28 0x7f20468006a0 0x7f5592111568 1 -1 16 753 53
get: 1496270098.117746 14 0 28 0x7f2046800660 0x7f55920515e0 1 -1 16 753 53
get: 1496270098.117861 14 0 28 0x7f2046800970 0x7f559201d5f0 1 -1 16 1003 53
get: 1496270098.117975 14 0 28 0x7f2046800980 0x7f5592111700 1 -1 16 1003 53
get: 1496270098.118089 14 0 28 0x7f2046800768 0x7f55921104e0 1 -1 8 492 26
get: 1496270098.118202 14 0 28 0x7f2046800770 0x7f55921104d8 1 -1 8 492 26
get: 1496270098.118315 14 0 28 0x7f20468009b0 0x7f5592111748 1 -1 16 1003 53
put: 1496270098.118464 14 0 28 0x7f2046800a50 0x7f55920518e0 1 -1 16 1003 53
f_executeOn: 1496270098.118587 14 0 -2 18 0x7f2046800e70 112 28
Etask: 1496270098.118706 14 28
task: 1496270098.138550 14 29 4 O 0 -5 32
Btask: 1496270098.138723 14 29
get: 1496270098.138793 14 6 29 0x7f2041800330 0x7f5301413040 1 -1 16 1354 53
get: 1496270098.138974 14 6 29 0x7f2041800350 0x7f530141a020 1 -1 16 1354 53
get: 1496270098.139097 14 6 29 0x7f20417fff28 0x7f530120e160 1 -1 8 492 26
get: 1496270098.139219 14 6 29 0x7f20417fff30 0x7f530120e158 1 -1 8 492 26
get: 1496270098.139355 14 6 29 0x7f2041800380 0x7f530141a068 1 -1 16 1354 53
get: 1496270098.139499 14 6 29 0x7f2041800340 0x7f530141f000 1 -1 16 1354 53
get: 1496270098.139636 14 6 29 0x7f2041800350 0x7f530141a020 1 -1 16 1354 53
get: 1496270098.139732 14 6 29 0x7f20417fff28 0x7f530120e160 1 -1 8 492 26
get: 1496270098.139784 14 6 29 0x7f20417fff30 0x7f530120e158 1 -1 8 492 26
get: 1496270098.139876 14 6 29 0x7f2041800380 0x7f530141a068 1 -1 16 1354 53
get: 1496270098.140005 14 6 29 0x7f2041800340 0x7f530141f010 1 -1 16 1354 53
get: 1496270098.140142 14 6 29 0x7f2041800350 0x7f530141a020 1 -1 16 1354 53
get: 1496270098.140240 14 6 29 0x7f20417fff28 0x7f530120e160 1 -1 8 492 26
get: 1496270098.140327 14 6 29 0x7f20417fff30 0x7f530120e158 1 -1 8 492 26
get: 1496270098.140416 14 6 29 0x7f2041800380 0x7f530141a068 1 -1 16 1354 53
get: 1496270098.140507 14 6 29 0x7f2041800340 0x7f530141f020 1 -1 16 1354 53
get: 1496270098.140635 14 6 29 0x7f2041800350 0x7f530141a020 1 -1 16 1354 53
get: 1496270098.140687 14 6 29 0x7f20417fff28 0x7f530120e160 1 -1 8 492 26
get: 1496270098.140740 14 6 29 0x7f20417fff30 0x7f530120e158 1 -1 8 492 26
get: 1496270098.140791 14 6 29 0x7f2041800380 0x7f530141a068 1 -1 16 1354 53
get: 1496270098.140843 14 6 29 0x7f2041800340 0x7f530141f030 1 -1 16 1354 53
get: 1496270098.140896 14 6 29 0x7f2041800350 0x7f530141a020 1 -1 16 1354 53
get: 1496270098.140947 14 6 29 0x7f20417fff28 0x7f530120e160 1 -1 8 492 26
get: 1496270098.140996 14 6 29 0x7f20417fff30 0x7f530120e158 1 -1 8 492 26
get: 1496270098.141087 14 6 29 0x7f2041800380 0x7f530141a068 1 -1 16 1354 53
get: 1496270098.141175 14 6 29 0x7f2041800340 0x7f530141f040 1 -1 16 1354 53
get: 1496270098.141277 14 6 29 0x7f2041800350 0x7f530141a020 1 -1 16 1354 53
get: 1496270098.141372 14 6 29 0x7f20417fff28 0x7f530120e160 1 -1 8 492 26
get: 1496270098.141536 14 6 29 0x7f20417fff30 0x7f530120e158 1 -1 8 492 26
get: 1496270098.141660 14 6 29 0x7f2041800380 0x7f530141a068 1 -1 16 1354 53
get: 1496270098.141778 14 6 29 0x7f2041800340 0x7f530141f050 1 -1 16 1354 53
get: 1496270098.141908 14 6 29 0x7f2041800350 0x7f530141a020 1 -1 16 1354 53
get: 1496270098.142010 14 6 29 0x7f20417fff28 0x7f530120e160 1 -1 8 492 26
get: 1496270098.142135 14 6 29 0x7f20417fff30 0x7f530120e158 1 -1 8 492 26
get: 1496270098.142276 14 6 29 0x7f2041800380 0x7f530141a068 1 -1 16 1354 53
get: 1496270098.142374 14 6 29 0x7f2041800340 0x7f530141f060 1 -1 16 1354 53
get: 1496270098.142474 14 6 29 0x7f2041800350 0x7f530141a020 1 -1 16 1354 53
get: 1496270098.142578 14 6 29 0x7f20417fff28 0x7f530120e160 1 -1 8 492 26
get: 1496270098.142739 14 6 29 0x7f20417fff30 0x7f530120e158 1 -1 8 492 26
get: 1496270098.142842 14 6 29 0x7f2041800380 0x7f530141a068 1 -1 16 1354 53
get: 1496270098.142941 14 6 29 0x7f2041800340 0x7f530141f070 1 -1 16 1354 53
get: 1496270098.143069 14 6 29 0x7f2041800350 0x7f530141a020 1 -1 16 1354 53
get: 1496270098.143202 14 6 29 0x7f20417fff28 0x7f530120e160 1 -1 8 492 26
get: 1496270098.143305 14 6 29 0x7f20417fff30 0x7f530120e158 1 -1 8 492 26
get: 1496270098.143441 14 6 29 0x7f2041800380 0x7f530141a068 1 -1 16 1354 53
get: 1496270098.143545 14 6 29 0x7f2041800340 0x7f530141f080 1 -1 16 1354 53
get: 1496270098.143651 14 6 29 0x7f2041800350 0x7f530141a020 1 -1 16 1354 53
get: 1496270098.143752 14 6 29 0x7f20417fff28 0x7f530120e160 1 -1 8 492 26
get: 1496270098.143881 14 6 29 0x7f20417fff30 0x7f530120e158 1 -1 8 492 26
get: 1496270098.143969 14 6 29 0x7f2041800380 0x7f530141a068 1 -1 16 1354 53
get: 1496270098.144072 14 6 29 0x7f2041800340 0x7f530141f090 1 -1 16 1354 53
get: 1496270098.144179 14 6 29 0x7f2041800350 0x7f530141a020 1 -1 16 1354 53
get: 1496270098.144305 14 6 29 0x7f20417fff28 0x7f530120e160 1 -1 8 492 26
get: 1496270098.144450 14 6 29 0x7f20417fff30 0x7f530120e158 1 -1 8 492 26
get: 1496270098.144586 14 6 29 0x7f2041800380 0x7f530141a068 1 -1 16 1354 53
get: 1496270098.144688 14 6 29 0x7f2041800340 0x7f530141f0a0 1 -1 16 1354 53
get: 1496270098.144840 14 6 29 0x7f2041800350 0x7f530141a020 1 -1 16 1354 53
get: 1496270098.144950 14 6 29 0x7f20417fff28 0x7f530120e160 1 -1 8 492 26
get: 1496270098.145112 14 6 29 0x7f20417fff30 0x7f530120e158 1 -1 8 492 26
get: 1496270098.145226 14 6 29 0x7f2041800380 0x7f530141a068 1 -1 16 1354 53
get: 1496270098.145326 14 6 29 0x7f2041800340 0x7f530141f0b0 1 -1 16 1354 53
get: 1496270098.145477 14 6 29 0x7f2041800350 0x7f530141a020 1 -1 16 1354 53
get: 1496270098.145580 14 6 29 0x7f20417fff28 0x7f530120e160 1 -1 8 492 26
get: 1496270098.145690 14 6 29 0x7f20417fff30 0x7f530120e158 1 -1 8 492 26
get: 1496270098.145820 14 6 29 0x7f2041800380 0x7f530141a068 1 -1 16 1354 53
get: 1496270098.145917 14 6 29 0x7f2041800340 0x7f530141f0c0 1 -1 16 1354 53
get: 1496270098.146019 14 6 29 0x7f2041800350 0x7f530141a020 1 -1 16 1354 53
get: 1496270098.146147 14 6 29 0x7f20417fff28 0x7f530120e160 1 -1 8 492 26
get: 1496270098.146240 14 6 29 0x7f20417fff30 0x7f530120e158 1 -1 8 492 26
get: 1496270098.146331 14 6 29 0x7f2041800380 0x7f530141a068 1 -1 16 1354 53
get: 1496270098.146421 14 6 29 0x7f2041800340 0x7f530141f0d0 1 -1 16 1354 53
get: 1496270098.146528 14 6 29 0x7f2041800350 0x7f530141a020 1 -1 16 1354 53
get: 1496270098.146662 14 6 29 0x7f20417fff28 0x7f530120e160 1 -1 8 492 26
get: 1496270098.146761 14 6 29 0x7f20417fff30 0x7f530120e158 1 -1 8 492 26
get: 1496270098.146815 14 6 29 0x7f2041800380 0x7f530141a068 1 -1 16 1354 53
get: 1496270098.146916 14 6 29 0x7f2041800340 0x7f530141f0e0 1 -1 16 1354 53
get: 1496270098.147012 14 6 29 0x7f2041800350 0x7f530141a020 1 -1 16 1354 53
get: 1496270098.147142 14 6 29 0x7f20417fff28 0x7f530120e160 1 -1 8 492 26
get: 1496270098.147274 14 6 29 0x7f20417fff30 0x7f530120e158 1 -1 8 492 26
get: 1496270098.147412 14 6 29 0x7f2041800380 0x7f530141a068 1 -1 16 1354 53
get: 1496270098.147540 14 6 29 0x7f2041800340 0x7f530141f0f0 1 -1 16 1354 53
task: 1496270098.147664 14 30 29 L 215 28 24
task: 1496270098.147687 14 31 29 L 218 28 31
Btask: 1496270098.147748 14 31
Etask: 1496270098.147776 14 31
Btask: 1496270098.149171 14 30
Etask: 1496270098.149210 14 30
Etask: 1496270098.149281 14 29
task: 1496270098.191421 14 32 1 O 0 -5 129
Btask: 1496270098.193260 14 32
get: 1496270098.193298 14 0 32 0x7f203c800930 0x7f559201d648 1 -1 16 1002 53
get: 1496270098.193485 14 0 32 0x7f203c800650 0x7f55921114c0 1 -1 16 753 53
get: 1496270098.205159 14 0 32 0x7f203c800670 0x7f5592111520 1 -1 16 753 53
get: 1496270098.205369 14 0 32 0x7f203c800528 0x7f55921104e0 1 -1 8 492 26
get: 1496270098.205484 14 0 32 0x7f203c800530 0x7f55921104d8 1 -1 8 492 26
get: 1496270098.205572 14 0 32 0x7f203c8006a0 0x7f5592111568 1 -1 16 753 53
get: 1496270098.205692 14 0 32 0x7f203c800660 0x7f55920515e0 1 -1 16 753 53
get: 1496270098.205815 14 0 32 0x7f203c800970 0x7f559201d660 1 -1 16 1003 53
get: 1496270098.205936 14 0 32 0x7f203c800980 0x7f55921117a0 1 -1 16 1003 53
get: 1496270098.206061 14 0 32 0x7f203c800768 0x7f55921104e0 1 -1 8 492 26
get: 1496270098.206205 14 0 32 0x7f203c800770 0x7f55921104d8 1 -1 8 492 26
get: 1496270098.206333 14 0 32 0x7f203c8009b0 0x7f55921117e8 1 -1 16 1003 53
put: 1496270098.206500 14 0 32 0x7f203c800a50 0x7f55920519e0 1 -1 16 1003 53
f_executeOn: 1496270098.206639 14 0 -2 18 0x7f203c800e70 112 32
Etask: 1496270098.206768 14 32
task: 1496270098.227750 14 33 1 O 0 -5 32
Btask: 1496270098.229269 14 33
get: 1496270098.229379 14 6 33 0x7f2037800330 0x7f5301013040 1 -1 16 1354 53
get: 1496270098.233174 14 6 33 0x7f2037800350 0x7f530101a020 1 -1 16 1354 53
get: 1496270098.237152 14 6 33 0x7f20377fff28 0x7f530120e160 1 -1 8 492 26
get: 1496270098.245147 14 6 33 0x7f20377fff30 0x7f530120e158 1 -1 8 492 26
get: 1496270098.253156 14 6 33 0x7f2037800380 0x7f530101a068 1 -1 16 1354 53
get: 1496270098.253453 14 6 33 0x7f2037800340 0x7f530101f000 1 -1 16 1354 53
get: 1496270098.257166 14 6 33 0x7f2037800350 0x7f530101a020 1 -1 16 1354 53
get: 1496270098.261146 14 6 33 0x7f20377fff28 0x7f530120e160 1 -1 8 492 26
get: 1496270098.265153 14 6 33 0x7f20377fff30 0x7f530120e158 1 -1 8 492 26
get: 1496270098.273147 14 6 33 0x7f2037800380 0x7f530101a068 1 -1 16 1354 53
get: 1496270098.281159 14 6 33 0x7f2037800340 0x7f530101f010 1 -1 16 1354 53
get: 1496270098.285158 14 6 33 0x7f2037800350 0x7f530101a020 1 -1 16 1354 53
get: 1496270098.293150 14 6 33 0x7f20377fff28 0x7f530120e160 1 -1 8 492 26
get: 1496270098.297171 14 6 33 0x7f20377fff30 0x7f530120e158 1 -1 8 492 26
get: 1496270098.305154 14 6 33 0x7f2037800380 0x7f530101a068 1 -1 16 1354 53
get: 1496270098.309145 14 6 33 0x7f2037800340 0x7f530101f020 1 -1 16 1354 53
get: 1496270098.313160 14 6 33 0x7f2037800350 0x7f530101a020 1 -1 16 1354 53
get: 1496270098.321155 14 6 33 0x7f20377fff28 0x7f530120e160 1 -1 8 492 26
get: 1496270098.325157 14 6 33 0x7f20377fff30 0x7f530120e158 1 -1 8 492 26
get: 1496270098.337153 14 6 33 0x7f2037800380 0x7f530101a068 1 -1 16 1354 53
get: 1496270098.345150 14 6 33 0x7f2037800340 0x7f530101f030 1 -1 16 1354 53
get: 1496270098.349168 14 6 33 0x7f2037800350 0x7f530101a020 1 -1 16 1354 53
get: 1496270098.353162 14 6 33 0x7f20377fff28 0x7f530120e160 1 -1 8 492 26
get: 1496270098.361176 14 6 33 0x7f20377fff30 0x7f530120e158 1 -1 8 492 26
get: 1496270098.365154 14 6 33 0x7f2037800380 0x7f530101a068 1 -1 16 1354 53
get: 1496270098.373157 14 6 33 0x7f2037800340 0x7f530101f040 1 -1 16 1354 53
get: 1496270098.373520 14 6 33 0x7f2037800350 0x7f530101a020 1 -1 16 1354 53
get: 1496270098.377171 14 6 33 0x7f20377fff28 0x7f530120e160 1 -1 8 492 26
get: 1496270098.381164 14 6 33 0x7f20377fff30 0x7f530120e158 1 -1 8 492 26
get: 1496270098.385168 14 6 33 0x7f2037800380 0x7f530101a068 1 -1 16 1354 53
get: 1496270098.385517 14 6 33 0x7f2037800340 0x7f530101f050 1 -1 16 1354 53
get: 1496270098.385769 14 6 33 0x7f2037800350 0x7f530101a020 1 -1 16 1354 53
get: 1496270098.386035 14 6 33 0x7f20377fff28 0x7f530120e160 1 -1 8 492 26
get: 1496270098.386290 14 6 33 0x7f20377fff30 0x7f530120e158 1 -1 8 492 26
get: 1496270098.386546 14 6 33 0x7f2037800380 0x7f530101a068 1 -1 16 1354 53
get: 1496270098.386793 14 6 33 0x7f2037800340 0x7f530101f060 1 -1 16 1354 53
get: 1496270098.387060 14 6 33 0x7f2037800350 0x7f530101a020 1 -1 16 1354 53
get: 1496270098.387221 14 6 33 0x7f20377fff28 0x7f530120e160 1 -1 8 492 26
get: 1496270098.387367 14 6 33 0x7f20377fff30 0x7f530120e158 1 -1 8 492 26
get: 1496270098.387508 14 6 33 0x7f2037800380 0x7f530101a068 1 -1 16 1354 53
get: 1496270098.387660 14 6 33 0x7f2037800340 0x7f530101f070 1 -1 16 1354 53
get: 1496270098.387809 14 6 33 0x7f2037800350 0x7f530101a020 1 -1 16 1354 53
get: 1496270098.393169 14 6 33 0x7f20377fff28 0x7f530120e160 1 -1 8 492 26
get: 1496270098.397157 14 6 33 0x7f20377fff30 0x7f530120e158 1 -1 8 492 26
get: 1496270098.397428 14 6 33 0x7f2037800380 0x7f530101a068 1 -1 16 1354 53
get: 1496270098.401170 14 6 33 0x7f2037800340 0x7f530101f080 1 -1 16 1354 53
get: 1496270098.405192 14 6 33 0x7f2037800350 0x7f530101a020 1 -1 16 1354 53
get: 1496270098.409153 14 6 33 0x7f20377fff28 0x7f530120e160 1 -1 8 492 26
get: 1496270098.413168 14 6 33 0x7f20377fff30 0x7f530120e158 1 -1 8 492 26
get: 1496270098.417165 14 6 33 0x7f2037800380 0x7f530101a068 1 -1 16 1354 53
get: 1496270098.421165 14 6 33 0x7f2037800340 0x7f530101f090 1 -1 16 1354 53
get: 1496270098.429171 14 6 33 0x7f2037800350 0x7f530101a020 1 -1 16 1354 53
get: 1496270098.433451 14 6 33 0x7f20377fff28 0x7f530120e160 1 -1 8 492 26
get: 1496270098.433725 14 6 33 0x7f20377fff30 0x7f530120e158 1 -1 8 492 26
get: 1496270098.433981 14 6 33 0x7f2037800380 0x7f530101a068 1 -1 16 1354 53
get: 1496270098.434244 14 6 33 0x7f2037800340 0x7f530101f0a0 1 -1 16 1354 53
get: 1496270098.434512 14 6 33 0x7f2037800350 0x7f530101a020 1 -1 16 1354 53
get: 1496270098.434767 14 6 33 0x7f20377fff28 0x7f530120e160 1 -1 8 492 26
get: 1496270098.435019 14 6 33 0x7f20377fff30 0x7f530120e158 1 -1 8 492 26
get: 1496270098.435184 14 6 33 0x7f2037800380 0x7f530101a068 1 -1 16 1354 53
get: 1496270098.435328 14 6 33 0x7f2037800340 0x7f530101f0b0 1 -1 16 1354 53
get: 1496270098.435481 14 6 33 0x7f2037800350 0x7f530101a020 1 -1 16 1354 53
get: 1496270098.435624 14 6 33 0x7f20377fff28 0x7f530120e160 1 -1 8 492 26
get: 1496270098.435767 14 6 33 0x7f20377fff30 0x7f530120e158 1 -1 8 492 26
get: 1496270098.435914 14 6 33 0x7f2037800380 0x7f530101a068 1 -1 16 1354 53
get: 1496270098.436055 14 6 33 0x7f2037800340 0x7f530101f0c0 1 -1 16 1354 53
get: 1496270098.436207 14 6 33 0x7f2037800350 0x7f530101a020 1 -1 16 1354 53
get: 1496270098.436345 14 6 33 0x7f20377fff28 0x7f530120e160 1 -1 8 492 26
get: 1496270098.436480 14 6 33 0x7f20377fff30 0x7f530120e158 1 -1 8 492 26
get: 1496270098.436618 14 6 33 0x7f2037800380 0x7f530101a068 1 -1 16 1354 53
get: 1496270098.436757 14 6 33 0x7f2037800340 0x7f530101f0d0 1 -1 16 1354 53
get: 1496270098.436904 14 6 33 0x7f2037800350 0x7f530101a020 1 -1 16 1354 53
get: 1496270098.437045 14 6 33 0x7f20377fff28 0x7f530120e160 1 -1 8 492 26
get: 1496270098.441176 14 6 33 0x7f20377fff30 0x7f530120e158 1 -1 8 492 26
get: 1496270098.441447 14 6 33 0x7f2037800380 0x7f530101a068 1 -1 16 1354 53
get: 1496270098.441591 14 6 33 0x7f2037800340 0x7f530101f0e0 1 -1 16 1354 53
get: 1496270098.445176 14 6 33 0x7f2037800350 0x7f530101a020 1 -1 16 1354 53
get: 1496270098.445408 14 6 33 0x7f20377fff28 0x7f530120e160 1 -1 8 492 26
get: 1496270098.445549 14 6 33 0x7f20377fff30 0x7f530120e158 1 -1 8 492 26
get: 1496270098.445678 14 6 33 0x7f2037800380 0x7f530101a068 1 -1 16 1354 53
get: 1496270098.445823 14 6 33 0x7f2037800340 0x7f530101f0f0 1 -1 16 1354 53
task: 1496270098.446014 14 34 33 L 215 28 24
task: 1496270098.446048 14 35 33 L 218 28 31
Btask: 1496270098.449195 14 35
Btask: 1496270098.449198 14 34
Etask: 1496270098.449233 14 35
Etask: 1496270098.449240 14 34
Etask: 1496270098.449314 14 33
task: 1496270098.450271 14 36 4 O 0 -5 129
Btask: 1496270098.450475 14 36
get: 1496270098.450495 14 0 36 0x7f2032800930 0x7f559201d6b8 1 -1 16 1002 53
get: 1496270098.450622 14 0 36 0x7f2032800650 0x7f55921114c0 1 -1 16 753 53
get: 1496270098.450735 14 0 36 0x7f2032800670 0x7f5592111520 1 -1 16 753 53
get: 1496270098.450889 14 0 36 0x7f2032800528 0x7f55921104e0 1 -1 8 492 26
get: 1496270098.451040 14 0 36 0x7f2032800530 0x7f55921104d8 1 -1 8 492 26
get: 1496270098.451195 14 0 36 0x7f20328006a0 0x7f5592111568 1 -1 16 753 53
get: 1496270098.451339 14 0 36 0x7f2032800660 0x7f55920515e0 1 -1 16 753 53
get: 1496270098.451479 14 0 36 0x7f2032800970 0x7f559201d6d0 1 -1 16 1003 53
get: 1496270098.451624 14 0 36 0x7f2032800980 0x7f5592111840 1 -1 16 1003 53
get: 1496270098.451778 14 0 36 0x7f2032800768 0x7f55921104e0 1 -1 8 492 26
get: 1496270098.451890 14 0 36 0x7f2032800770 0x7f55921104d8 1 -1 8 492 26
get: 1496270098.451986 14 0 36 0x7f20328009b0 0x7f5592111888 1 -1 16 1003 53
put: 1496270098.452139 14 0 36 0x7f2032800a50 0x7f5592051ae0 1 -1 16 1003 53
f_executeOn: 1496270098.452256 14 0 -2 18 0x7f2032800e70 112 36
Etask: 1496270098.452357 14 36
task: 1496270098.471148 14 37 4 O 0 -5 32
Btask: 1496270098.473286 14 37
get: 1496270098.473420 14 6 37 0x7f202d800330 0x7f5300c10040 1 -1 16 1354 53
get: 1496270098.481170 14 6 37 0x7f202d800350 0x7f5300c17020 1 -1 16 1354 53
get: 1496270098.481443 14 6 37 0x7f202d7fff28 0x7f530120e160 1 -1 8 492 26
get: 1496270098.481541 14 6 37 0x7f202d7fff30 0x7f530120e158 1 -1 8 492 26
get: 1496270098.481627 14 6 37 0x7f202d800380 0x7f5300c17068 1 -1 16 1354 53
get: 1496270098.481726 14 6 37 0x7f202d800340 0x7f5300c1c000 1 -1 16 1354 53
get: 1496270098.485185 14 6 37 0x7f202d800350 0x7f5300c17020 1 -1 16 1354 53
get: 1496270098.485450 14 6 37 0x7f202d7fff28 0x7f530120e160 1 -1 8 492 26
get: 1496270098.485604 14 6 37 0x7f202d7fff30 0x7f530120e158 1 -1 8 492 26
get: 1496270098.485753 14 6 37 0x7f202d800380 0x7f5300c17068 1 -1 16 1354 53
get: 1496270098.485902 14 6 37 0x7f202d800340 0x7f5300c1c010 1 -1 16 1354 53
get: 1496270098.486057 14 6 37 0x7f202d800350 0x7f5300c17020 1 -1 16 1354 53
get: 1496270098.486208 14 6 37 0x7f202d7fff28 0x7f530120e160 1 -1 8 492 26
get: 1496270098.486358 14 6 37 0x7f202d7fff30 0x7f530120e158 1 -1 8 492 26
get: 1496270098.486505 14 6 37 0x7f202d800380 0x7f5300c17068 1 -1 16 1354 53
get: 1496270098.486649 14 6 37 0x7f202d800340 0x7f5300c1c020 1 -1 16 1354 53
get: 1496270098.486808 14 6 37 0x7f202d800350 0x7f5300c17020 1 -1 16 1354 53
get: 1496270098.486960 14 6 37 0x7f202d7fff28 0x7f530120e160 1 -1 8 492 26
get: 1496270098.487108 14 6 37 0x7f202d7fff30 0x7f530120e158 1 -1 8 492 26
get: 1496270098.493167 14 6 37 0x7f202d800380 0x7f5300c17068 1 -1 16 1354 53
get: 1496270098.493418 14 6 37 0x7f202d800340 0x7f5300c1c030 1 -1 16 1354 53
get: 1496270098.493579 14 6 37 0x7f202d800350 0x7f5300c17020 1 -1 16 1354 53
get: 1496270098.493723 14 6 37 0x7f202d7fff28 0x7f530120e160 1 -1 8 492 26
get: 1496270098.493864 14 6 37 0x7f202d7fff30 0x7f530120e158 1 -1 8 492 26
get: 1496270098.494007 14 6 37 0x7f202d800380 0x7f5300c17068 1 -1 16 1354 53
get: 1496270098.494169 14 6 37 0x7f202d800340 0x7f5300c1c040 1 -1 16 1354 53
get: 1496270098.494322 14 6 37 0x7f202d800350 0x7f5300c17020 1 -1 16 1354 53
get: 1496270098.494467 14 6 37 0x7f202d7fff28 0x7f530120e160 1 -1 8 492 26
get: 1496270098.494603 14 6 37 0x7f202d7fff30 0x7f530120e158 1 -1 8 492 26
get: 1496270098.494699 14 6 37 0x7f202d800380 0x7f5300c17068 1 -1 16 1354 53
get: 1496270098.494830 14 6 37 0x7f202d800340 0x7f5300c1c050 1 -1 16 1354 53
get: 1496270098.494969 14 6 37 0x7f202d800350 0x7f5300c17020 1 -1 16 1354 53
get: 1496270098.495106 14 6 37 0x7f202d7fff28 0x7f530120e160 1 -1 8 492 26
get: 1496270098.495240 14 6 37 0x7f202d7fff30 0x7f530120e158 1 -1 8 492 26
get: 1496270098.495376 14 6 37 0x7f202d800380 0x7f5300c17068 1 -1 16 1354 53
get: 1496270098.495511 14 6 37 0x7f202d800340 0x7f5300c1c060 1 -1 16 1354 53
get: 1496270098.495657 14 6 37 0x7f202d800350 0x7f5300c17020 1 -1 16 1354 53
get: 1496270098.495792 14 6 37 0x7f202d7fff28 0x7f530120e160 1 -1 8 492 26
get: 1496270098.495927 14 6 37 0x7f202d7fff30 0x7f530120e158 1 -1 8 492 26
get: 1496270098.496061 14 6 37 0x7f202d800380 0x7f5300c17068 1 -1 16 1354 53
get: 1496270098.496197 14 6 37 0x7f202d800340 0x7f5300c1c070 1 -1 16 1354 53
get: 1496270098.496340 14 6 37 0x7f202d800350 0x7f5300c17020 1 -1 16 1354 53
get: 1496270098.496474 14 6 37 0x7f202d7fff28 0x7f530120e160 1 -1 8 492 26
get: 1496270098.496605 14 6 37 0x7f202d7fff30 0x7f530120e158 1 -1 8 492 26
get: 1496270098.496737 14 6 37 0x7f202d800380 0x7f5300c17068 1 -1 16 1354 53
get: 1496270098.496874 14 6 37 0x7f202d800340 0x7f5300c1c080 1 -1 16 1354 53
get: 1496270098.497016 14 6 37 0x7f202d800350 0x7f5300c17020 1 -1 16 1354 53
get: 1496270098.501165 14 6 37 0x7f202d7fff28 0x7f530120e160 1 -1 8 492 26
get: 1496270098.505165 14 6 37 0x7f202d7fff30 0x7f530120e158 1 -1 8 492 26
get: 1496270098.505417 14 6 37 0x7f202d800380 0x7f5300c17068 1 -1 16 1354 53
get: 1496270098.505556 14 6 37 0x7f202d800340 0x7f5300c1c090 1 -1 16 1354 53
get: 1496270098.505696 14 6 37 0x7f202d800350 0x7f5300c17020 1 -1 16 1354 53
get: 1496270098.505877 14 6 37 0x7f202d7fff28 0x7f530120e160 1 -1 8 492 26
get: 1496270098.506010 14 6 37 0x7f202d7fff30 0x7f530120e158 1 -1 8 492 26
get: 1496270098.506184 14 6 37 0x7f202d800380 0x7f5300c17068 1 -1 16 1354 53
get: 1496270098.506333 14 6 37 0x7f202d800340 0x7f5300c1c0a0 1 -1 16 1354 53
get: 1496270098.506471 14 6 37 0x7f202d800350 0x7f5300c17020 1 -1 16 1354 53
get: 1496270098.506597 14 6 37 0x7f202d7fff28 0x7f530120e160 1 -1 8 492 26
get: 1496270098.506726 14 6 37 0x7f202d7fff30 0x7f530120e158 1 -1 8 492 26
get: 1496270098.506856 14 6 37 0x7f202d800380 0x7f5300c17068 1 -1 16 1354 53
get: 1496270098.506991 14 6 37 0x7f202d800340 0x7f5300c1c0b0 1 -1 16 1354 53
get: 1496270098.507125 14 6 37 0x7f202d800350 0x7f5300c17020 1 -1 16 1354 53
get: 1496270098.507253 14 6 37 0x7f202d7fff28 0x7f530120e160 1 -1 8 492 26
get: 1496270098.507382 14 6 37 0x7f202d7fff30 0x7f530120e158 1 -1 8 492 26
get: 1496270098.507511 14 6 37 0x7f202d800380 0x7f5300c17068 1 -1 16 1354 53
get: 1496270098.507603 14 6 37 0x7f202d800340 0x7f5300c1c0c0 1 -1 16 1354 53
get: 1496270098.507736 14 6 37 0x7f202d800350 0x7f5300c17020 1 -1 16 1354 53
get: 1496270098.507863 14 6 37 0x7f202d7fff28 0x7f530120e160 1 -1 8 492 26
get: 1496270098.507992 14 6 37 0x7f202d7fff30 0x7f530120e158 1 -1 8 492 26
get: 1496270098.508121 14 6 37 0x7f202d800380 0x7f5300c17068 1 -1 16 1354 53
get: 1496270098.508250 14 6 37 0x7f202d800340 0x7f5300c1c0d0 1 -1 16 1354 53
get: 1496270098.508385 14 6 37 0x7f202d800350 0x7f5300c17020 1 -1 16 1354 53
get: 1496270098.508516 14 6 37 0x7f202d7fff28 0x7f530120e160 1 -1 8 492 26
get: 1496270098.508608 14 6 37 0x7f202d7fff30 0x7f530120e158 1 -1 8 492 26
get: 1496270098.508735 14 6 37 0x7f202d800380 0x7f5300c17068 1 -1 16 1354 53
get: 1496270098.508867 14 6 37 0x7f202d800340 0x7f5300c1c0e0 1 -1 16 1354 53
get: 1496270098.509001 14 6 37 0x7f202d800350 0x7f5300c17020 1 -1 16 1354 53
get: 1496270098.513163 14 6 37 0x7f202d7fff28 0x7f530120e160 1 -1 8 492 26
get: 1496270098.513418 14 6 37 0x7f202d7fff30 0x7f530120e158 1 -1 8 492 26
get: 1496270098.513559 14 6 37 0x7f202d800380 0x7f5300c17068 1 -1 16 1354 53
get: 1496270098.513703 14 6 37 0x7f202d800340 0x7f5300c1c0f0 1 -1 16 1354 53
task: 1496270098.513883 14 38 37 L 215 28 24
task: 1496270098.513913 14 39 37 L 218 28 31
Btask: 1496270098.513976 14 39
Etask: 1496270098.514002 14 39
Btask: 1496270098.517176 14 38
Etask: 1496270098.517218 14 38
Etask: 1496270098.517303 14 37
task: 1496270098.518950 14 40 4 O 0 -5 158
Btask: 1496270098.521261 14 40
VdbMark: 1496270098.521305 14 40
task: 1496270098.521331 14 41 40 L 98 52 157
Btask: 1496270098.525191 14 41
fork: 1496270098.525260 14 15 -2 158 0x7f2055800dd0 168 41 
Etask: 1496270098.525852 14 41
Tag: 1496270098.525865 0.708000 0.720000 14 40 2
Etask: 1496270098.525957 14 40
task: 1496270098.529155 14 42 1 O 0 -5 164
Btask: 1496270098.533177 14 42
f_executeOn: 1496270098.533323 14 0 -2 18 0x7f205f800e20 112 42
Etask: 1496270098.533540 14 42
task: 1496270098.534288 14 43 4 O 0 -5 158
Btask: 1496270098.537165 14 43
VdbMark: 1496270098.537196 14 43
task: 1496270098.537221 14 44 43 L 98 52 157
Btask: 1496270098.541175 14 44
fork: 1496270098.541219 14 15 -2 158 0x7f205f800dd0 168 44 
Etask: 1496270098.553154 14 44
Tag: 1496270098.553163 0.736000 0.744000 14 43 3
Etask: 1496270098.553242 14 43
task: 1496270098.578733 14 45 4 O 0 -5 158
Btask: 1496270098.581178 14 45
VdbMark: 1496270098.581220 14 45
task: 1496270098.581248 14 46 45 L 98 52 157
Btask: 1496270098.581297 14 46
fork: 1496270098.581311 14 15 -2 158 0x7f2056003dd0 168 46 
Etask: 1496270098.585164 14 46
Tag: 1496270098.585230 0.752000 0.768000 14 45 4
Etask: 1496270098.585286 14 45
task: 1496270098.589172 14 47 1 O 0 -5 162
Btask: 1496270098.589762 14 47
get: 1496270098.589789 14 6 47 0x7f2050800a80 0x7f5301a1d020 1 -1 8 33 51
get: 1496270098.591291 14 6 47 0x7f2050800a90 0x7f5301a1d028 1 -1 16 33 51
get: 1496270098.591494 14 2 47 0x7f20508009c0 0x7fc9cbc1d020 1 -1 8 33 51
get: 1496270098.591633 14 2 47 0x7f20508009d0 0x7fc9cbc1d028 1 -1 16 33 51
task: 1496270098.591751 14 48 47 L 30 51 159
task: 1496270098.591766 14 49 47 L 32 51 161
Btask: 1496270098.591799 14 49
Etask: 1496270098.591810 14 49
Btask: 1496270098.593155 14 48
Etask: 1496270098.593172 14 48
Etask: 1496270098.593210 14 47
task: 1496270098.597157 14 50 1 O 0 -5 158
Btask: 1496270098.597248 14 50
VdbMark: 1496270098.597264 14 50
task: 1496270098.597281 14 51 50 L 98 52 157
Btask: 1496270098.597319 14 51
fork: 1496270098.597331 14 15 -2 158 0x7f2050800dd0 168 51 
Etask: 1496270098.600225 14 51
Tag: 1496270098.600231 0.764000 0.780000 14 50 5
Etask: 1496270098.600281 14 50
task: 1496270098.604737 14 52 4 O 0 -5 158
Btask: 1496270098.605195 14 52
VdbMark: 1496270098.605225 14 52
task: 1496270098.605244 14 53 52 L 98 52 157
Btask: 1496270098.605280 14 53
fork: 1496270098.605293 14 15 -2 158 0x7f2060003dd0 168 53 
Etask: 1496270098.608154 14 53
Tag: 1496270098.608159 0.780000 0.788000 14 52 6
Etask: 1496270098.608207 14 52
task: 1496270098.609210 14 54 4 O 0 -5 168
Btask: 1496270098.613187 14 54
task: 1496270098.613248 14 55 54 L 76 51 165
task: 1496270098.613267 14 56 54 L 78 51 167
task: 1496270098.613277 14 57 54 L 80 51 169
Btask: 1496270098.613328 14 56
Btask: 1496270098.613330 14 57
Etask: 1496270098.613352 14 56
Etask: 1496270098.613366 14 57
Btask: 1496270098.617171 14 55
Etask: 1496270098.617210 14 55
Etask: 1496270098.617300 14 54
task: 1496270098.621204 14 58 1 O 0 -5 158
Btask: 1496270098.625180 14 58
VdbMark: 1496270098.625219 14 58
task: 1496270098.625244 14 59 58 L 98 52 157
Btask: 1496270098.629167 14 59
fork: 1496270098.629205 14 15 -2 158 0x7f2055800dd0 168 59 
Etask: 1496270098.645152 14 59
Tag: 1496270098.645164 0.836000 0.824000 14 58 7
Etask: 1496270098.645263 14 58
task: 1496270098.669233 14 60 4 O 0 -5 158
Btask: 1496270098.673182 14 60
VdbMark: 1496270098.673221 14 60
task: 1496270098.673244 14 61 60 L 98 52 157
Btask: 1496270098.677163 14 61
fork: 1496270098.677196 14 15 -2 158 0x7f2055800dd0 168 61 
Etask: 1496270098.677636 14 61
Tag: 1496270098.677652 0.892000 0.836000 14 60 8
Etask: 1496270098.677735 14 60
task: 1496270098.678942 14 62 4 O 0 -5 171
Btask: 1496270098.679041 14 62
task: 1496270098.679071 14 63 62 L 113 51 170
Btask: 1496270098.679103 14 63
fork: 1496270098.679125 14 15 -2 171 0x7f2055800e60 96 63 
Etask: 1496270098.685168 14 63
Etask: 1496270098.685266 14 62
task: 1496270098.686174 14 64 4 O 0 -5 158
Btask: 1496270098.689178 14 64
VdbMark: 1496270098.689219 14 64
task: 1496270098.689249 14 65 64 L 98 52 157
Btask: 1496270098.693183 14 65
fork: 1496270098.693233 14 15 -2 158 0x7f2055800dd0 168 65 
Etask: 1496270098.697636 14 65
Tag: 1496270098.697649 0.932000 0.852000 14 64 9
Etask: 1496270098.697754 14 64
task: 1496270098.722588 14 66 4 O 0 -5 158
Btask: 1496270098.722692 14 66
VdbMark: 1496270098.722706 14 66
task: 1496270098.722727 14 67 66 L 98 52 157
Btask: 1496270098.722787 14 67
fork: 1496270098.722818 14 15 -2 158 0x7f2050800dd0 168 67 
Etask: 1496270098.724256 14 67
Pause: 1496270098.724272 0.940000 0.876000 14 66 9
VdbMark: 1496270098.729182 14 68
Tag: 1496270098.729696 0.948000 0.880000 14 68 10
Etask: 1496270098.729760 14 68
task: 1496270098.733155 14 70 1 O 0 -5 172
Btask: 1496270098.733225 14 70
get: 1496270098.733239 14 12 70 0x7f2060003e80 0x7f30b3003a98 1 -1 8 157 51
get: 1496270098.733364 14 12 70 0x7f2060003e88 0x7f30b3003a98 1 -1 8 157 51
get: 1496270098.733506 14 12 70 0x7f2060003930 0x7f30f423f000 1 -1 8 157 51
get: 1496270098.733676 14 12 70 0x7f2060003940 0x7f30f423f008 1 -1 16 157 51
get: 1496270098.733807 14 8 70 0x7f2060003870 0x7f71c9a19180 1 -1 8 157 51
get: 1496270098.734017 14 8 70 0x7f2060003880 0x7f71c9a19188 1 -1 16 157 51
fork: 1496270098.734157 14 15 -2 172 0x7f2060003d90 120 70 
Etask: 1496270098.745762 14 70
task: 1496270098.759321 14 71 4 O 0 -5 158
Btask: 1496270098.759456 14 71
VdbMark: 1496270098.759505 14 71
task: 1496270098.759536 14 72 71 L 98 52 157
Btask: 1496270098.759592 14 72
fork: 1496270098.759610 14 15 -2 158 0x7f2050800dd0 168 72 
Etask: 1496270098.760124 14 72
Tag: 1496270098.760134 0.964000 0.900000 14 71 11
Etask: 1496270098.760198 14 71
task: 1496270098.783230 14 73 4 O 0 -5 158
Btask: 1496270098.783320 14 73
VdbMark: 1496270098.783345 14 73
task: 1496270098.783361 14 74 73 L 98 52 157
Btask: 1496270098.783397 14 74
fork: 1496270098.783410 14 15 -2 158 0x7f2055800dd0 168 74 
Etask: 1496270098.784098 14 74
Pause: 1496270098.784102 0.984000 0.912000 14 73 11
VdbMark: 1496270098.787583 14 75
Tag: 1496270098.792201 0.996000 0.916000 14 75 12
Etask: 1496270098.792251 14 75
task: 1496270098.793361 14 77 1 O 0 -5 174
Btask: 1496270098.793447 14 77
get: 1496270098.793462 14 12 77 0x7f2046800a90 0x7f30e9e0f000 1 -1 8 204 51
get: 1496270098.793658 14 12 77 0x7f2046800aa0 0x7f30e9e0f008 1 -1 16 204 51
get: 1496270098.793873 14 8 77 0x7f20468009d0 0x7f71be40f000 1 -1 8 204 51
get: 1496270098.794059 14 8 77 0x7f20468009e0 0x7f71be40f008 1 -1 16 204 51
task: 1496270098.794248 14 78 77 L 201 51 173
Btask: 1496270098.794309 14 78
fork: 1496270098.794327 14 15 -2 174 0x7f2055800e30 120 78 
Etask: 1496270098.804658 14 78
Etask: 1496270098.804685 14 77
task: 1496270098.807988 14 79 1 O 0 -5 158
Btask: 1496270098.809181 14 79
VdbMark: 1496270098.809228 14 79
task: 1496270098.809254 14 80 79 L 98 52 157
Btask: 1496270098.809319 14 80
fork: 1496270098.809346 14 15 -2 158 0x7f2046800dd0 168 80 
Etask: 1496270098.816079 14 80
End: 1496270098.816093 1.040000 0.920000 14 79
